date,value,is_forecast,series_id,model
2020-10-01,0.5300000000000001,False,E-coli__Amikacin__East Midlands,lstm
2020-11-01,0.92,False,E-coli__Amikacin__East Midlands,lstm
2020-12-01,0.93,False,E-coli__Amikacin__East Midlands,lstm
2021-01-01,0.5300000000000001,False,E-coli__Amikacin__East Midlands,lstm
2021-02-01,0.17,False,E-coli__Amikacin__East Midlands,lstm
2021-03-01,0.94,False,E-coli__Amikacin__East Midlands,lstm
2021-04-01,1.59,False,E-coli__Amikacin__East Midlands,lstm
2021-05-01,1.65,False,E-coli__Amikacin__East Midlands,lstm
2021-06-01,1.93,False,E-coli__Amikacin__East Midlands,lstm
2021-07-01,1.64,False,E-coli__Amikacin__East Midlands,lstm
2021-08-01,2.07,False,E-coli__Amikacin__East Midlands,lstm
2021-09-01,1.85,False,E-coli__Amikacin__East Midlands,lstm
2021-10-01,1.52,False,E-coli__Amikacin__East Midlands,lstm
2021-11-01,1.17,False,E-coli__Amikacin__East Midlands,lstm
2021-12-01,0.72,False,E-coli__Amikacin__East Midlands,lstm
2022-01-01,1.9,False,E-coli__Amikacin__East Midlands,lstm
2022-02-01,2.43,False,E-coli__Amikacin__East Midlands,lstm
2022-03-01,2.79,False,E-coli__Amikacin__East Midlands,lstm
2022-04-01,1.99,False,E-coli__Amikacin__East Midlands,lstm
2022-05-01,1.93,False,E-coli__Amikacin__East Midlands,lstm
2022-06-01,1.8,False,E-coli__Amikacin__East Midlands,lstm
2022-07-01,1.94,False,E-coli__Amikacin__East Midlands,lstm
2022-08-01,1.42,False,E-coli__Amikacin__East Midlands,lstm
2022-09-01,1.08,False,E-coli__Amikacin__East Midlands,lstm
2022-10-01,1.26,False,E-coli__Amikacin__East Midlands,lstm
2022-11-01,1.7600000000000002,False,E-coli__Amikacin__East Midlands,lstm
2022-12-01,2.72,False,E-coli__Amikacin__East Midlands,lstm
2023-01-01,2.72,False,E-coli__Amikacin__East Midlands,lstm
2023-02-01,2.33,False,E-coli__Amikacin__East Midlands,lstm
2023-03-01,1.23,False,E-coli__Amikacin__East Midlands,lstm
2023-04-01,1.75,False,E-coli__Amikacin__East Midlands,lstm
2023-05-01,1.94,False,E-coli__Amikacin__East Midlands,lstm
2023-06-01,3.62,False,E-coli__Amikacin__East Midlands,lstm
2023-07-01,3.63,False,E-coli__Amikacin__East Midlands,lstm
2023-08-01,3.4499999999999997,False,E-coli__Amikacin__East Midlands,lstm
2023-09-01,2.85,False,E-coli__Amikacin__East Midlands,lstm
2023-10-01,3.04,False,E-coli__Amikacin__East Midlands,lstm
2023-11-01,3.71,False,E-coli__Amikacin__East Midlands,lstm
2023-12-01,2.9100000000000006,False,E-coli__Amikacin__East Midlands,lstm
2024-01-01,1.9599999999999997,False,E-coli__Amikacin__East Midlands,lstm
2024-02-01,2.9,False,E-coli__Amikacin__East Midlands,lstm
2024-03-01,3.15,False,E-coli__Amikacin__East Midlands,lstm
2024-04-01,4.35,False,E-coli__Amikacin__East Midlands,lstm
2024-05-01,3.3800000000000003,False,E-coli__Amikacin__East Midlands,lstm
2024-06-01,4.17,False,E-coli__Amikacin__East Midlands,lstm
2024-07-01,3.54,False,E-coli__Amikacin__East Midlands,lstm
2024-08-01,2.94,False,E-coli__Amikacin__East Midlands,lstm
2024-09-01,2.37,False,E-coli__Amikacin__East Midlands,lstm
2024-10-01,2.29,False,E-coli__Amikacin__East Midlands,lstm
2024-11-01,3.29,False,E-coli__Amikacin__East Midlands,lstm
2024-12-01,3.42,False,E-coli__Amikacin__East Midlands,lstm
2025-01-01,3.0300000000000002,False,E-coli__Amikacin__East Midlands,lstm
2025-02-01,2.1,False,E-coli__Amikacin__East Midlands,lstm
2025-03-01,3.0999999999999996,False,E-coli__Amikacin__East Midlands,lstm
2025-04-01,4.03,False,E-coli__Amikacin__East Midlands,lstm
2025-05-01,4.89,False,E-coli__Amikacin__East Midlands,lstm
2025-06-01,4.42,False,E-coli__Amikacin__East Midlands,lstm
2025-07-01,3.1277905869729357,True,E-coli__Amikacin__East Midlands,lstm
2025-08-01,3.1301069646668145,True,E-coli__Amikacin__East Midlands,lstm
2025-09-01,3.1002999166285505,True,E-coli__Amikacin__East Midlands,lstm
2025-10-01,3.0667770641449223,True,E-coli__Amikacin__East Midlands,lstm
2025-11-01,3.0459559641275034,True,E-coli__Amikacin__East Midlands,lstm
2025-12-01,3.009898653064619,True,E-coli__Amikacin__East Midlands,lstm
2020-10-01,2.02,False,E-coli__Amikacin__East of England,lstm
2020-11-01,1.05,False,E-coli__Amikacin__East of England,lstm
2020-12-01,1.0,False,E-coli__Amikacin__East of England,lstm
2021-01-01,1.19,False,E-coli__Amikacin__East of England,lstm
2021-02-01,2.39,False,E-coli__Amikacin__East of England,lstm
2021-03-01,2.6799999999999997,False,E-coli__Amikacin__East of England,lstm
2021-04-01,3.9,False,E-coli__Amikacin__East of England,lstm
2021-05-01,3.25,False,E-coli__Amikacin__East of England,lstm
2021-06-01,3.21,False,E-coli__Amikacin__East of England,lstm
2021-07-01,2.35,False,E-coli__Amikacin__East of England,lstm
2021-08-01,2.99,False,E-coli__Amikacin__East of England,lstm
2021-09-01,3.63,False,E-coli__Amikacin__East of England,lstm
2021-10-01,3.03,False,E-coli__Amikacin__East of England,lstm
2021-11-01,2.18,False,E-coli__Amikacin__East of England,lstm
2021-12-01,2.22,False,E-coli__Amikacin__East of England,lstm
2022-01-01,2.71,False,E-coli__Amikacin__East of England,lstm
2022-02-01,2.9,False,E-coli__Amikacin__East of England,lstm
2022-03-01,2.85,False,E-coli__Amikacin__East of England,lstm
2022-04-01,2.88,False,E-coli__Amikacin__East of England,lstm
2022-05-01,2.9099999999999997,False,E-coli__Amikacin__East of England,lstm
2022-06-01,2.84,False,E-coli__Amikacin__East of England,lstm
2022-07-01,3.03,False,E-coli__Amikacin__East of England,lstm
2022-08-01,2.85,False,E-coli__Amikacin__East of England,lstm
2022-09-01,1.94,False,E-coli__Amikacin__East of England,lstm
2022-10-01,1.54,False,E-coli__Amikacin__East of England,lstm
2022-11-01,2.19,False,E-coli__Amikacin__East of England,lstm
2022-12-01,2.24,False,E-coli__Amikacin__East of England,lstm
2023-01-01,3.12,False,E-coli__Amikacin__East of England,lstm
2023-02-01,3.2,False,E-coli__Amikacin__East of England,lstm
2023-03-01,3.86,False,E-coli__Amikacin__East of England,lstm
2023-04-01,3.93,False,E-coli__Amikacin__East of England,lstm
2023-05-01,3.77,False,E-coli__Amikacin__East of England,lstm
2023-06-01,4.49,False,E-coli__Amikacin__East of England,lstm
2023-07-01,4.12,False,E-coli__Amikacin__East of England,lstm
2023-08-01,4.6,False,E-coli__Amikacin__East of England,lstm
2023-09-01,4.81,False,E-coli__Amikacin__East of England,lstm
2023-10-01,5.5,False,E-coli__Amikacin__East of England,lstm
2023-11-01,4.79,False,E-coli__Amikacin__East of England,lstm
2023-12-01,4.01,False,E-coli__Amikacin__East of England,lstm
2024-01-01,3.33,False,E-coli__Amikacin__East of England,lstm
2024-02-01,3.2700000000000005,False,E-coli__Amikacin__East of England,lstm
2024-03-01,3.89,False,E-coli__Amikacin__East of England,lstm
2024-04-01,3.99,False,E-coli__Amikacin__East of England,lstm
2024-05-01,4.04,False,E-coli__Amikacin__East of England,lstm
2024-06-01,3.65,False,E-coli__Amikacin__East of England,lstm
2024-07-01,3.19,False,E-coli__Amikacin__East of England,lstm
2024-08-01,2.51,False,E-coli__Amikacin__East of England,lstm
2024-09-01,2.22,False,E-coli__Amikacin__East of England,lstm
2024-10-01,2.47,False,E-coli__Amikacin__East of England,lstm
2024-11-01,3.4999999999999996,False,E-coli__Amikacin__East of England,lstm
2024-12-01,3.46,False,E-coli__Amikacin__East of England,lstm
2025-01-01,2.9,False,E-coli__Amikacin__East of England,lstm
2025-02-01,2.4,False,E-coli__Amikacin__East of England,lstm
2025-03-01,2.62,False,E-coli__Amikacin__East of England,lstm
2025-04-01,3.71,False,E-coli__Amikacin__East of England,lstm
2025-05-01,3.7,False,E-coli__Amikacin__East of England,lstm
2025-06-01,3.14,False,E-coli__Amikacin__East of England,lstm
2025-07-01,3.4715830009322697,True,E-coli__Amikacin__East of England,lstm
2025-08-01,3.446576423069753,True,E-coli__Amikacin__East of England,lstm
2025-09-01,3.3786847678965053,True,E-coli__Amikacin__East of England,lstm
2025-10-01,3.317180211391936,True,E-coli__Amikacin__East of England,lstm
2025-11-01,3.2370417059030765,True,E-coli__Amikacin__East of England,lstm
2025-12-01,3.143979900107362,True,E-coli__Amikacin__East of England,lstm
2020-10-01,2.47,False,E-coli__Amikacin__London,lstm
2020-11-01,2.77,False,E-coli__Amikacin__London,lstm
2020-12-01,4.17,False,E-coli__Amikacin__London,lstm
2021-01-01,3.41,False,E-coli__Amikacin__London,lstm
2021-02-01,2.52,False,E-coli__Amikacin__London,lstm
2021-03-01,1.29,False,E-coli__Amikacin__London,lstm
2021-04-01,1.49,False,E-coli__Amikacin__London,lstm
2021-05-01,1.88,False,E-coli__Amikacin__London,lstm
2021-06-01,1.7900000000000003,False,E-coli__Amikacin__London,lstm
2021-07-01,1.97,False,E-coli__Amikacin__London,lstm
2021-08-01,1.82,False,E-coli__Amikacin__London,lstm
2021-09-01,1.42,False,E-coli__Amikacin__London,lstm
2021-10-01,1.44,False,E-coli__Amikacin__London,lstm
2021-11-01,2.05,False,E-coli__Amikacin__London,lstm
2021-12-01,2.52,False,E-coli__Amikacin__London,lstm
2022-01-01,2.54,False,E-coli__Amikacin__London,lstm
2022-02-01,2.66,False,E-coli__Amikacin__London,lstm
2022-03-01,3.03,False,E-coli__Amikacin__London,lstm
2022-04-01,2.82,False,E-coli__Amikacin__London,lstm
2022-05-01,2.05,False,E-coli__Amikacin__London,lstm
2022-06-01,1.51,False,E-coli__Amikacin__London,lstm
2022-07-01,1.51,False,E-coli__Amikacin__London,lstm
2022-08-01,2.26,False,E-coli__Amikacin__London,lstm
2022-09-01,2.32,False,E-coli__Amikacin__London,lstm
2022-10-01,2.71,False,E-coli__Amikacin__London,lstm
2022-11-01,3.15,False,E-coli__Amikacin__London,lstm
2022-12-01,3.79,False,E-coli__Amikacin__London,lstm
2023-01-01,3.43,False,E-coli__Amikacin__London,lstm
2023-02-01,3.7200000000000006,False,E-coli__Amikacin__London,lstm
2023-03-01,3.86,False,E-coli__Amikacin__London,lstm
2023-04-01,4.819999999999999,False,E-coli__Amikacin__London,lstm
2023-05-01,4.16,False,E-coli__Amikacin__London,lstm
2023-06-01,4.26,False,E-coli__Amikacin__London,lstm
2023-07-01,3.71,False,E-coli__Amikacin__London,lstm
2023-08-01,3.7,False,E-coli__Amikacin__London,lstm
2023-09-01,3.7700000000000005,False,E-coli__Amikacin__London,lstm
2023-10-01,3.8299999999999996,False,E-coli__Amikacin__London,lstm
2023-11-01,3.7200000000000006,False,E-coli__Amikacin__London,lstm
2023-12-01,3.08,False,E-coli__Amikacin__London,lstm
2024-01-01,3.25,False,E-coli__Amikacin__London,lstm
2024-02-01,3.2,False,E-coli__Amikacin__London,lstm
2024-03-01,3.19,False,E-coli__Amikacin__London,lstm
2024-04-01,3.2,False,E-coli__Amikacin__London,lstm
2024-05-01,3.96,False,E-coli__Amikacin__London,lstm
2024-06-01,3.9699999999999998,False,E-coli__Amikacin__London,lstm
2024-07-01,4.26,False,E-coli__Amikacin__London,lstm
2024-08-01,3.14,False,E-coli__Amikacin__London,lstm
2024-09-01,2.75,False,E-coli__Amikacin__London,lstm
2024-10-01,2.58,False,E-coli__Amikacin__London,lstm
2024-11-01,2.44,False,E-coli__Amikacin__London,lstm
2024-12-01,2.7,False,E-coli__Amikacin__London,lstm
2025-01-01,2.58,False,E-coli__Amikacin__London,lstm
2025-02-01,2.8,False,E-coli__Amikacin__London,lstm
2025-03-01,2.65,False,E-coli__Amikacin__London,lstm
2025-04-01,2.3,False,E-coli__Amikacin__London,lstm
2025-05-01,2.12,False,E-coli__Amikacin__London,lstm
2025-06-01,2.12,False,E-coli__Amikacin__London,lstm
2025-07-01,3.256858623304953,True,E-coli__Amikacin__London,lstm
2025-08-01,3.2678398777816957,True,E-coli__Amikacin__London,lstm
2025-09-01,3.2420502089077385,True,E-coli__Amikacin__London,lstm
2025-10-01,3.1835008592063483,True,E-coli__Amikacin__London,lstm
2025-11-01,3.113840662721773,True,E-coli__Amikacin__London,lstm
2025-12-01,3.056882480415794,True,E-coli__Amikacin__London,lstm
2020-10-01,5.0,False,E-coli__Amikacin__North East,lstm
2020-11-01,4.0,False,E-coli__Amikacin__North East,lstm
2020-12-01,3.3299999999999996,False,E-coli__Amikacin__North East,lstm
2021-01-01,0.0,False,E-coli__Amikacin__North East,lstm
2021-02-01,0.0,False,E-coli__Amikacin__North East,lstm
2021-03-01,0.0,False,E-coli__Amikacin__North East,lstm
2021-04-01,0.0,False,E-coli__Amikacin__North East,lstm
2021-05-01,0.0,False,E-coli__Amikacin__North East,lstm
2021-06-01,0.0,False,E-coli__Amikacin__North East,lstm
2021-07-01,0.0,False,E-coli__Amikacin__North East,lstm
2021-08-01,0.0,False,E-coli__Amikacin__North East,lstm
2021-09-01,0.0,False,E-coli__Amikacin__North East,lstm
2021-10-01,0.0,False,E-coli__Amikacin__North East,lstm
2021-11-01,0.0,False,E-coli__Amikacin__North East,lstm
2021-12-01,0.0,False,E-coli__Amikacin__North East,lstm
2022-01-01,0.0,False,E-coli__Amikacin__North East,lstm
2022-02-01,1.08,False,E-coli__Amikacin__North East,lstm
2022-03-01,0.93,False,E-coli__Amikacin__North East,lstm
2022-04-01,0.89,False,E-coli__Amikacin__North East,lstm
2022-05-01,0.0,False,E-coli__Amikacin__North East,lstm
2022-06-01,0.0,False,E-coli__Amikacin__North East,lstm
2022-07-01,0.0,False,E-coli__Amikacin__North East,lstm
2022-08-01,0.68,False,E-coli__Amikacin__North East,lstm
2022-09-01,1.24,False,E-coli__Amikacin__North East,lstm
2022-10-01,1.34,False,E-coli__Amikacin__North East,lstm
2022-11-01,1.29,False,E-coli__Amikacin__North East,lstm
2022-12-01,0.67,False,E-coli__Amikacin__North East,lstm
2023-01-01,0.62,False,E-coli__Amikacin__North East,lstm
2023-02-01,0.65,False,E-coli__Amikacin__North East,lstm
2023-03-01,1.18,False,E-coli__Amikacin__North East,lstm
2023-04-01,2.73,False,E-coli__Amikacin__North East,lstm
2023-05-01,2.42,False,E-coli__Amikacin__North East,lstm
2023-06-01,2.26,False,E-coli__Amikacin__North East,lstm
2023-07-01,0.0,False,E-coli__Amikacin__North East,lstm
2023-08-01,0.83,False,E-coli__Amikacin__North East,lstm
2023-09-01,0.77,False,E-coli__Amikacin__North East,lstm
2023-10-01,0.81,False,E-coli__Amikacin__North East,lstm
2023-11-01,0.0,False,E-coli__Amikacin__North East,lstm
2023-12-01,4.04,False,E-coli__Amikacin__North East,lstm
2024-01-01,3.9199999999999995,False,E-coli__Amikacin__North East,lstm
2024-02-01,4.67,False,E-coli__Amikacin__North East,lstm
2024-03-01,1.72,False,E-coli__Amikacin__North East,lstm
2024-04-01,3.6999999999999997,False,E-coli__Amikacin__North East,lstm
2024-05-01,2.65,False,E-coli__Amikacin__North East,lstm
2024-06-01,1.87,False,E-coli__Amikacin__North East,lstm
2024-07-01,0.82,False,E-coli__Amikacin__North East,lstm
2024-08-01,0.8399999999999999,False,E-coli__Amikacin__North East,lstm
2024-09-01,0.75,False,E-coli__Amikacin__North East,lstm
2024-10-01,0.8,False,E-coli__Amikacin__North East,lstm
2024-11-01,1.63,False,E-coli__Amikacin__North East,lstm
2024-12-01,2.54,False,E-coli__Amikacin__North East,lstm
2025-01-01,3.79,False,E-coli__Amikacin__North East,lstm
2025-02-01,5.47,False,E-coli__Amikacin__North East,lstm
2025-03-01,4.55,False,E-coli__Amikacin__North East,lstm
2025-04-01,2.46,False,E-coli__Amikacin__North East,lstm
2025-05-01,1.45,False,E-coli__Amikacin__North East,lstm
2025-06-01,2.31,False,E-coli__Amikacin__North East,lstm
2025-07-01,0.8227154902930893,True,E-coli__Amikacin__North East,lstm
2025-08-01,0.7623562560379049,True,E-coli__Amikacin__North East,lstm
2025-09-01,0.9418218600482351,True,E-coli__Amikacin__North East,lstm
2025-10-01,1.3176281522451465,True,E-coli__Amikacin__North East,lstm
2025-11-01,1.8015000148434668,True,E-coli__Amikacin__North East,lstm
2025-12-01,2.3323958068928086,True,E-coli__Amikacin__North East,lstm
2020-10-01,0.25,False,E-coli__Amikacin__North West,lstm
2020-11-01,0.78,False,E-coli__Amikacin__North West,lstm
2020-12-01,0.82,False,E-coli__Amikacin__North West,lstm
2021-01-01,1.16,False,E-coli__Amikacin__North West,lstm
2021-02-01,0.6200000000000001,False,E-coli__Amikacin__North West,lstm
2021-03-01,0.46,False,E-coli__Amikacin__North West,lstm
2021-04-01,0.29,False,E-coli__Amikacin__North West,lstm
2021-05-01,1.21,False,E-coli__Amikacin__North West,lstm
2021-06-01,1.32,False,E-coli__Amikacin__North West,lstm
2021-07-01,1.37,False,E-coli__Amikacin__North West,lstm
2021-08-01,0.74,False,E-coli__Amikacin__North West,lstm
2021-09-01,1.05,False,E-coli__Amikacin__North West,lstm
2021-10-01,1.61,False,E-coli__Amikacin__North West,lstm
2021-11-01,1.85,False,E-coli__Amikacin__North West,lstm
2021-12-01,2.58,False,E-coli__Amikacin__North West,lstm
2022-01-01,2.86,False,E-coli__Amikacin__North West,lstm
2022-02-01,2.9,False,E-coli__Amikacin__North West,lstm
2022-03-01,2.34,False,E-coli__Amikacin__North West,lstm
2022-04-01,2.12,False,E-coli__Amikacin__North West,lstm
2022-05-01,1.83,False,E-coli__Amikacin__North West,lstm
2022-06-01,2.4800000000000004,False,E-coli__Amikacin__North West,lstm
2022-07-01,2.91,False,E-coli__Amikacin__North West,lstm
2022-08-01,3.79,False,E-coli__Amikacin__North West,lstm
2022-09-01,3.24,False,E-coli__Amikacin__North West,lstm
2022-10-01,2.78,False,E-coli__Amikacin__North West,lstm
2022-11-01,3.0,False,E-coli__Amikacin__North West,lstm
2022-12-01,4.25,False,E-coli__Amikacin__North West,lstm
2023-01-01,4.77,False,E-coli__Amikacin__North West,lstm
2023-02-01,4.45,False,E-coli__Amikacin__North West,lstm
2023-03-01,2.8,False,E-coli__Amikacin__North West,lstm
2023-04-01,2.4600000000000004,False,E-coli__Amikacin__North West,lstm
2023-05-01,2.91,False,E-coli__Amikacin__North West,lstm
2023-06-01,3.44,False,E-coli__Amikacin__North West,lstm
2023-07-01,3.23,False,E-coli__Amikacin__North West,lstm
2023-08-01,2.69,False,E-coli__Amikacin__North West,lstm
2023-09-01,2.4300000000000006,False,E-coli__Amikacin__North West,lstm
2023-10-01,3.34,False,E-coli__Amikacin__North West,lstm
2023-11-01,4.09,False,E-coli__Amikacin__North West,lstm
2023-12-01,4.57,False,E-coli__Amikacin__North West,lstm
2024-01-01,4.12,False,E-coli__Amikacin__North West,lstm
2024-02-01,3.8,False,E-coli__Amikacin__North West,lstm
2024-03-01,3.27,False,E-coli__Amikacin__North West,lstm
2024-04-01,3.4999999999999996,False,E-coli__Amikacin__North West,lstm
2024-05-01,3.08,False,E-coli__Amikacin__North West,lstm
2024-06-01,3.28,False,E-coli__Amikacin__North West,lstm
2024-07-01,2.66,False,E-coli__Amikacin__North West,lstm
2024-08-01,2.79,False,E-coli__Amikacin__North West,lstm
2024-09-01,2.5000000000000004,False,E-coli__Amikacin__North West,lstm
2024-10-01,3.19,False,E-coli__Amikacin__North West,lstm
2024-11-01,3.99,False,E-coli__Amikacin__North West,lstm
2024-12-01,4.72,False,E-coli__Amikacin__North West,lstm
2025-01-01,4.3,False,E-coli__Amikacin__North West,lstm
2025-02-01,3.11,False,E-coli__Amikacin__North West,lstm
2025-03-01,2.81,False,E-coli__Amikacin__North West,lstm
2025-04-01,3.38,False,E-coli__Amikacin__North West,lstm
2025-05-01,4.18,False,E-coli__Amikacin__North West,lstm
2025-06-01,3.58,False,E-coli__Amikacin__North West,lstm
2025-07-01,3.2134511317183505,True,E-coli__Amikacin__North West,lstm
2025-08-01,3.384606194068005,True,E-coli__Amikacin__North West,lstm
2025-09-01,3.5195733575759913,True,E-coli__Amikacin__North West,lstm
2025-10-01,3.6370631023147615,True,E-coli__Amikacin__North West,lstm
2025-11-01,3.724236231408915,True,E-coli__Amikacin__North West,lstm
2025-12-01,3.7128888445287234,True,E-coli__Amikacin__North West,lstm
2020-10-01,1.32,False,E-coli__Amikacin__South East,lstm
2020-11-01,1.97,False,E-coli__Amikacin__South East,lstm
2020-12-01,2.09,False,E-coli__Amikacin__South East,lstm
2021-01-01,1.78,False,E-coli__Amikacin__South East,lstm
2021-02-01,1.67,False,E-coli__Amikacin__South East,lstm
2021-03-01,2.37,False,E-coli__Amikacin__South East,lstm
2021-04-01,2.8399999999999994,False,E-coli__Amikacin__South East,lstm
2021-05-01,3.1400000000000006,False,E-coli__Amikacin__South East,lstm
2021-06-01,2.48,False,E-coli__Amikacin__South East,lstm
2021-07-01,1.84,False,E-coli__Amikacin__South East,lstm
2021-08-01,1.83,False,E-coli__Amikacin__South East,lstm
2021-09-01,2.13,False,E-coli__Amikacin__South East,lstm
2021-10-01,2.03,False,E-coli__Amikacin__South East,lstm
2021-11-01,1.29,False,E-coli__Amikacin__South East,lstm
2021-12-01,0.98,False,E-coli__Amikacin__South East,lstm
2022-01-01,1.3,False,E-coli__Amikacin__South East,lstm
2022-02-01,2.22,False,E-coli__Amikacin__South East,lstm
2022-03-01,2.41,False,E-coli__Amikacin__South East,lstm
2022-04-01,3.05,False,E-coli__Amikacin__South East,lstm
2022-05-01,2.53,False,E-coli__Amikacin__South East,lstm
2022-06-01,2.85,False,E-coli__Amikacin__South East,lstm
2022-07-01,1.9,False,E-coli__Amikacin__South East,lstm
2022-08-01,2.27,False,E-coli__Amikacin__South East,lstm
2022-09-01,2.38,False,E-coli__Amikacin__South East,lstm
2022-10-01,3.25,False,E-coli__Amikacin__South East,lstm
2022-11-01,3.21,False,E-coli__Amikacin__South East,lstm
2022-12-01,3.4799999999999995,False,E-coli__Amikacin__South East,lstm
2023-01-01,3.37,False,E-coli__Amikacin__South East,lstm
2023-02-01,3.33,False,E-coli__Amikacin__South East,lstm
2023-03-01,3.0000000000000004,False,E-coli__Amikacin__South East,lstm
2023-04-01,2.81,False,E-coli__Amikacin__South East,lstm
2023-05-01,3.1600000000000006,False,E-coli__Amikacin__South East,lstm
2023-06-01,3.2200000000000006,False,E-coli__Amikacin__South East,lstm
2023-07-01,3.0000000000000004,False,E-coli__Amikacin__South East,lstm
2023-08-01,2.44,False,E-coli__Amikacin__South East,lstm
2023-09-01,2.8199999999999994,False,E-coli__Amikacin__South East,lstm
2023-10-01,2.56,False,E-coli__Amikacin__South East,lstm
2023-11-01,2.23,False,E-coli__Amikacin__South East,lstm
2023-12-01,1.82,False,E-coli__Amikacin__South East,lstm
2024-01-01,1.81,False,E-coli__Amikacin__South East,lstm
2024-02-01,2.07,False,E-coli__Amikacin__South East,lstm
2024-03-01,2.29,False,E-coli__Amikacin__South East,lstm
2024-04-01,2.7999999999999994,False,E-coli__Amikacin__South East,lstm
2024-05-01,3.3,False,E-coli__Amikacin__South East,lstm
2024-06-01,2.63,False,E-coli__Amikacin__South East,lstm
2024-07-01,2.85,False,E-coli__Amikacin__South East,lstm
2024-08-01,2.58,False,E-coli__Amikacin__South East,lstm
2024-09-01,3.0800000000000005,False,E-coli__Amikacin__South East,lstm
2024-10-01,2.69,False,E-coli__Amikacin__South East,lstm
2024-11-01,2.35,False,E-coli__Amikacin__South East,lstm
2024-12-01,2.38,False,E-coli__Amikacin__South East,lstm
2025-01-01,2.58,False,E-coli__Amikacin__South East,lstm
2025-02-01,3.1000000000000005,False,E-coli__Amikacin__South East,lstm
2025-03-01,2.69,False,E-coli__Amikacin__South East,lstm
2025-04-01,2.21,False,E-coli__Amikacin__South East,lstm
2025-05-01,1.71,False,E-coli__Amikacin__South East,lstm
2025-06-01,1.82,False,E-coli__Amikacin__South East,lstm
2025-07-01,2.6951055761818137,True,E-coli__Amikacin__South East,lstm
2025-08-01,2.76297154064291,True,E-coli__Amikacin__South East,lstm
2025-09-01,2.769055650888516,True,E-coli__Amikacin__South East,lstm
2025-10-01,2.721295054949445,True,E-coli__Amikacin__South East,lstm
2025-11-01,2.6374838164892602,True,E-coli__Amikacin__South East,lstm
2025-12-01,2.561274420435682,True,E-coli__Amikacin__South East,lstm
2020-10-01,0.46,False,E-coli__Amikacin__South West,lstm
2020-11-01,0.52,False,E-coli__Amikacin__South West,lstm
2020-12-01,0.7,False,E-coli__Amikacin__South West,lstm
2021-01-01,0.72,False,E-coli__Amikacin__South West,lstm
2021-02-01,0.51,False,E-coli__Amikacin__South West,lstm
2021-03-01,0.83,False,E-coli__Amikacin__South West,lstm
2021-04-01,0.51,False,E-coli__Amikacin__South West,lstm
2021-05-01,0.5,False,E-coli__Amikacin__South West,lstm
2021-06-01,0.18,False,E-coli__Amikacin__South West,lstm
2021-07-01,0.51,False,E-coli__Amikacin__South West,lstm
2021-08-01,0.48999999999999994,False,E-coli__Amikacin__South West,lstm
2021-09-01,0.76,False,E-coli__Amikacin__South West,lstm
2021-10-01,0.76,False,E-coli__Amikacin__South West,lstm
2021-11-01,1.8000000000000003,False,E-coli__Amikacin__South West,lstm
2021-12-01,1.7000000000000002,False,E-coli__Amikacin__South West,lstm
2022-01-01,1.4899999999999998,False,E-coli__Amikacin__South West,lstm
2022-02-01,0.67,False,E-coli__Amikacin__South West,lstm
2022-03-01,0.68,False,E-coli__Amikacin__South West,lstm
2022-04-01,0.68,False,E-coli__Amikacin__South West,lstm
2022-05-01,1.1100000000000003,False,E-coli__Amikacin__South West,lstm
2022-06-01,1.2300000000000002,False,E-coli__Amikacin__South West,lstm
2022-07-01,1.75,False,E-coli__Amikacin__South West,lstm
2022-08-01,1.8000000000000003,False,E-coli__Amikacin__South West,lstm
2022-09-01,1.61,False,E-coli__Amikacin__South West,lstm
2022-10-01,1.43,False,E-coli__Amikacin__South West,lstm
2022-11-01,1.2600000000000002,False,E-coli__Amikacin__South West,lstm
2022-12-01,1.55,False,E-coli__Amikacin__South West,lstm
2023-01-01,1.2,False,E-coli__Amikacin__South West,lstm
2023-02-01,1.04,False,E-coli__Amikacin__South West,lstm
2023-03-01,1.18,False,E-coli__Amikacin__South West,lstm
2023-04-01,1.89,False,E-coli__Amikacin__South West,lstm
2023-05-01,2.28,False,E-coli__Amikacin__South West,lstm
2023-06-01,2.75,False,E-coli__Amikacin__South West,lstm
2023-07-01,2.16,False,E-coli__Amikacin__South West,lstm
2023-08-01,1.86,False,E-coli__Amikacin__South West,lstm
2023-09-01,1.9400000000000002,False,E-coli__Amikacin__South West,lstm
2023-10-01,1.91,False,E-coli__Amikacin__South West,lstm
2023-11-01,2.42,False,E-coli__Amikacin__South West,lstm
2023-12-01,2.36,False,E-coli__Amikacin__South West,lstm
2024-01-01,2.86,False,E-coli__Amikacin__South West,lstm
2024-02-01,1.98,False,E-coli__Amikacin__South West,lstm
2024-03-01,1.3800000000000001,False,E-coli__Amikacin__South West,lstm
2024-04-01,1.2400000000000002,False,E-coli__Amikacin__South West,lstm
2024-05-01,2.5,False,E-coli__Amikacin__South West,lstm
2024-06-01,2.35,False,E-coli__Amikacin__South West,lstm
2024-07-01,3.1,False,E-coli__Amikacin__South West,lstm
2024-08-01,2.51,False,E-coli__Amikacin__South West,lstm
2024-09-01,2.58,False,E-coli__Amikacin__South West,lstm
2024-10-01,2.04,False,E-coli__Amikacin__South West,lstm
2024-11-01,2.03,False,E-coli__Amikacin__South West,lstm
2024-12-01,2.03,False,E-coli__Amikacin__South West,lstm
2025-01-01,1.88,False,E-coli__Amikacin__South West,lstm
2025-02-01,2.19,False,E-coli__Amikacin__South West,lstm
2025-03-01,2.66,False,E-coli__Amikacin__South West,lstm
2025-04-01,1.9,False,E-coli__Amikacin__South West,lstm
2025-05-01,2.29,False,E-coli__Amikacin__South West,lstm
2025-06-01,1.84,False,E-coli__Amikacin__South West,lstm
2025-07-01,2.3192483448597305,True,E-coli__Amikacin__South West,lstm
2025-08-01,2.3835304453509956,True,E-coli__Amikacin__South West,lstm
2025-09-01,2.4011394836772095,True,E-coli__Amikacin__South West,lstm
2025-10-01,2.3131233729624867,True,E-coli__Amikacin__South West,lstm
2025-11-01,2.18907172621567,True,E-coli__Amikacin__South West,lstm
2025-12-01,2.0309057050327866,True,E-coli__Amikacin__South West,lstm
2020-10-01,0.61,False,E-coli__Amikacin__West Midlands,lstm
2020-11-01,0.47,False,E-coli__Amikacin__West Midlands,lstm
2020-12-01,0.9,False,E-coli__Amikacin__West Midlands,lstm
2021-01-01,1.17,False,E-coli__Amikacin__West Midlands,lstm
2021-02-01,1.6100000000000003,False,E-coli__Amikacin__West Midlands,lstm
2021-03-01,1.1199999999999999,False,E-coli__Amikacin__West Midlands,lstm
2021-04-01,0.59,False,E-coli__Amikacin__West Midlands,lstm
2021-05-01,0.47,False,E-coli__Amikacin__West Midlands,lstm
2021-06-01,0.83,False,E-coli__Amikacin__West Midlands,lstm
2021-07-01,0.9100000000000001,False,E-coli__Amikacin__West Midlands,lstm
2021-08-01,1.32,False,E-coli__Amikacin__West Midlands,lstm
2021-09-01,1.01,False,E-coli__Amikacin__West Midlands,lstm
2021-10-01,1.79,False,E-coli__Amikacin__West Midlands,lstm
2021-11-01,1.47,False,E-coli__Amikacin__West Midlands,lstm
2021-12-01,1.88,False,E-coli__Amikacin__West Midlands,lstm
2022-01-01,0.96,False,E-coli__Amikacin__West Midlands,lstm
2022-02-01,1.3399999999999999,False,E-coli__Amikacin__West Midlands,lstm
2022-03-01,1.8200000000000003,False,E-coli__Amikacin__West Midlands,lstm
2022-04-01,2.38,False,E-coli__Amikacin__West Midlands,lstm
2022-05-01,2.31,False,E-coli__Amikacin__West Midlands,lstm
2022-06-01,1.92,False,E-coli__Amikacin__West Midlands,lstm
2022-07-01,2.19,False,E-coli__Amikacin__West Midlands,lstm
2022-08-01,2.37,False,E-coli__Amikacin__West Midlands,lstm
2022-09-01,2.58,False,E-coli__Amikacin__West Midlands,lstm
2022-10-01,3.7,False,E-coli__Amikacin__West Midlands,lstm
2022-11-01,4.05,False,E-coli__Amikacin__West Midlands,lstm
2022-12-01,4.33,False,E-coli__Amikacin__West Midlands,lstm
2023-01-01,2.71,False,E-coli__Amikacin__West Midlands,lstm
2023-02-01,2.24,False,E-coli__Amikacin__West Midlands,lstm
2023-03-01,2.39,False,E-coli__Amikacin__West Midlands,lstm
2023-04-01,2.6799999999999997,False,E-coli__Amikacin__West Midlands,lstm
2023-05-01,2.9799999999999995,False,E-coli__Amikacin__West Midlands,lstm
2023-06-01,3.72,False,E-coli__Amikacin__West Midlands,lstm
2023-07-01,5.11,False,E-coli__Amikacin__West Midlands,lstm
2023-08-01,5.290000000000001,False,E-coli__Amikacin__West Midlands,lstm
2023-09-01,4.95,False,E-coli__Amikacin__West Midlands,lstm
2023-10-01,4.27,False,E-coli__Amikacin__West Midlands,lstm
2023-11-01,3.86,False,E-coli__Amikacin__West Midlands,lstm
2023-12-01,3.12,False,E-coli__Amikacin__West Midlands,lstm
2024-01-01,3.5,False,E-coli__Amikacin__West Midlands,lstm
2024-02-01,4.19,False,E-coli__Amikacin__West Midlands,lstm
2024-03-01,5.1,False,E-coli__Amikacin__West Midlands,lstm
2024-04-01,3.77,False,E-coli__Amikacin__West Midlands,lstm
2024-05-01,3.5900000000000003,False,E-coli__Amikacin__West Midlands,lstm
2024-06-01,2.86,False,E-coli__Amikacin__West Midlands,lstm
2024-07-01,3.36,False,E-coli__Amikacin__West Midlands,lstm
2024-08-01,3.13,False,E-coli__Amikacin__West Midlands,lstm
2024-09-01,3.7299999999999995,False,E-coli__Amikacin__West Midlands,lstm
2024-10-01,4.68,False,E-coli__Amikacin__West Midlands,lstm
2024-11-01,5.18,False,E-coli__Amikacin__West Midlands,lstm
2024-12-01,5.539999999999999,False,E-coli__Amikacin__West Midlands,lstm
2025-01-01,4.65,False,E-coli__Amikacin__West Midlands,lstm
2025-02-01,3.93,False,E-coli__Amikacin__West Midlands,lstm
2025-03-01,4.05,False,E-coli__Amikacin__West Midlands,lstm
2025-04-01,3.8500000000000005,False,E-coli__Amikacin__West Midlands,lstm
2025-05-01,4.76,False,E-coli__Amikacin__West Midlands,lstm
2025-06-01,4.38,False,E-coli__Amikacin__West Midlands,lstm
2025-07-01,4.222150687859402,True,E-coli__Amikacin__West Midlands,lstm
2025-08-01,4.413149884789476,True,E-coli__Amikacin__West Midlands,lstm
2025-09-01,4.503484984152949,True,E-coli__Amikacin__West Midlands,lstm
2025-10-01,4.473490005906042,True,E-coli__Amikacin__West Midlands,lstm
2025-11-01,4.382665028852267,True,E-coli__Amikacin__West Midlands,lstm
2025-12-01,4.204773791463462,True,E-coli__Amikacin__West Midlands,lstm
2020-10-01,2.05,False,E-coli__Amikacin__Yorkshire and Humber,lstm
2020-11-01,2.17,False,E-coli__Amikacin__Yorkshire and Humber,lstm
2020-12-01,3.01,False,E-coli__Amikacin__Yorkshire and Humber,lstm
2021-01-01,1.46,False,E-coli__Amikacin__Yorkshire and Humber,lstm
2021-02-01,2.11,False,E-coli__Amikacin__Yorkshire and Humber,lstm
2021-03-01,1.99,False,E-coli__Amikacin__Yorkshire and Humber,lstm
2021-04-01,3.01,False,E-coli__Amikacin__Yorkshire and Humber,lstm
2021-05-01,2.22,False,E-coli__Amikacin__Yorkshire and Humber,lstm
2021-06-01,1.59,False,E-coli__Amikacin__Yorkshire and Humber,lstm
2021-07-01,1.51,False,E-coli__Amikacin__Yorkshire and Humber,lstm
2021-08-01,2.97,False,E-coli__Amikacin__Yorkshire and Humber,lstm
2021-09-01,3.66,False,E-coli__Amikacin__Yorkshire and Humber,lstm
2021-10-01,4.26,False,E-coli__Amikacin__Yorkshire and Humber,lstm
2021-11-01,4.57,False,E-coli__Amikacin__Yorkshire and Humber,lstm
2021-12-01,5.59,False,E-coli__Amikacin__Yorkshire and Humber,lstm
2022-01-01,4.14,False,E-coli__Amikacin__Yorkshire and Humber,lstm
2022-02-01,4.29,False,E-coli__Amikacin__Yorkshire and Humber,lstm
2022-03-01,3.5,False,E-coli__Amikacin__Yorkshire and Humber,lstm
2022-04-01,2.94,False,E-coli__Amikacin__Yorkshire and Humber,lstm
2022-05-01,3.45,False,E-coli__Amikacin__Yorkshire and Humber,lstm
2022-06-01,5.26,False,E-coli__Amikacin__Yorkshire and Humber,lstm
2022-07-01,6.84,False,E-coli__Amikacin__Yorkshire and Humber,lstm
2022-08-01,4.29,False,E-coli__Amikacin__Yorkshire and Humber,lstm
2022-09-01,2.04,False,E-coli__Amikacin__Yorkshire and Humber,lstm
2022-10-01,1.96,False,E-coli__Amikacin__Yorkshire and Humber,lstm
2022-11-01,2.26,False,E-coli__Amikacin__Yorkshire and Humber,lstm
2022-12-01,2.46,False,E-coli__Amikacin__Yorkshire and Humber,lstm
2023-01-01,1.67,False,E-coli__Amikacin__Yorkshire and Humber,lstm
2023-02-01,2.36,False,E-coli__Amikacin__Yorkshire and Humber,lstm
2023-03-01,3.4800000000000004,False,E-coli__Amikacin__Yorkshire and Humber,lstm
2023-04-01,4.17,False,E-coli__Amikacin__Yorkshire and Humber,lstm
2023-05-01,3.0599999999999996,False,E-coli__Amikacin__Yorkshire and Humber,lstm
2023-06-01,2.5,False,E-coli__Amikacin__Yorkshire and Humber,lstm
2023-07-01,2.13,False,E-coli__Amikacin__Yorkshire and Humber,lstm
2023-08-01,1.5299999999999998,False,E-coli__Amikacin__Yorkshire and Humber,lstm
2023-09-01,1.5,False,E-coli__Amikacin__Yorkshire and Humber,lstm
2023-10-01,2.61,False,E-coli__Amikacin__Yorkshire and Humber,lstm
2023-11-01,5.31,False,E-coli__Amikacin__Yorkshire and Humber,lstm
2023-12-01,6.38,False,E-coli__Amikacin__Yorkshire and Humber,lstm
2024-01-01,4.21,False,E-coli__Amikacin__Yorkshire and Humber,lstm
2024-02-01,4.26,False,E-coli__Amikacin__Yorkshire and Humber,lstm
2024-03-01,4.44,False,E-coli__Amikacin__Yorkshire and Humber,lstm
2024-04-01,4.08,False,E-coli__Amikacin__Yorkshire and Humber,lstm
2024-05-01,4.31,False,E-coli__Amikacin__Yorkshire and Humber,lstm
2024-06-01,5.04,False,E-coli__Amikacin__Yorkshire and Humber,lstm
2024-07-01,5.51,False,E-coli__Amikacin__Yorkshire and Humber,lstm
2024-08-01,2.56,False,E-coli__Amikacin__Yorkshire and Humber,lstm
2024-09-01,1.6,False,E-coli__Amikacin__Yorkshire and Humber,lstm
2024-10-01,1.9800000000000002,False,E-coli__Amikacin__Yorkshire and Humber,lstm
2024-11-01,3.28,False,E-coli__Amikacin__Yorkshire and Humber,lstm
2024-12-01,5.92,False,E-coli__Amikacin__Yorkshire and Humber,lstm
2025-01-01,7.43,False,E-coli__Amikacin__Yorkshire and Humber,lstm
2025-02-01,6.25,False,E-coli__Amikacin__Yorkshire and Humber,lstm
2025-03-01,3.33,False,E-coli__Amikacin__Yorkshire and Humber,lstm
2025-04-01,3.12,False,E-coli__Amikacin__Yorkshire and Humber,lstm
2025-05-01,3.07,False,E-coli__Amikacin__Yorkshire and Humber,lstm
2025-06-01,3.43,False,E-coli__Amikacin__Yorkshire and Humber,lstm
2025-07-01,3.5775232097024934,True,E-coli__Amikacin__Yorkshire and Humber,lstm
2025-08-01,3.5734848591130506,True,E-coli__Amikacin__Yorkshire and Humber,lstm
2025-09-01,3.4744067003006953,True,E-coli__Amikacin__Yorkshire and Humber,lstm
2025-10-01,3.436309263283911,True,E-coli__Amikacin__Yorkshire and Humber,lstm
2025-11-01,3.481306317168279,True,E-coli__Amikacin__Yorkshire and Humber,lstm
2025-12-01,3.594658087915997,True,E-coli__Amikacin__Yorkshire and Humber,lstm
2020-10-01,0.15,False,E-coli__Carbapenems__East Midlands,lstm
2020-11-01,0.15,False,E-coli__Carbapenems__East Midlands,lstm
2020-12-01,0.0,False,E-coli__Carbapenems__East Midlands,lstm
2021-01-01,0.0,False,E-coli__Carbapenems__East Midlands,lstm
2021-02-01,0.0,False,E-coli__Carbapenems__East Midlands,lstm
2021-03-01,0.26,False,E-coli__Carbapenems__East Midlands,lstm
2021-04-01,0.24,False,E-coli__Carbapenems__East Midlands,lstm
2021-05-01,0.23,False,E-coli__Carbapenems__East Midlands,lstm
2021-06-01,0.0,False,E-coli__Carbapenems__East Midlands,lstm
2021-07-01,0.11,False,E-coli__Carbapenems__East Midlands,lstm
2021-08-01,0.23,False,E-coli__Carbapenems__East Midlands,lstm
2021-09-01,0.23,False,E-coli__Carbapenems__East Midlands,lstm
2021-10-01,0.12,False,E-coli__Carbapenems__East Midlands,lstm
2021-11-01,0.13,False,E-coli__Carbapenems__East Midlands,lstm
2021-12-01,0.14,False,E-coli__Carbapenems__East Midlands,lstm
2022-01-01,0.15,False,E-coli__Carbapenems__East Midlands,lstm
2022-02-01,0.0,False,E-coli__Carbapenems__East Midlands,lstm
2022-03-01,0.15,False,E-coli__Carbapenems__East Midlands,lstm
2022-04-01,0.14,False,E-coli__Carbapenems__East Midlands,lstm
2022-05-01,0.27,False,E-coli__Carbapenems__East Midlands,lstm
2022-06-01,0.13,False,E-coli__Carbapenems__East Midlands,lstm
2022-07-01,0.26,False,E-coli__Carbapenems__East Midlands,lstm
2022-08-01,0.12,False,E-coli__Carbapenems__East Midlands,lstm
2022-09-01,0.12,False,E-coli__Carbapenems__East Midlands,lstm
2022-10-01,0.12,False,E-coli__Carbapenems__East Midlands,lstm
2022-11-01,0.25,False,E-coli__Carbapenems__East Midlands,lstm
2022-12-01,0.27,False,E-coli__Carbapenems__East Midlands,lstm
2023-01-01,0.13,False,E-coli__Carbapenems__East Midlands,lstm
2023-02-01,0.0,False,E-coli__Carbapenems__East Midlands,lstm
2023-03-01,0.0,False,E-coli__Carbapenems__East Midlands,lstm
2023-04-01,0.0,False,E-coli__Carbapenems__East Midlands,lstm
2023-05-01,0.0,False,E-coli__Carbapenems__East Midlands,lstm
2023-06-01,0.0,False,E-coli__Carbapenems__East Midlands,lstm
2023-07-01,0.12,False,E-coli__Carbapenems__East Midlands,lstm
2023-08-01,0.12,False,E-coli__Carbapenems__East Midlands,lstm
2023-09-01,0.11,False,E-coli__Carbapenems__East Midlands,lstm
2023-10-01,0.0,False,E-coli__Carbapenems__East Midlands,lstm
2023-11-01,0.11,False,E-coli__Carbapenems__East Midlands,lstm
2023-12-01,0.12,False,E-coli__Carbapenems__East Midlands,lstm
2024-01-01,0.25,False,E-coli__Carbapenems__East Midlands,lstm
2024-02-01,0.5,False,E-coli__Carbapenems__East Midlands,lstm
2024-03-01,0.49,False,E-coli__Carbapenems__East Midlands,lstm
2024-04-01,0.36,False,E-coli__Carbapenems__East Midlands,lstm
2024-05-01,0.0,False,E-coli__Carbapenems__East Midlands,lstm
2024-06-01,0.12,False,E-coli__Carbapenems__East Midlands,lstm
2024-07-01,0.11,False,E-coli__Carbapenems__East Midlands,lstm
2024-08-01,0.21,False,E-coli__Carbapenems__East Midlands,lstm
2024-09-01,0.11,False,E-coli__Carbapenems__East Midlands,lstm
2024-10-01,0.31,False,E-coli__Carbapenems__East Midlands,lstm
2024-11-01,0.2,False,E-coli__Carbapenems__East Midlands,lstm
2024-12-01,0.3,False,E-coli__Carbapenems__East Midlands,lstm
2025-01-01,0.33,False,E-coli__Carbapenems__East Midlands,lstm
2025-02-01,0.36,False,E-coli__Carbapenems__East Midlands,lstm
2025-03-01,0.35,False,E-coli__Carbapenems__East Midlands,lstm
2025-04-01,0.34,False,E-coli__Carbapenems__East Midlands,lstm
2025-05-01,0.31,False,E-coli__Carbapenems__East Midlands,lstm
2025-06-01,0.3,False,E-coli__Carbapenems__East Midlands,lstm
2025-07-01,0.16065224626158414,True,E-coli__Carbapenems__East Midlands,lstm
2025-08-01,0.169880239521513,True,E-coli__Carbapenems__East Midlands,lstm
2025-09-01,0.18300495004373696,True,E-coli__Carbapenems__East Midlands,lstm
2025-10-01,0.19907055783088906,True,E-coli__Carbapenems__East Midlands,lstm
2025-11-01,0.21437508614655396,True,E-coli__Carbapenems__East Midlands,lstm
2025-12-01,0.2266068846188513,True,E-coli__Carbapenems__East Midlands,lstm
2020-10-01,0.11,False,E-coli__Carbapenems__East of England,lstm
2020-11-01,0.0,False,E-coli__Carbapenems__East of England,lstm
2020-12-01,0.14,False,E-coli__Carbapenems__East of England,lstm
2021-01-01,0.13,False,E-coli__Carbapenems__East of England,lstm
2021-02-01,0.13,False,E-coli__Carbapenems__East of England,lstm
2021-03-01,0.12,False,E-coli__Carbapenems__East of England,lstm
2021-04-01,0.11,False,E-coli__Carbapenems__East of England,lstm
2021-05-01,0.21,False,E-coli__Carbapenems__East of England,lstm
2021-06-01,0.1,False,E-coli__Carbapenems__East of England,lstm
2021-07-01,0.1,False,E-coli__Carbapenems__East of England,lstm
2021-08-01,0.0,False,E-coli__Carbapenems__East of England,lstm
2021-09-01,0.1,False,E-coli__Carbapenems__East of England,lstm
2021-10-01,0.1,False,E-coli__Carbapenems__East of England,lstm
2021-11-01,0.1,False,E-coli__Carbapenems__East of England,lstm
2021-12-01,0.0,False,E-coli__Carbapenems__East of England,lstm
2022-01-01,0.0,False,E-coli__Carbapenems__East of England,lstm
2022-02-01,0.0,False,E-coli__Carbapenems__East of England,lstm
2022-03-01,0.12,False,E-coli__Carbapenems__East of England,lstm
2022-04-01,0.11,False,E-coli__Carbapenems__East of England,lstm
2022-05-01,0.11,False,E-coli__Carbapenems__East of England,lstm
2022-06-01,0.0,False,E-coli__Carbapenems__East of England,lstm
2022-07-01,0.0,False,E-coli__Carbapenems__East of England,lstm
2022-08-01,0.0,False,E-coli__Carbapenems__East of England,lstm
2022-09-01,0.19000000000000003,False,E-coli__Carbapenems__East of England,lstm
2022-10-01,0.19000000000000003,False,E-coli__Carbapenems__East of England,lstm
2022-11-01,0.2,False,E-coli__Carbapenems__East of England,lstm
2022-12-01,0.11,False,E-coli__Carbapenems__East of England,lstm
2023-01-01,0.32,False,E-coli__Carbapenems__East of England,lstm
2023-02-01,0.34,False,E-coli__Carbapenems__East of England,lstm
2023-03-01,0.21,False,E-coli__Carbapenems__East of England,lstm
2023-04-01,0.21,False,E-coli__Carbapenems__East of England,lstm
2023-05-01,0.29,False,E-coli__Carbapenems__East of England,lstm
2023-06-01,0.29,False,E-coli__Carbapenems__East of England,lstm
2023-07-01,0.08999999999999998,False,E-coli__Carbapenems__East of England,lstm
2023-08-01,0.0,False,E-coli__Carbapenems__East of England,lstm
2023-09-01,0.08999999999999998,False,E-coli__Carbapenems__East of England,lstm
2023-10-01,0.08999999999999998,False,E-coli__Carbapenems__East of England,lstm
2023-11-01,0.2,False,E-coli__Carbapenems__East of England,lstm
2023-12-01,0.2,False,E-coli__Carbapenems__East of England,lstm
2024-01-01,0.2,False,E-coli__Carbapenems__East of England,lstm
2024-02-01,0.1,False,E-coli__Carbapenems__East of England,lstm
2024-03-01,0.0,False,E-coli__Carbapenems__East of England,lstm
2024-04-01,0.29,False,E-coli__Carbapenems__East of England,lstm
2024-05-01,0.27,False,E-coli__Carbapenems__East of England,lstm
2024-06-01,0.26,False,E-coli__Carbapenems__East of England,lstm
2024-07-01,0.08,False,E-coli__Carbapenems__East of England,lstm
2024-08-01,0.08,False,E-coli__Carbapenems__East of England,lstm
2024-09-01,0.08,False,E-coli__Carbapenems__East of England,lstm
2024-10-01,0.0,False,E-coli__Carbapenems__East of England,lstm
2024-11-01,0.0,False,E-coli__Carbapenems__East of England,lstm
2024-12-01,0.08999999999999998,False,E-coli__Carbapenems__East of England,lstm
2025-01-01,0.08999999999999998,False,E-coli__Carbapenems__East of England,lstm
2025-02-01,0.19000000000000003,False,E-coli__Carbapenems__East of England,lstm
2025-03-01,0.08999999999999998,False,E-coli__Carbapenems__East of England,lstm
2025-04-01,0.1,False,E-coli__Carbapenems__East of England,lstm
2025-05-01,0.0,False,E-coli__Carbapenems__East of England,lstm
2025-06-01,0.08999999999999998,False,E-coli__Carbapenems__East of England,lstm
2025-07-01,0.13092136576948718,True,E-coli__Carbapenems__East of England,lstm
2025-08-01,0.12032993966644652,True,E-coli__Carbapenems__East of England,lstm
2025-09-01,0.11040831499913346,True,E-coli__Carbapenems__East of England,lstm
2025-10-01,0.1087619437974597,True,E-coli__Carbapenems__East of England,lstm
2025-11-01,0.11443835794702968,True,E-coli__Carbapenems__East of England,lstm
2025-12-01,0.12991540820276512,True,E-coli__Carbapenems__East of England,lstm
2020-10-01,0.45,False,E-coli__Carbapenems__London,lstm
2020-11-01,0.36,False,E-coli__Carbapenems__London,lstm
2020-12-01,0.11999999999999998,False,E-coli__Carbapenems__London,lstm
2021-01-01,0.0,False,E-coli__Carbapenems__London,lstm
2021-02-01,0.13,False,E-coli__Carbapenems__London,lstm
2021-03-01,0.14,False,E-coli__Carbapenems__London,lstm
2021-04-01,0.26,False,E-coli__Carbapenems__London,lstm
2021-05-01,0.23,False,E-coli__Carbapenems__London,lstm
2021-06-01,0.21,False,E-coli__Carbapenems__London,lstm
2021-07-01,0.3,False,E-coli__Carbapenems__London,lstm
2021-08-01,0.4,False,E-coli__Carbapenems__London,lstm
2021-09-01,0.39,False,E-coli__Carbapenems__London,lstm
2021-10-01,0.3,False,E-coli__Carbapenems__London,lstm
2021-11-01,0.47,False,E-coli__Carbapenems__London,lstm
2021-12-01,0.82,False,E-coli__Carbapenems__London,lstm
2022-01-01,1.05,False,E-coli__Carbapenems__London,lstm
2022-02-01,0.89,False,E-coli__Carbapenems__London,lstm
2022-03-01,0.52,False,E-coli__Carbapenems__London,lstm
2022-04-01,0.21,False,E-coli__Carbapenems__London,lstm
2022-05-01,0.0,False,E-coli__Carbapenems__London,lstm
2022-06-01,0.0,False,E-coli__Carbapenems__London,lstm
2022-07-01,0.2,False,E-coli__Carbapenems__London,lstm
2022-08-01,0.29,False,E-coli__Carbapenems__London,lstm
2022-09-01,0.2700000000000001,False,E-coli__Carbapenems__London,lstm
2022-10-01,0.28,False,E-coli__Carbapenems__London,lstm
2022-11-01,0.28,False,E-coli__Carbapenems__London,lstm
2022-12-01,0.39,False,E-coli__Carbapenems__London,lstm
2023-01-01,0.59,False,E-coli__Carbapenems__London,lstm
2023-02-01,1.04,False,E-coli__Carbapenems__London,lstm
2023-03-01,0.99,False,E-coli__Carbapenems__London,lstm
2023-04-01,0.88,False,E-coli__Carbapenems__London,lstm
2023-05-01,0.38,False,E-coli__Carbapenems__London,lstm
2023-06-01,0.83,False,E-coli__Carbapenems__London,lstm
2023-07-01,0.71,False,E-coli__Carbapenems__London,lstm
2023-08-01,1.03,False,E-coli__Carbapenems__London,lstm
2023-09-01,0.68,False,E-coli__Carbapenems__London,lstm
2023-10-01,0.85,False,E-coli__Carbapenems__London,lstm
2023-11-01,0.8,False,E-coli__Carbapenems__London,lstm
2023-12-01,0.82,False,E-coli__Carbapenems__London,lstm
2024-01-01,0.81,False,E-coli__Carbapenems__London,lstm
2024-02-01,0.52,False,E-coli__Carbapenems__London,lstm
2024-03-01,0.34,False,E-coli__Carbapenems__London,lstm
2024-04-01,0.5,False,E-coli__Carbapenems__London,lstm
2024-05-01,0.7,False,E-coli__Carbapenems__London,lstm
2024-06-01,0.91,False,E-coli__Carbapenems__London,lstm
2024-07-01,0.53,False,E-coli__Carbapenems__London,lstm
2024-08-01,0.3,False,E-coli__Carbapenems__London,lstm
2024-09-01,0.23,False,E-coli__Carbapenems__London,lstm
2024-10-01,0.39,False,E-coli__Carbapenems__London,lstm
2024-11-01,0.74,False,E-coli__Carbapenems__London,lstm
2024-12-01,0.85,False,E-coli__Carbapenems__London,lstm
2025-01-01,0.78,False,E-coli__Carbapenems__London,lstm
2025-02-01,0.73,False,E-coli__Carbapenems__London,lstm
2025-03-01,0.5400000000000001,False,E-coli__Carbapenems__London,lstm
2025-04-01,0.63,False,E-coli__Carbapenems__London,lstm
2025-05-01,0.49,False,E-coli__Carbapenems__London,lstm
2025-06-01,0.67,False,E-coli__Carbapenems__London,lstm
2025-07-01,0.5502551765301406,True,E-coli__Carbapenems__London,lstm
2025-08-01,0.5761550884897844,True,E-coli__Carbapenems__London,lstm
2025-09-01,0.597625486239882,True,E-coli__Carbapenems__London,lstm
2025-10-01,0.6216244190663253,True,E-coli__Carbapenems__London,lstm
2025-11-01,0.6343936578649197,True,E-coli__Carbapenems__London,lstm
2025-12-01,0.643516622942431,True,E-coli__Carbapenems__London,lstm
2020-10-01,0.0,False,E-coli__Carbapenems__North East,lstm
2020-11-01,0.0,False,E-coli__Carbapenems__North East,lstm
2020-12-01,0.3,False,E-coli__Carbapenems__North East,lstm
2021-01-01,0.3,False,E-coli__Carbapenems__North East,lstm
2021-02-01,0.27,False,E-coli__Carbapenems__North East,lstm
2021-03-01,0.23,False,E-coli__Carbapenems__North East,lstm
2021-04-01,0.20999999999999996,False,E-coli__Carbapenems__North East,lstm
2021-05-01,0.2,False,E-coli__Carbapenems__North East,lstm
2021-06-01,0.0,False,E-coli__Carbapenems__North East,lstm
2021-07-01,0.0,False,E-coli__Carbapenems__North East,lstm
2021-08-01,0.0,False,E-coli__Carbapenems__North East,lstm
2021-09-01,0.0,False,E-coli__Carbapenems__North East,lstm
2021-10-01,0.0,False,E-coli__Carbapenems__North East,lstm
2021-11-01,0.0,False,E-coli__Carbapenems__North East,lstm
2021-12-01,0.0,False,E-coli__Carbapenems__North East,lstm
2022-01-01,0.0,False,E-coli__Carbapenems__North East,lstm
2022-02-01,0.0,False,E-coli__Carbapenems__North East,lstm
2022-03-01,0.0,False,E-coli__Carbapenems__North East,lstm
2022-04-01,0.0,False,E-coli__Carbapenems__North East,lstm
2022-05-01,0.0,False,E-coli__Carbapenems__North East,lstm
2022-06-01,0.0,False,E-coli__Carbapenems__North East,lstm
2022-07-01,0.0,False,E-coli__Carbapenems__North East,lstm
2022-08-01,0.0,False,E-coli__Carbapenems__North East,lstm
2022-09-01,0.0,False,E-coli__Carbapenems__North East,lstm
2022-10-01,0.0,False,E-coli__Carbapenems__North East,lstm
2022-11-01,0.0,False,E-coli__Carbapenems__North East,lstm
2022-12-01,0.0,False,E-coli__Carbapenems__North East,lstm
2023-01-01,0.0,False,E-coli__Carbapenems__North East,lstm
2023-02-01,0.0,False,E-coli__Carbapenems__North East,lstm
2023-03-01,0.0,False,E-coli__Carbapenems__North East,lstm
2023-04-01,0.0,False,E-coli__Carbapenems__North East,lstm
2023-05-01,0.0,False,E-coli__Carbapenems__North East,lstm
2023-06-01,0.0,False,E-coli__Carbapenems__North East,lstm
2023-07-01,0.0,False,E-coli__Carbapenems__North East,lstm
2023-08-01,0.0,False,E-coli__Carbapenems__North East,lstm
2023-09-01,0.0,False,E-coli__Carbapenems__North East,lstm
2023-10-01,0.19,False,E-coli__Carbapenems__North East,lstm
2023-11-01,0.19,False,E-coli__Carbapenems__North East,lstm
2023-12-01,0.2,False,E-coli__Carbapenems__North East,lstm
2024-01-01,0.0,False,E-coli__Carbapenems__North East,lstm
2024-02-01,0.0,False,E-coli__Carbapenems__North East,lstm
2024-03-01,0.0,False,E-coli__Carbapenems__North East,lstm
2024-04-01,0.0,False,E-coli__Carbapenems__North East,lstm
2024-05-01,0.0,False,E-coli__Carbapenems__North East,lstm
2024-06-01,0.0,False,E-coli__Carbapenems__North East,lstm
2024-07-01,0.0,False,E-coli__Carbapenems__North East,lstm
2024-08-01,0.0,False,E-coli__Carbapenems__North East,lstm
2024-09-01,0.0,False,E-coli__Carbapenems__North East,lstm
2024-10-01,0.0,False,E-coli__Carbapenems__North East,lstm
2024-11-01,0.0,False,E-coli__Carbapenems__North East,lstm
2024-12-01,0.0,False,E-coli__Carbapenems__North East,lstm
2025-01-01,0.0,False,E-coli__Carbapenems__North East,lstm
2025-02-01,0.0,False,E-coli__Carbapenems__North East,lstm
2025-03-01,0.18,False,E-coli__Carbapenems__North East,lstm
2025-04-01,0.17,False,E-coli__Carbapenems__North East,lstm
2025-05-01,0.16,False,E-coli__Carbapenems__North East,lstm
2025-06-01,0.0,False,E-coli__Carbapenems__North East,lstm
2025-07-01,0.016469518851560467,True,E-coli__Carbapenems__North East,lstm
2025-08-01,0.02523673537179795,True,E-coli__Carbapenems__North East,lstm
2025-09-01,0.025908563820053108,True,E-coli__Carbapenems__North East,lstm
2025-10-01,0.025296655292484968,True,E-coli__Carbapenems__North East,lstm
2025-11-01,0.021144016036782943,True,E-coli__Carbapenems__North East,lstm
2025-12-01,0.020589002532638914,True,E-coli__Carbapenems__North East,lstm
2020-10-01,0.23,False,E-coli__Carbapenems__North West,lstm
2020-11-01,0.32,False,E-coli__Carbapenems__North West,lstm
2020-12-01,0.5,False,E-coli__Carbapenems__North West,lstm
2021-01-01,0.44,False,E-coli__Carbapenems__North West,lstm
2021-02-01,0.28,False,E-coli__Carbapenems__North West,lstm
2021-03-01,0.09,False,E-coli__Carbapenems__North West,lstm
2021-04-01,0.18,False,E-coli__Carbapenems__North West,lstm
2021-05-01,0.17,False,E-coli__Carbapenems__North West,lstm
2021-06-01,0.25,False,E-coli__Carbapenems__North West,lstm
2021-07-01,0.4,False,E-coli__Carbapenems__North West,lstm
2021-08-01,0.4,False,E-coli__Carbapenems__North West,lstm
2021-09-01,0.42,False,E-coli__Carbapenems__North West,lstm
2021-10-01,0.09,False,E-coli__Carbapenems__North West,lstm
2021-11-01,0.19,False,E-coli__Carbapenems__North West,lstm
2021-12-01,0.28,False,E-coli__Carbapenems__North West,lstm
2022-01-01,0.45,False,E-coli__Carbapenems__North West,lstm
2022-02-01,0.54,False,E-coli__Carbapenems__North West,lstm
2022-03-01,0.36,False,E-coli__Carbapenems__North West,lstm
2022-04-01,0.27,False,E-coli__Carbapenems__North West,lstm
2022-05-01,0.18,False,E-coli__Carbapenems__North West,lstm
2022-06-01,0.35,False,E-coli__Carbapenems__North West,lstm
2022-07-01,0.51,False,E-coli__Carbapenems__North West,lstm
2022-08-01,0.39,False,E-coli__Carbapenems__North West,lstm
2022-09-01,0.37,False,E-coli__Carbapenems__North West,lstm
2022-10-01,0.15,False,E-coli__Carbapenems__North West,lstm
2022-11-01,0.15,False,E-coli__Carbapenems__North West,lstm
2022-12-01,0.0,False,E-coli__Carbapenems__North West,lstm
2023-01-01,0.08,False,E-coli__Carbapenems__North West,lstm
2023-02-01,0.09,False,E-coli__Carbapenems__North West,lstm
2023-03-01,0.08,False,E-coli__Carbapenems__North West,lstm
2023-04-01,0.0,False,E-coli__Carbapenems__North West,lstm
2023-05-01,0.14,False,E-coli__Carbapenems__North West,lstm
2023-06-01,0.27,False,E-coli__Carbapenems__North West,lstm
2023-07-01,0.33,False,E-coli__Carbapenems__North West,lstm
2023-08-01,0.32,False,E-coli__Carbapenems__North West,lstm
2023-09-01,0.19,False,E-coli__Carbapenems__North West,lstm
2023-10-01,0.2,False,E-coli__Carbapenems__North West,lstm
2023-11-01,0.15,False,E-coli__Carbapenems__North West,lstm
2023-12-01,0.15,False,E-coli__Carbapenems__North West,lstm
2024-01-01,0.08,False,E-coli__Carbapenems__North West,lstm
2024-02-01,0.0,False,E-coli__Carbapenems__North West,lstm
2024-03-01,0.0,False,E-coli__Carbapenems__North West,lstm
2024-04-01,0.29,False,E-coli__Carbapenems__North West,lstm
2024-05-01,0.34,False,E-coli__Carbapenems__North West,lstm
2024-06-01,0.41,False,E-coli__Carbapenems__North West,lstm
2024-07-01,0.13,False,E-coli__Carbapenems__North West,lstm
2024-08-01,0.07,False,E-coli__Carbapenems__North West,lstm
2024-09-01,0.0,False,E-coli__Carbapenems__North West,lstm
2024-10-01,0.13,False,E-coli__Carbapenems__North West,lstm
2024-11-01,0.14,False,E-coli__Carbapenems__North West,lstm
2024-12-01,0.15,False,E-coli__Carbapenems__North West,lstm
2025-01-01,0.0,False,E-coli__Carbapenems__North West,lstm
2025-02-01,0.08,False,E-coli__Carbapenems__North West,lstm
2025-03-01,0.08,False,E-coli__Carbapenems__North West,lstm
2025-04-01,0.15,False,E-coli__Carbapenems__North West,lstm
2025-05-01,0.14,False,E-coli__Carbapenems__North West,lstm
2025-06-01,0.2,False,E-coli__Carbapenems__North West,lstm
2025-07-01,0.24380819212709084,True,E-coli__Carbapenems__North West,lstm
2025-08-01,0.2331454845948437,True,E-coli__Carbapenems__North West,lstm
2025-09-01,0.20194790269908805,True,E-coli__Carbapenems__North West,lstm
2025-10-01,0.16258923290099495,True,E-coli__Carbapenems__North West,lstm
2025-11-01,0.12363532911166339,True,E-coli__Carbapenems__North West,lstm
2025-12-01,0.10045375875182526,True,E-coli__Carbapenems__North West,lstm
2020-10-01,0.0,False,E-coli__Carbapenems__South East,lstm
2020-11-01,0.0,False,E-coli__Carbapenems__South East,lstm
2020-12-01,0.08,False,E-coli__Carbapenems__South East,lstm
2021-01-01,0.09,False,E-coli__Carbapenems__South East,lstm
2021-02-01,0.09,False,E-coli__Carbapenems__South East,lstm
2021-03-01,0.09,False,E-coli__Carbapenems__South East,lstm
2021-04-01,0.09,False,E-coli__Carbapenems__South East,lstm
2021-05-01,0.38,False,E-coli__Carbapenems__South East,lstm
2021-06-01,0.31,False,E-coli__Carbapenems__South East,lstm
2021-07-01,0.37,False,E-coli__Carbapenems__South East,lstm
2021-08-01,0.29,False,E-coli__Carbapenems__South East,lstm
2021-09-01,0.36,False,E-coli__Carbapenems__South East,lstm
2021-10-01,0.3,False,E-coli__Carbapenems__South East,lstm
2021-11-01,0.08,False,E-coli__Carbapenems__South East,lstm
2021-12-01,0.0,False,E-coli__Carbapenems__South East,lstm
2022-01-01,0.0,False,E-coli__Carbapenems__South East,lstm
2022-02-01,0.0,False,E-coli__Carbapenems__South East,lstm
2022-03-01,0.08,False,E-coli__Carbapenems__South East,lstm
2022-04-01,0.16,False,E-coli__Carbapenems__South East,lstm
2022-05-01,0.17,False,E-coli__Carbapenems__South East,lstm
2022-06-01,0.09,False,E-coli__Carbapenems__South East,lstm
2022-07-01,0.0,False,E-coli__Carbapenems__South East,lstm
2022-08-01,0.08,False,E-coli__Carbapenems__South East,lstm
2022-09-01,0.07,False,E-coli__Carbapenems__South East,lstm
2022-10-01,0.34,False,E-coli__Carbapenems__South East,lstm
2022-11-01,0.5,False,E-coli__Carbapenems__South East,lstm
2022-12-01,0.54,False,E-coli__Carbapenems__South East,lstm
2023-01-01,0.56,False,E-coli__Carbapenems__South East,lstm
2023-02-01,0.33,False,E-coli__Carbapenems__South East,lstm
2023-03-01,0.56,False,E-coli__Carbapenems__South East,lstm
2023-04-01,0.45999999999999996,False,E-coli__Carbapenems__South East,lstm
2023-05-01,0.43999999999999995,False,E-coli__Carbapenems__South East,lstm
2023-06-01,0.28,False,E-coli__Carbapenems__South East,lstm
2023-07-01,0.2,False,E-coli__Carbapenems__South East,lstm
2023-08-01,0.26,False,E-coli__Carbapenems__South East,lstm
2023-09-01,0.33,False,E-coli__Carbapenems__South East,lstm
2023-10-01,0.35,False,E-coli__Carbapenems__South East,lstm
2023-11-01,0.56,False,E-coli__Carbapenems__South East,lstm
2023-12-01,0.5,False,E-coli__Carbapenems__South East,lstm
2024-01-01,0.5,False,E-coli__Carbapenems__South East,lstm
2024-02-01,0.36,False,E-coli__Carbapenems__South East,lstm
2024-03-01,0.5,False,E-coli__Carbapenems__South East,lstm
2024-04-01,0.72,False,E-coli__Carbapenems__South East,lstm
2024-05-01,0.64,False,E-coli__Carbapenems__South East,lstm
2024-06-01,0.42,False,E-coli__Carbapenems__South East,lstm
2024-07-01,0.13,False,E-coli__Carbapenems__South East,lstm
2024-08-01,0.06,False,E-coli__Carbapenems__South East,lstm
2024-09-01,0.06,False,E-coli__Carbapenems__South East,lstm
2024-10-01,0.0,False,E-coli__Carbapenems__South East,lstm
2024-11-01,0.0,False,E-coli__Carbapenems__South East,lstm
2024-12-01,0.06,False,E-coli__Carbapenems__South East,lstm
2025-01-01,0.13,False,E-coli__Carbapenems__South East,lstm
2025-02-01,0.26,False,E-coli__Carbapenems__South East,lstm
2025-03-01,0.2,False,E-coli__Carbapenems__South East,lstm
2025-04-01,0.2,False,E-coli__Carbapenems__South East,lstm
2025-05-01,0.13,False,E-coli__Carbapenems__South East,lstm
2025-06-01,0.13,False,E-coli__Carbapenems__South East,lstm
2025-07-01,0.0610623563051025,True,E-coli__Carbapenems__South East,lstm
2025-08-01,0.02655145498451745,True,E-coli__Carbapenems__South East,lstm
2025-09-01,0.004618061655595655,True,E-coli__Carbapenems__South East,lstm
2025-10-01,-0.0001742376187510014,True,E-coli__Carbapenems__South East,lstm
2025-11-01,0.008657692383218403,True,E-coli__Carbapenems__South East,lstm
2025-12-01,0.024074329173464117,True,E-coli__Carbapenems__South East,lstm
2020-10-01,0.0,False,E-coli__Carbapenems__South West,lstm
2020-11-01,0.0,False,E-coli__Carbapenems__South West,lstm
2020-12-01,0.0,False,E-coli__Carbapenems__South West,lstm
2021-01-01,0.0,False,E-coli__Carbapenems__South West,lstm
2021-02-01,0.0,False,E-coli__Carbapenems__South West,lstm
2021-03-01,0.0,False,E-coli__Carbapenems__South West,lstm
2021-04-01,0.0,False,E-coli__Carbapenems__South West,lstm
2021-05-01,0.0,False,E-coli__Carbapenems__South West,lstm
2021-06-01,0.0,False,E-coli__Carbapenems__South West,lstm
2021-07-01,0.0,False,E-coli__Carbapenems__South West,lstm
2021-08-01,0.0,False,E-coli__Carbapenems__South West,lstm
2021-09-01,0.22999999999999998,False,E-coli__Carbapenems__South West,lstm
2021-10-01,0.22999999999999998,False,E-coli__Carbapenems__South West,lstm
2021-11-01,0.25,False,E-coli__Carbapenems__South West,lstm
2021-12-01,0.0,False,E-coli__Carbapenems__South West,lstm
2022-01-01,0.0,False,E-coli__Carbapenems__South West,lstm
2022-02-01,0.0,False,E-coli__Carbapenems__South West,lstm
2022-03-01,0.0,False,E-coli__Carbapenems__South West,lstm
2022-04-01,0.0,False,E-coli__Carbapenems__South West,lstm
2022-05-01,0.0,False,E-coli__Carbapenems__South West,lstm
2022-06-01,0.0,False,E-coli__Carbapenems__South West,lstm
2022-07-01,0.0,False,E-coli__Carbapenems__South West,lstm
2022-08-01,0.0,False,E-coli__Carbapenems__South West,lstm
2022-09-01,0.0,False,E-coli__Carbapenems__South West,lstm
2022-10-01,0.12,False,E-coli__Carbapenems__South West,lstm
2022-11-01,0.10999999999999999,False,E-coli__Carbapenems__South West,lstm
2022-12-01,0.12,False,E-coli__Carbapenems__South West,lstm
2023-01-01,0.0,False,E-coli__Carbapenems__South West,lstm
2023-02-01,0.0,False,E-coli__Carbapenems__South West,lstm
2023-03-01,0.12,False,E-coli__Carbapenems__South West,lstm
2023-04-01,0.36,False,E-coli__Carbapenems__South West,lstm
2023-05-01,0.36,False,E-coli__Carbapenems__South West,lstm
2023-06-01,0.22999999999999998,False,E-coli__Carbapenems__South West,lstm
2023-07-01,0.0,False,E-coli__Carbapenems__South West,lstm
2023-08-01,0.0,False,E-coli__Carbapenems__South West,lstm
2023-09-01,0.0,False,E-coli__Carbapenems__South West,lstm
2023-10-01,0.0,False,E-coli__Carbapenems__South West,lstm
2023-11-01,0.0,False,E-coli__Carbapenems__South West,lstm
2023-12-01,0.0,False,E-coli__Carbapenems__South West,lstm
2024-01-01,0.0,False,E-coli__Carbapenems__South West,lstm
2024-02-01,0.0,False,E-coli__Carbapenems__South West,lstm
2024-03-01,0.0,False,E-coli__Carbapenems__South West,lstm
2024-04-01,0.0,False,E-coli__Carbapenems__South West,lstm
2024-05-01,0.0,False,E-coli__Carbapenems__South West,lstm
2024-06-01,0.0,False,E-coli__Carbapenems__South West,lstm
2024-07-01,0.0,False,E-coli__Carbapenems__South West,lstm
2024-08-01,0.0,False,E-coli__Carbapenems__South West,lstm
2024-09-01,0.0,False,E-coli__Carbapenems__South West,lstm
2024-10-01,0.10999999999999999,False,E-coli__Carbapenems__South West,lstm
2024-11-01,0.10999999999999999,False,E-coli__Carbapenems__South West,lstm
2024-12-01,0.12,False,E-coli__Carbapenems__South West,lstm
2025-01-01,0.0,False,E-coli__Carbapenems__South West,lstm
2025-02-01,0.0,False,E-coli__Carbapenems__South West,lstm
2025-03-01,0.10999999999999999,False,E-coli__Carbapenems__South West,lstm
2025-04-01,0.10999999999999999,False,E-coli__Carbapenems__South West,lstm
2025-05-01,0.1,False,E-coli__Carbapenems__South West,lstm
2025-06-01,0.0,False,E-coli__Carbapenems__South West,lstm
2025-07-01,0.05222254201336172,True,E-coli__Carbapenems__South West,lstm
2025-08-01,0.03938651731073795,True,E-coli__Carbapenems__South West,lstm
2025-09-01,0.03132737062836447,True,E-coli__Carbapenems__South West,lstm
2025-10-01,0.023044311209885874,True,E-coli__Carbapenems__South West,lstm
2025-11-01,0.018344957603583106,True,E-coli__Carbapenems__South West,lstm
2025-12-01,0.019922547371876594,True,E-coli__Carbapenems__South West,lstm
2020-10-01,0.11,False,E-coli__Carbapenems__West Midlands,lstm
2020-11-01,0.11,False,E-coli__Carbapenems__West Midlands,lstm
2020-12-01,0.21,False,E-coli__Carbapenems__West Midlands,lstm
2021-01-01,0.11,False,E-coli__Carbapenems__West Midlands,lstm
2021-02-01,0.23,False,E-coli__Carbapenems__West Midlands,lstm
2021-03-01,0.12,False,E-coli__Carbapenems__West Midlands,lstm
2021-04-01,0.22,False,E-coli__Carbapenems__West Midlands,lstm
2021-05-01,0.11,False,E-coli__Carbapenems__West Midlands,lstm
2021-06-01,0.11,False,E-coli__Carbapenems__West Midlands,lstm
2021-07-01,0.11,False,E-coli__Carbapenems__West Midlands,lstm
2021-08-01,0.2,False,E-coli__Carbapenems__West Midlands,lstm
2021-09-01,0.31,False,E-coli__Carbapenems__West Midlands,lstm
2021-10-01,0.22,False,E-coli__Carbapenems__West Midlands,lstm
2021-11-01,0.23,False,E-coli__Carbapenems__West Midlands,lstm
2021-12-01,0.22,False,E-coli__Carbapenems__West Midlands,lstm
2022-01-01,0.22,False,E-coli__Carbapenems__West Midlands,lstm
2022-02-01,0.11,False,E-coli__Carbapenems__West Midlands,lstm
2022-03-01,0.0,False,E-coli__Carbapenems__West Midlands,lstm
2022-04-01,0.0,False,E-coli__Carbapenems__West Midlands,lstm
2022-05-01,0.0,False,E-coli__Carbapenems__West Midlands,lstm
2022-06-01,0.11,False,E-coli__Carbapenems__West Midlands,lstm
2022-07-01,0.1,False,E-coli__Carbapenems__West Midlands,lstm
2022-08-01,0.2,False,E-coli__Carbapenems__West Midlands,lstm
2022-09-01,0.1,False,E-coli__Carbapenems__West Midlands,lstm
2022-10-01,0.1,False,E-coli__Carbapenems__West Midlands,lstm
2022-11-01,0.11,False,E-coli__Carbapenems__West Midlands,lstm
2022-12-01,0.11,False,E-coli__Carbapenems__West Midlands,lstm
2023-01-01,0.12,False,E-coli__Carbapenems__West Midlands,lstm
2023-02-01,0.0,False,E-coli__Carbapenems__West Midlands,lstm
2023-03-01,0.0,False,E-coli__Carbapenems__West Midlands,lstm
2023-04-01,0.11,False,E-coli__Carbapenems__West Midlands,lstm
2023-05-01,0.1,False,E-coli__Carbapenems__West Midlands,lstm
2023-06-01,0.1,False,E-coli__Carbapenems__West Midlands,lstm
2023-07-01,0.19,False,E-coli__Carbapenems__West Midlands,lstm
2023-08-01,0.18,False,E-coli__Carbapenems__West Midlands,lstm
2023-09-01,0.18,False,E-coli__Carbapenems__West Midlands,lstm
2023-10-01,0.09,False,E-coli__Carbapenems__West Midlands,lstm
2023-11-01,0.18,False,E-coli__Carbapenems__West Midlands,lstm
2023-12-01,0.19,False,E-coli__Carbapenems__West Midlands,lstm
2024-01-01,0.1,False,E-coli__Carbapenems__West Midlands,lstm
2024-02-01,0.0,False,E-coli__Carbapenems__West Midlands,lstm
2024-03-01,0.0,False,E-coli__Carbapenems__West Midlands,lstm
2024-04-01,0.2,False,E-coli__Carbapenems__West Midlands,lstm
2024-05-01,0.28,False,E-coli__Carbapenems__West Midlands,lstm
2024-06-01,0.27,False,E-coli__Carbapenems__West Midlands,lstm
2024-07-01,0.17,False,E-coli__Carbapenems__West Midlands,lstm
2024-08-01,0.18,False,E-coli__Carbapenems__West Midlands,lstm
2024-09-01,0.18,False,E-coli__Carbapenems__West Midlands,lstm
2024-10-01,0.09,False,E-coli__Carbapenems__West Midlands,lstm
2024-11-01,0.0,False,E-coli__Carbapenems__West Midlands,lstm
2024-12-01,0.0,False,E-coli__Carbapenems__West Midlands,lstm
2025-01-01,0.19,False,E-coli__Carbapenems__West Midlands,lstm
2025-02-01,0.4,False,E-coli__Carbapenems__West Midlands,lstm
2025-03-01,0.38,False,E-coli__Carbapenems__West Midlands,lstm
2025-04-01,0.3,False,E-coli__Carbapenems__West Midlands,lstm
2025-05-01,0.19,False,E-coli__Carbapenems__West Midlands,lstm
2025-06-01,0.47,False,E-coli__Carbapenems__West Midlands,lstm
2025-07-01,0.17296461494004461,True,E-coli__Carbapenems__West Midlands,lstm
2025-08-01,0.17149445208963784,True,E-coli__Carbapenems__West Midlands,lstm
2025-09-01,0.16811130072801014,True,E-coli__Carbapenems__West Midlands,lstm
2025-10-01,0.160833327446787,True,E-coli__Carbapenems__West Midlands,lstm
2025-11-01,0.14960055769096176,True,E-coli__Carbapenems__West Midlands,lstm
2025-12-01,0.1344842300250776,True,E-coli__Carbapenems__West Midlands,lstm
2020-10-01,0.11,False,E-coli__Carbapenems__Yorkshire and Humber,lstm
2020-11-01,0.12,False,E-coli__Carbapenems__Yorkshire and Humber,lstm
2020-12-01,0.0,False,E-coli__Carbapenems__Yorkshire and Humber,lstm
2021-01-01,0.0,False,E-coli__Carbapenems__Yorkshire and Humber,lstm
2021-02-01,0.0,False,E-coli__Carbapenems__Yorkshire and Humber,lstm
2021-03-01,0.0,False,E-coli__Carbapenems__Yorkshire and Humber,lstm
2021-04-01,0.11,False,E-coli__Carbapenems__Yorkshire and Humber,lstm
2021-05-01,0.1,False,E-coli__Carbapenems__Yorkshire and Humber,lstm
2021-06-01,0.1,False,E-coli__Carbapenems__Yorkshire and Humber,lstm
2021-07-01,0.0,False,E-coli__Carbapenems__Yorkshire and Humber,lstm
2021-08-01,0.1,False,E-coli__Carbapenems__Yorkshire and Humber,lstm
2021-09-01,0.11,False,E-coli__Carbapenems__Yorkshire and Humber,lstm
2021-10-01,0.11,False,E-coli__Carbapenems__Yorkshire and Humber,lstm
2021-11-01,0.0,False,E-coli__Carbapenems__Yorkshire and Humber,lstm
2021-12-01,0.0,False,E-coli__Carbapenems__Yorkshire and Humber,lstm
2022-01-01,0.0,False,E-coli__Carbapenems__Yorkshire and Humber,lstm
2022-02-01,0.0,False,E-coli__Carbapenems__Yorkshire and Humber,lstm
2022-03-01,0.0,False,E-coli__Carbapenems__Yorkshire and Humber,lstm
2022-04-01,0.12,False,E-coli__Carbapenems__Yorkshire and Humber,lstm
2022-05-01,0.11,False,E-coli__Carbapenems__Yorkshire and Humber,lstm
2022-06-01,0.11,False,E-coli__Carbapenems__Yorkshire and Humber,lstm
2022-07-01,0.0,False,E-coli__Carbapenems__Yorkshire and Humber,lstm
2022-08-01,0.0,False,E-coli__Carbapenems__Yorkshire and Humber,lstm
2022-09-01,0.0,False,E-coli__Carbapenems__Yorkshire and Humber,lstm
2022-10-01,0.1,False,E-coli__Carbapenems__Yorkshire and Humber,lstm
2022-11-01,0.11,False,E-coli__Carbapenems__Yorkshire and Humber,lstm
2022-12-01,0.11,False,E-coli__Carbapenems__Yorkshire and Humber,lstm
2023-01-01,0.0,False,E-coli__Carbapenems__Yorkshire and Humber,lstm
2023-02-01,0.0,False,E-coli__Carbapenems__Yorkshire and Humber,lstm
2023-03-01,0.12,False,E-coli__Carbapenems__Yorkshire and Humber,lstm
2023-04-01,0.12,False,E-coli__Carbapenems__Yorkshire and Humber,lstm
2023-05-01,0.44999999999999996,False,E-coli__Carbapenems__Yorkshire and Humber,lstm
2023-06-01,0.31,False,E-coli__Carbapenems__Yorkshire and Humber,lstm
2023-07-01,0.41,False,E-coli__Carbapenems__Yorkshire and Humber,lstm
2023-08-01,0.1,False,E-coli__Carbapenems__Yorkshire and Humber,lstm
2023-09-01,0.1,False,E-coli__Carbapenems__Yorkshire and Humber,lstm
2023-10-01,0.0,False,E-coli__Carbapenems__Yorkshire and Humber,lstm
2023-11-01,0.0,False,E-coli__Carbapenems__Yorkshire and Humber,lstm
2023-12-01,0.1,False,E-coli__Carbapenems__Yorkshire and Humber,lstm
2024-01-01,0.11,False,E-coli__Carbapenems__Yorkshire and Humber,lstm
2024-02-01,0.1,False,E-coli__Carbapenems__Yorkshire and Humber,lstm
2024-03-01,0.0,False,E-coli__Carbapenems__Yorkshire and Humber,lstm
2024-04-01,0.0,False,E-coli__Carbapenems__Yorkshire and Humber,lstm
2024-05-01,0.0,False,E-coli__Carbapenems__Yorkshire and Humber,lstm
2024-06-01,0.0,False,E-coli__Carbapenems__Yorkshire and Humber,lstm
2024-07-01,0.0,False,E-coli__Carbapenems__Yorkshire and Humber,lstm
2024-08-01,0.19,False,E-coli__Carbapenems__Yorkshire and Humber,lstm
2024-09-01,0.29,False,E-coli__Carbapenems__Yorkshire and Humber,lstm
2024-10-01,0.36,False,E-coli__Carbapenems__Yorkshire and Humber,lstm
2024-11-01,0.19,False,E-coli__Carbapenems__Yorkshire and Humber,lstm
2024-12-01,0.1,False,E-coli__Carbapenems__Yorkshire and Humber,lstm
2025-01-01,0.1,False,E-coli__Carbapenems__Yorkshire and Humber,lstm
2025-02-01,0.22,False,E-coli__Carbapenems__Yorkshire and Humber,lstm
2025-03-01,0.33,False,E-coli__Carbapenems__Yorkshire and Humber,lstm
2025-04-01,0.32,False,E-coli__Carbapenems__Yorkshire and Humber,lstm
2025-05-01,0.2,False,E-coli__Carbapenems__Yorkshire and Humber,lstm
2025-06-01,0.09,False,E-coli__Carbapenems__Yorkshire and Humber,lstm
2025-07-01,0.14925209031227515,True,E-coli__Carbapenems__Yorkshire and Humber,lstm
2025-08-01,0.1415828798437706,True,E-coli__Carbapenems__Yorkshire and Humber,lstm
2025-09-01,0.12549947296659258,True,E-coli__Carbapenems__Yorkshire and Humber,lstm
2025-10-01,0.09949154803718997,True,E-coli__Carbapenems__Yorkshire and Humber,lstm
2025-11-01,0.06918082000760424,True,E-coli__Carbapenems__Yorkshire and Humber,lstm
2025-12-01,0.045725358692115387,True,E-coli__Carbapenems__Yorkshire and Humber,lstm
2020-10-01,13.68,False,E-coli__Ciprofloxacin__East Midlands,lstm
2020-11-01,14.76,False,E-coli__Ciprofloxacin__East Midlands,lstm
2020-12-01,13.17,False,E-coli__Ciprofloxacin__East Midlands,lstm
2021-01-01,14.31,False,E-coli__Ciprofloxacin__East Midlands,lstm
2021-02-01,14.43,False,E-coli__Ciprofloxacin__East Midlands,lstm
2021-03-01,16.46,False,E-coli__Ciprofloxacin__East Midlands,lstm
2021-04-01,15.57,False,E-coli__Ciprofloxacin__East Midlands,lstm
2021-05-01,14.91,False,E-coli__Ciprofloxacin__East Midlands,lstm
2021-06-01,14.04,False,E-coli__Ciprofloxacin__East Midlands,lstm
2021-07-01,14.07,False,E-coli__Ciprofloxacin__East Midlands,lstm
2021-08-01,14.29,False,E-coli__Ciprofloxacin__East Midlands,lstm
2021-09-01,13.4,False,E-coli__Ciprofloxacin__East Midlands,lstm
2021-10-01,13.02,False,E-coli__Ciprofloxacin__East Midlands,lstm
2021-11-01,13.77,False,E-coli__Ciprofloxacin__East Midlands,lstm
2021-12-01,15.12,False,E-coli__Ciprofloxacin__East Midlands,lstm
2022-01-01,17.68,False,E-coli__Ciprofloxacin__East Midlands,lstm
2022-02-01,17.13,False,E-coli__Ciprofloxacin__East Midlands,lstm
2022-03-01,16.31,False,E-coli__Ciprofloxacin__East Midlands,lstm
2022-04-01,15.87,False,E-coli__Ciprofloxacin__East Midlands,lstm
2022-05-01,15.32,False,E-coli__Ciprofloxacin__East Midlands,lstm
2022-06-01,14.89,False,E-coli__Ciprofloxacin__East Midlands,lstm
2022-07-01,14.42,False,E-coli__Ciprofloxacin__East Midlands,lstm
2022-08-01,14.21,False,E-coli__Ciprofloxacin__East Midlands,lstm
2022-09-01,14.44,False,E-coli__Ciprofloxacin__East Midlands,lstm
2022-10-01,14.949999999999998,False,E-coli__Ciprofloxacin__East Midlands,lstm
2022-11-01,14.84,False,E-coli__Ciprofloxacin__East Midlands,lstm
2022-12-01,16.67,False,E-coli__Ciprofloxacin__East Midlands,lstm
2023-01-01,14.07,False,E-coli__Ciprofloxacin__East Midlands,lstm
2023-02-01,13.88,False,E-coli__Ciprofloxacin__East Midlands,lstm
2023-03-01,13.02,False,E-coli__Ciprofloxacin__East Midlands,lstm
2023-04-01,15.109999999999998,False,E-coli__Ciprofloxacin__East Midlands,lstm
2023-05-01,16.55,False,E-coli__Ciprofloxacin__East Midlands,lstm
2023-06-01,16.17,False,E-coli__Ciprofloxacin__East Midlands,lstm
2023-07-01,16.67,False,E-coli__Ciprofloxacin__East Midlands,lstm
2023-08-01,15.56,False,E-coli__Ciprofloxacin__East Midlands,lstm
2023-09-01,15.749999999999998,False,E-coli__Ciprofloxacin__East Midlands,lstm
2023-10-01,16.13,False,E-coli__Ciprofloxacin__East Midlands,lstm
2023-11-01,17.81,False,E-coli__Ciprofloxacin__East Midlands,lstm
2023-12-01,20.48,False,E-coli__Ciprofloxacin__East Midlands,lstm
2024-01-01,19.74,False,E-coli__Ciprofloxacin__East Midlands,lstm
2024-02-01,19.15,False,E-coli__Ciprofloxacin__East Midlands,lstm
2024-03-01,16.49,False,E-coli__Ciprofloxacin__East Midlands,lstm
2024-04-01,16.92,False,E-coli__Ciprofloxacin__East Midlands,lstm
2024-05-01,17.2,False,E-coli__Ciprofloxacin__East Midlands,lstm
2024-06-01,18.02,False,E-coli__Ciprofloxacin__East Midlands,lstm
2024-07-01,18.67,False,E-coli__Ciprofloxacin__East Midlands,lstm
2024-08-01,17.92,False,E-coli__Ciprofloxacin__East Midlands,lstm
2024-09-01,18.59,False,E-coli__Ciprofloxacin__East Midlands,lstm
2024-10-01,17.29,False,E-coli__Ciprofloxacin__East Midlands,lstm
2024-11-01,17.14,False,E-coli__Ciprofloxacin__East Midlands,lstm
2024-12-01,17.37,False,E-coli__Ciprofloxacin__East Midlands,lstm
2025-01-01,17.86,False,E-coli__Ciprofloxacin__East Midlands,lstm
2025-02-01,19.34,False,E-coli__Ciprofloxacin__East Midlands,lstm
2025-03-01,19.06,False,E-coli__Ciprofloxacin__East Midlands,lstm
2025-04-01,19.93,False,E-coli__Ciprofloxacin__East Midlands,lstm
2025-05-01,19.12,False,E-coli__Ciprofloxacin__East Midlands,lstm
2025-06-01,19.16,False,E-coli__Ciprofloxacin__East Midlands,lstm
2025-07-01,17.33882227403637,True,E-coli__Ciprofloxacin__East Midlands,lstm
2025-08-01,17.621425846766755,True,E-coli__Ciprofloxacin__East Midlands,lstm
2025-09-01,17.837296016184922,True,E-coli__Ciprofloxacin__East Midlands,lstm
2025-10-01,18.04370878610381,True,E-coli__Ciprofloxacin__East Midlands,lstm
2025-11-01,18.13646169786194,True,E-coli__Ciprofloxacin__East Midlands,lstm
2025-12-01,18.173159668746973,True,E-coli__Ciprofloxacin__East Midlands,lstm
2020-10-01,20.41,False,E-coli__Ciprofloxacin__East of England,lstm
2020-11-01,19.18,False,E-coli__Ciprofloxacin__East of England,lstm
2020-12-01,18.21,False,E-coli__Ciprofloxacin__East of England,lstm
2021-01-01,17.8,False,E-coli__Ciprofloxacin__East of England,lstm
2021-02-01,18.3,False,E-coli__Ciprofloxacin__East of England,lstm
2021-03-01,19.04,False,E-coli__Ciprofloxacin__East of England,lstm
2021-04-01,19.07,False,E-coli__Ciprofloxacin__East of England,lstm
2021-05-01,19.33,False,E-coli__Ciprofloxacin__East of England,lstm
2021-06-01,18.42,False,E-coli__Ciprofloxacin__East of England,lstm
2021-07-01,17.35,False,E-coli__Ciprofloxacin__East of England,lstm
2021-08-01,17.58,False,E-coli__Ciprofloxacin__East of England,lstm
2021-09-01,17.85,False,E-coli__Ciprofloxacin__East of England,lstm
2021-10-01,17.77,False,E-coli__Ciprofloxacin__East of England,lstm
2021-11-01,16.48,False,E-coli__Ciprofloxacin__East of England,lstm
2021-12-01,16.49,False,E-coli__Ciprofloxacin__East of England,lstm
2022-01-01,16.27,False,E-coli__Ciprofloxacin__East of England,lstm
2022-02-01,15.040000000000001,False,E-coli__Ciprofloxacin__East of England,lstm
2022-03-01,15.649999999999999,False,E-coli__Ciprofloxacin__East of England,lstm
2022-04-01,16.0,False,E-coli__Ciprofloxacin__East of England,lstm
2022-05-01,18.24,False,E-coli__Ciprofloxacin__East of England,lstm
2022-06-01,18.2,False,E-coli__Ciprofloxacin__East of England,lstm
2022-07-01,18.01,False,E-coli__Ciprofloxacin__East of England,lstm
2022-08-01,17.05,False,E-coli__Ciprofloxacin__East of England,lstm
2022-09-01,16.26,False,E-coli__Ciprofloxacin__East of England,lstm
2022-10-01,16.93,False,E-coli__Ciprofloxacin__East of England,lstm
2022-11-01,18.06,False,E-coli__Ciprofloxacin__East of England,lstm
2022-12-01,19.63,False,E-coli__Ciprofloxacin__East of England,lstm
2023-01-01,20.99,False,E-coli__Ciprofloxacin__East of England,lstm
2023-02-01,21.99,False,E-coli__Ciprofloxacin__East of England,lstm
2023-03-01,20.64,False,E-coli__Ciprofloxacin__East of England,lstm
2023-04-01,20.63,False,E-coli__Ciprofloxacin__East of England,lstm
2023-05-01,19.76,False,E-coli__Ciprofloxacin__East of England,lstm
2023-06-01,20.69,False,E-coli__Ciprofloxacin__East of England,lstm
2023-07-01,19.4,False,E-coli__Ciprofloxacin__East of England,lstm
2023-08-01,19.47,False,E-coli__Ciprofloxacin__East of England,lstm
2023-09-01,19.05,False,E-coli__Ciprofloxacin__East of England,lstm
2023-10-01,18.44,False,E-coli__Ciprofloxacin__East of England,lstm
2023-11-01,18.85,False,E-coli__Ciprofloxacin__East of England,lstm
2023-12-01,17.25,False,E-coli__Ciprofloxacin__East of England,lstm
2024-01-01,17.97,False,E-coli__Ciprofloxacin__East of England,lstm
2024-02-01,17.29,False,E-coli__Ciprofloxacin__East of England,lstm
2024-03-01,18.07,False,E-coli__Ciprofloxacin__East of England,lstm
2024-04-01,19.13,False,E-coli__Ciprofloxacin__East of England,lstm
2024-05-01,19.28,False,E-coli__Ciprofloxacin__East of England,lstm
2024-06-01,20.89,False,E-coli__Ciprofloxacin__East of England,lstm
2024-07-01,21.06,False,E-coli__Ciprofloxacin__East of England,lstm
2024-08-01,21.89,False,E-coli__Ciprofloxacin__East of England,lstm
2024-09-01,20.53,False,E-coli__Ciprofloxacin__East of England,lstm
2024-10-01,19.09,False,E-coli__Ciprofloxacin__East of England,lstm
2024-11-01,17.73,False,E-coli__Ciprofloxacin__East of England,lstm
2024-12-01,17.75,False,E-coli__Ciprofloxacin__East of England,lstm
2025-01-01,18.12,False,E-coli__Ciprofloxacin__East of England,lstm
2025-02-01,19.28,False,E-coli__Ciprofloxacin__East of England,lstm
2025-03-01,19.12,False,E-coli__Ciprofloxacin__East of England,lstm
2025-04-01,18.68,False,E-coli__Ciprofloxacin__East of England,lstm
2025-05-01,16.21,False,E-coli__Ciprofloxacin__East of England,lstm
2025-06-01,15.839999999999998,False,E-coli__Ciprofloxacin__East of England,lstm
2025-07-01,19.63078029118404,True,E-coli__Ciprofloxacin__East of England,lstm
2025-08-01,19.629323705661356,True,E-coli__Ciprofloxacin__East of England,lstm
2025-09-01,19.460107717208242,True,E-coli__Ciprofloxacin__East of England,lstm
2025-10-01,19.17750475606194,True,E-coli__Ciprofloxacin__East of England,lstm
2025-11-01,18.812891058387343,True,E-coli__Ciprofloxacin__East of England,lstm
2025-12-01,18.519016625973624,True,E-coli__Ciprofloxacin__East of England,lstm
2020-10-01,28.21,False,E-coli__Ciprofloxacin__London,lstm
2020-11-01,28.08,False,E-coli__Ciprofloxacin__London,lstm
2020-12-01,29.48,False,E-coli__Ciprofloxacin__London,lstm
2021-01-01,31.74,False,E-coli__Ciprofloxacin__London,lstm
2021-02-01,31.11,False,E-coli__Ciprofloxacin__London,lstm
2021-03-01,27.91,False,E-coli__Ciprofloxacin__London,lstm
2021-04-01,23.42,False,E-coli__Ciprofloxacin__London,lstm
2021-05-01,27.11,False,E-coli__Ciprofloxacin__London,lstm
2021-06-01,25.85,False,E-coli__Ciprofloxacin__London,lstm
2021-07-01,26.58,False,E-coli__Ciprofloxacin__London,lstm
2021-08-01,25.0,False,E-coli__Ciprofloxacin__London,lstm
2021-09-01,25.43,False,E-coli__Ciprofloxacin__London,lstm
2021-10-01,25.93,False,E-coli__Ciprofloxacin__London,lstm
2021-11-01,27.84,False,E-coli__Ciprofloxacin__London,lstm
2021-12-01,28.0,False,E-coli__Ciprofloxacin__London,lstm
2022-01-01,28.24,False,E-coli__Ciprofloxacin__London,lstm
2022-02-01,26.45,False,E-coli__Ciprofloxacin__London,lstm
2022-03-01,27.78,False,E-coli__Ciprofloxacin__London,lstm
2022-04-01,28.72,False,E-coli__Ciprofloxacin__London,lstm
2022-05-01,27.98,False,E-coli__Ciprofloxacin__London,lstm
2022-06-01,28.9,False,E-coli__Ciprofloxacin__London,lstm
2022-07-01,28.75,False,E-coli__Ciprofloxacin__London,lstm
2022-08-01,29.1,False,E-coli__Ciprofloxacin__London,lstm
2022-09-01,27.05,False,E-coli__Ciprofloxacin__London,lstm
2022-10-01,26.5,False,E-coli__Ciprofloxacin__London,lstm
2022-11-01,26.92,False,E-coli__Ciprofloxacin__London,lstm
2022-12-01,28.27,False,E-coli__Ciprofloxacin__London,lstm
2023-01-01,27.76,False,E-coli__Ciprofloxacin__London,lstm
2023-02-01,28.28,False,E-coli__Ciprofloxacin__London,lstm
2023-03-01,27.13,False,E-coli__Ciprofloxacin__London,lstm
2023-04-01,28.67,False,E-coli__Ciprofloxacin__London,lstm
2023-05-01,29.26,False,E-coli__Ciprofloxacin__London,lstm
2023-06-01,30.15,False,E-coli__Ciprofloxacin__London,lstm
2023-07-01,28.94,False,E-coli__Ciprofloxacin__London,lstm
2023-08-01,27.669999999999998,False,E-coli__Ciprofloxacin__London,lstm
2023-09-01,28.28,False,E-coli__Ciprofloxacin__London,lstm
2023-10-01,29.14,False,E-coli__Ciprofloxacin__London,lstm
2023-11-01,28.73,False,E-coli__Ciprofloxacin__London,lstm
2023-12-01,27.36,False,E-coli__Ciprofloxacin__London,lstm
2024-01-01,28.21,False,E-coli__Ciprofloxacin__London,lstm
2024-02-01,29.66,False,E-coli__Ciprofloxacin__London,lstm
2024-03-01,30.53,False,E-coli__Ciprofloxacin__London,lstm
2024-04-01,29.87,False,E-coli__Ciprofloxacin__London,lstm
2024-05-01,30.07,False,E-coli__Ciprofloxacin__London,lstm
2024-06-01,30.45,False,E-coli__Ciprofloxacin__London,lstm
2024-07-01,31.11,False,E-coli__Ciprofloxacin__London,lstm
2024-08-01,30.17,False,E-coli__Ciprofloxacin__London,lstm
2024-09-01,28.61,False,E-coli__Ciprofloxacin__London,lstm
2024-10-01,27.95,False,E-coli__Ciprofloxacin__London,lstm
2024-11-01,26.4,False,E-coli__Ciprofloxacin__London,lstm
2024-12-01,27.269999999999996,False,E-coli__Ciprofloxacin__London,lstm
2025-01-01,27.26,False,E-coli__Ciprofloxacin__London,lstm
2025-02-01,29.390000000000004,False,E-coli__Ciprofloxacin__London,lstm
2025-03-01,29.89,False,E-coli__Ciprofloxacin__London,lstm
2025-04-01,29.42,False,E-coli__Ciprofloxacin__London,lstm
2025-05-01,29.15,False,E-coli__Ciprofloxacin__London,lstm
2025-06-01,29.31,False,E-coli__Ciprofloxacin__London,lstm
2025-07-01,29.16758220709878,True,E-coli__Ciprofloxacin__London,lstm
2025-08-01,29.207366379772026,True,E-coli__Ciprofloxacin__London,lstm
2025-09-01,29.123042284896044,True,E-coli__Ciprofloxacin__London,lstm
2025-10-01,28.936250231622026,True,E-coli__Ciprofloxacin__London,lstm
2025-11-01,28.72052977230618,True,E-coli__Ciprofloxacin__London,lstm
2025-12-01,28.56348405846908,True,E-coli__Ciprofloxacin__London,lstm
2020-10-01,10.95,False,E-coli__Ciprofloxacin__North East,lstm
2020-11-01,11.96,False,E-coli__Ciprofloxacin__North East,lstm
2020-12-01,14.5,False,E-coli__Ciprofloxacin__North East,lstm
2021-01-01,13.58,False,E-coli__Ciprofloxacin__North East,lstm
2021-02-01,12.88,False,E-coli__Ciprofloxacin__North East,lstm
2021-03-01,12.44,False,E-coli__Ciprofloxacin__North East,lstm
2021-04-01,12.61,False,E-coli__Ciprofloxacin__North East,lstm
2021-05-01,11.51,False,E-coli__Ciprofloxacin__North East,lstm
2021-06-01,10.28,False,E-coli__Ciprofloxacin__North East,lstm
2021-07-01,9.41,False,E-coli__Ciprofloxacin__North East,lstm
2021-08-01,9.78,False,E-coli__Ciprofloxacin__North East,lstm
2021-09-01,9.69,False,E-coli__Ciprofloxacin__North East,lstm
2021-10-01,9.96,False,E-coli__Ciprofloxacin__North East,lstm
2021-11-01,10.16,False,E-coli__Ciprofloxacin__North East,lstm
2021-12-01,10.67,False,E-coli__Ciprofloxacin__North East,lstm
2022-01-01,9.6,False,E-coli__Ciprofloxacin__North East,lstm
2022-02-01,8.65,False,E-coli__Ciprofloxacin__North East,lstm
2022-03-01,10.43,False,E-coli__Ciprofloxacin__North East,lstm
2022-04-01,12.469999999999999,False,E-coli__Ciprofloxacin__North East,lstm
2022-05-01,13.219999999999999,False,E-coli__Ciprofloxacin__North East,lstm
2022-06-01,12.33,False,E-coli__Ciprofloxacin__North East,lstm
2022-07-01,12.99,False,E-coli__Ciprofloxacin__North East,lstm
2022-08-01,14.14,False,E-coli__Ciprofloxacin__North East,lstm
2022-09-01,12.62,False,E-coli__Ciprofloxacin__North East,lstm
2022-10-01,11.32,False,E-coli__Ciprofloxacin__North East,lstm
2022-11-01,11.32,False,E-coli__Ciprofloxacin__North East,lstm
2022-12-01,13.2,False,E-coli__Ciprofloxacin__North East,lstm
2023-01-01,13.419999999999998,False,E-coli__Ciprofloxacin__North East,lstm
2023-02-01,12.640000000000002,False,E-coli__Ciprofloxacin__North East,lstm
2023-03-01,11.41,False,E-coli__Ciprofloxacin__North East,lstm
2023-04-01,12.009999999999998,False,E-coli__Ciprofloxacin__North East,lstm
2023-05-01,11.24,False,E-coli__Ciprofloxacin__North East,lstm
2023-06-01,10.99,False,E-coli__Ciprofloxacin__North East,lstm
2023-07-01,11.980000000000002,False,E-coli__Ciprofloxacin__North East,lstm
2023-08-01,13.619999999999997,False,E-coli__Ciprofloxacin__North East,lstm
2023-09-01,13.35,False,E-coli__Ciprofloxacin__North East,lstm
2023-10-01,11.55,False,E-coli__Ciprofloxacin__North East,lstm
2023-11-01,11.69,False,E-coli__Ciprofloxacin__North East,lstm
2023-12-01,12.98,False,E-coli__Ciprofloxacin__North East,lstm
2024-01-01,12.82,False,E-coli__Ciprofloxacin__North East,lstm
2024-02-01,12.58,False,E-coli__Ciprofloxacin__North East,lstm
2024-03-01,11.980000000000002,False,E-coli__Ciprofloxacin__North East,lstm
2024-04-01,11.74,False,E-coli__Ciprofloxacin__North East,lstm
2024-05-01,10.45,False,E-coli__Ciprofloxacin__North East,lstm
2024-06-01,11.47,False,E-coli__Ciprofloxacin__North East,lstm
2024-07-01,11.96,False,E-coli__Ciprofloxacin__North East,lstm
2024-08-01,12.750000000000002,False,E-coli__Ciprofloxacin__North East,lstm
2024-09-01,13.9,False,E-coli__Ciprofloxacin__North East,lstm
2024-10-01,14.050000000000002,False,E-coli__Ciprofloxacin__North East,lstm
2024-11-01,13.91,False,E-coli__Ciprofloxacin__North East,lstm
2024-12-01,11.54,False,E-coli__Ciprofloxacin__North East,lstm
2025-01-01,10.91,False,E-coli__Ciprofloxacin__North East,lstm
2025-02-01,11.13,False,E-coli__Ciprofloxacin__North East,lstm
2025-03-01,12.69,False,E-coli__Ciprofloxacin__North East,lstm
2025-04-01,13.29,False,E-coli__Ciprofloxacin__North East,lstm
2025-05-01,11.980000000000002,False,E-coli__Ciprofloxacin__North East,lstm
2025-06-01,12.07,False,E-coli__Ciprofloxacin__North East,lstm
2025-07-01,12.63107002539317,True,E-coli__Ciprofloxacin__North East,lstm
2025-08-01,12.765116939526251,True,E-coli__Ciprofloxacin__North East,lstm
2025-09-01,12.835400828962602,True,E-coli__Ciprofloxacin__North East,lstm
2025-10-01,12.78906549648975,True,E-coli__Ciprofloxacin__North East,lstm
2025-11-01,12.574743993226074,True,E-coli__Ciprofloxacin__North East,lstm
2025-12-01,12.300372688067537,True,E-coli__Ciprofloxacin__North East,lstm
2020-10-01,16.96,False,E-coli__Ciprofloxacin__North West,lstm
2020-11-01,16.6,False,E-coli__Ciprofloxacin__North West,lstm
2020-12-01,18.05,False,E-coli__Ciprofloxacin__North West,lstm
2021-01-01,19.09,False,E-coli__Ciprofloxacin__North West,lstm
2021-02-01,20.46,False,E-coli__Ciprofloxacin__North West,lstm
2021-03-01,19.22,False,E-coli__Ciprofloxacin__North West,lstm
2021-04-01,18.96,False,E-coli__Ciprofloxacin__North West,lstm
2021-05-01,16.49,False,E-coli__Ciprofloxacin__North West,lstm
2021-06-01,16.19,False,E-coli__Ciprofloxacin__North West,lstm
2021-07-01,16.08,False,E-coli__Ciprofloxacin__North West,lstm
2021-08-01,17.5,False,E-coli__Ciprofloxacin__North West,lstm
2021-09-01,18.0,False,E-coli__Ciprofloxacin__North West,lstm
2021-10-01,17.29,False,E-coli__Ciprofloxacin__North West,lstm
2021-11-01,16.95,False,E-coli__Ciprofloxacin__North West,lstm
2021-12-01,18.1,False,E-coli__Ciprofloxacin__North West,lstm
2022-01-01,18.85,False,E-coli__Ciprofloxacin__North West,lstm
2022-02-01,19.15,False,E-coli__Ciprofloxacin__North West,lstm
2022-03-01,18.84,False,E-coli__Ciprofloxacin__North West,lstm
2022-04-01,19.35,False,E-coli__Ciprofloxacin__North West,lstm
2022-05-01,20.34,False,E-coli__Ciprofloxacin__North West,lstm
2022-06-01,18.49,False,E-coli__Ciprofloxacin__North West,lstm
2022-07-01,17.77,False,E-coli__Ciprofloxacin__North West,lstm
2022-08-01,17.85,False,E-coli__Ciprofloxacin__North West,lstm
2022-09-01,19.4,False,E-coli__Ciprofloxacin__North West,lstm
2022-10-01,19.77,False,E-coli__Ciprofloxacin__North West,lstm
2022-11-01,19.19,False,E-coli__Ciprofloxacin__North West,lstm
2022-12-01,19.04,False,E-coli__Ciprofloxacin__North West,lstm
2023-01-01,18.82,False,E-coli__Ciprofloxacin__North West,lstm
2023-02-01,19.22,False,E-coli__Ciprofloxacin__North West,lstm
2023-03-01,18.36,False,E-coli__Ciprofloxacin__North West,lstm
2023-04-01,18.54,False,E-coli__Ciprofloxacin__North West,lstm
2023-05-01,18.64,False,E-coli__Ciprofloxacin__North West,lstm
2023-06-01,19.91,False,E-coli__Ciprofloxacin__North West,lstm
2023-07-01,19.81,False,E-coli__Ciprofloxacin__North West,lstm
2023-08-01,19.56,False,E-coli__Ciprofloxacin__North West,lstm
2023-09-01,18.84,False,E-coli__Ciprofloxacin__North West,lstm
2023-10-01,19.59,False,E-coli__Ciprofloxacin__North West,lstm
2023-11-01,21.04,False,E-coli__Ciprofloxacin__North West,lstm
2023-12-01,21.72,False,E-coli__Ciprofloxacin__North West,lstm
2024-01-01,21.72,False,E-coli__Ciprofloxacin__North West,lstm
2024-02-01,20.2,False,E-coli__Ciprofloxacin__North West,lstm
2024-03-01,20.79,False,E-coli__Ciprofloxacin__North West,lstm
2024-04-01,21.04,False,E-coli__Ciprofloxacin__North West,lstm
2024-05-01,20.78,False,E-coli__Ciprofloxacin__North West,lstm
2024-06-01,20.82,False,E-coli__Ciprofloxacin__North West,lstm
2024-07-01,20.37,False,E-coli__Ciprofloxacin__North West,lstm
2024-08-01,19.61,False,E-coli__Ciprofloxacin__North West,lstm
2024-09-01,19.03,False,E-coli__Ciprofloxacin__North West,lstm
2024-10-01,20.35,False,E-coli__Ciprofloxacin__North West,lstm
2024-11-01,22.48,False,E-coli__Ciprofloxacin__North West,lstm
2024-12-01,23.38,False,E-coli__Ciprofloxacin__North West,lstm
2025-01-01,22.05,False,E-coli__Ciprofloxacin__North West,lstm
2025-02-01,21.23,False,E-coli__Ciprofloxacin__North West,lstm
2025-03-01,20.78,False,E-coli__Ciprofloxacin__North West,lstm
2025-04-01,21.31,False,E-coli__Ciprofloxacin__North West,lstm
2025-05-01,21.74,False,E-coli__Ciprofloxacin__North West,lstm
2025-06-01,21.44,False,E-coli__Ciprofloxacin__North West,lstm
2025-07-01,20.203462451306933,True,E-coli__Ciprofloxacin__North West,lstm
2025-08-01,20.378279281680612,True,E-coli__Ciprofloxacin__North West,lstm
2025-09-01,20.486452021054184,True,E-coli__Ciprofloxacin__North West,lstm
2025-10-01,20.570198310228466,True,E-coli__Ciprofloxacin__North West,lstm
2025-11-01,20.616554379155257,True,E-coli__Ciprofloxacin__North West,lstm
2025-12-01,20.590804441372203,True,E-coli__Ciprofloxacin__North West,lstm
2020-10-01,18.56,False,E-coli__Ciprofloxacin__South East,lstm
2020-11-01,18.1,False,E-coli__Ciprofloxacin__South East,lstm
2020-12-01,17.13,False,E-coli__Ciprofloxacin__South East,lstm
2021-01-01,17.84,False,E-coli__Ciprofloxacin__South East,lstm
2021-02-01,18.629999999999995,False,E-coli__Ciprofloxacin__South East,lstm
2021-03-01,18.38,False,E-coli__Ciprofloxacin__South East,lstm
2021-04-01,18.37,False,E-coli__Ciprofloxacin__South East,lstm
2021-05-01,16.52,False,E-coli__Ciprofloxacin__South East,lstm
2021-06-01,16.08,False,E-coli__Ciprofloxacin__South East,lstm
2021-07-01,15.36,False,E-coli__Ciprofloxacin__South East,lstm
2021-08-01,16.5,False,E-coli__Ciprofloxacin__South East,lstm
2021-09-01,16.31,False,E-coli__Ciprofloxacin__South East,lstm
2021-10-01,16.12,False,E-coli__Ciprofloxacin__South East,lstm
2021-11-01,15.47,False,E-coli__Ciprofloxacin__South East,lstm
2021-12-01,15.759999999999998,False,E-coli__Ciprofloxacin__South East,lstm
2022-01-01,15.09,False,E-coli__Ciprofloxacin__South East,lstm
2022-02-01,16.53,False,E-coli__Ciprofloxacin__South East,lstm
2022-03-01,16.15,False,E-coli__Ciprofloxacin__South East,lstm
2022-04-01,17.79,False,E-coli__Ciprofloxacin__South East,lstm
2022-05-01,16.4,False,E-coli__Ciprofloxacin__South East,lstm
2022-06-01,17.12,False,E-coli__Ciprofloxacin__South East,lstm
2022-07-01,16.9,False,E-coli__Ciprofloxacin__South East,lstm
2022-08-01,17.86,False,E-coli__Ciprofloxacin__South East,lstm
2022-09-01,18.47,False,E-coli__Ciprofloxacin__South East,lstm
2022-10-01,18.03,False,E-coli__Ciprofloxacin__South East,lstm
2022-11-01,17.69,False,E-coli__Ciprofloxacin__South East,lstm
2022-12-01,17.4,False,E-coli__Ciprofloxacin__South East,lstm
2023-01-01,16.61,False,E-coli__Ciprofloxacin__South East,lstm
2023-02-01,16.02,False,E-coli__Ciprofloxacin__South East,lstm
2023-03-01,15.370000000000001,False,E-coli__Ciprofloxacin__South East,lstm
2023-04-01,17.07,False,E-coli__Ciprofloxacin__South East,lstm
2023-05-01,18.21,False,E-coli__Ciprofloxacin__South East,lstm
2023-06-01,18.6,False,E-coli__Ciprofloxacin__South East,lstm
2023-07-01,18.46,False,E-coli__Ciprofloxacin__South East,lstm
2023-08-01,18.15,False,E-coli__Ciprofloxacin__South East,lstm
2023-09-01,17.53,False,E-coli__Ciprofloxacin__South East,lstm
2023-10-01,17.91,False,E-coli__Ciprofloxacin__South East,lstm
2023-11-01,19.11,False,E-coli__Ciprofloxacin__South East,lstm
2023-12-01,19.64,False,E-coli__Ciprofloxacin__South East,lstm
2024-01-01,18.229999999999997,False,E-coli__Ciprofloxacin__South East,lstm
2024-02-01,17.5,False,E-coli__Ciprofloxacin__South East,lstm
2024-03-01,18.08,False,E-coli__Ciprofloxacin__South East,lstm
2024-04-01,18.94,False,E-coli__Ciprofloxacin__South East,lstm
2024-05-01,18.629999999999995,False,E-coli__Ciprofloxacin__South East,lstm
2024-06-01,17.79,False,E-coli__Ciprofloxacin__South East,lstm
2024-07-01,18.25,False,E-coli__Ciprofloxacin__South East,lstm
2024-08-01,17.87,False,E-coli__Ciprofloxacin__South East,lstm
2024-09-01,18.1,False,E-coli__Ciprofloxacin__South East,lstm
2024-10-01,18.02,False,E-coli__Ciprofloxacin__South East,lstm
2024-11-01,18.520000000000003,False,E-coli__Ciprofloxacin__South East,lstm
2024-12-01,19.64,False,E-coli__Ciprofloxacin__South East,lstm
2025-01-01,17.87,False,E-coli__Ciprofloxacin__South East,lstm
2025-02-01,18.7,False,E-coli__Ciprofloxacin__South East,lstm
2025-03-01,16.44,False,E-coli__Ciprofloxacin__South East,lstm
2025-04-01,17.5,False,E-coli__Ciprofloxacin__South East,lstm
2025-05-01,16.41,False,E-coli__Ciprofloxacin__South East,lstm
2025-06-01,17.36,False,E-coli__Ciprofloxacin__South East,lstm
2025-07-01,17.696605046354822,True,E-coli__Ciprofloxacin__South East,lstm
2025-08-01,17.80421517445906,True,E-coli__Ciprofloxacin__South East,lstm
2025-09-01,17.70027909665074,True,E-coli__Ciprofloxacin__South East,lstm
2025-10-01,17.555626910112807,True,E-coli__Ciprofloxacin__South East,lstm
2025-11-01,17.28829059744363,True,E-coli__Ciprofloxacin__South East,lstm
2025-12-01,17.036666348080285,True,E-coli__Ciprofloxacin__South East,lstm
2020-10-01,15.81,False,E-coli__Ciprofloxacin__South West,lstm
2020-11-01,14.7,False,E-coli__Ciprofloxacin__South West,lstm
2020-12-01,15.0,False,E-coli__Ciprofloxacin__South West,lstm
2021-01-01,12.52,False,E-coli__Ciprofloxacin__South West,lstm
2021-02-01,11.33,False,E-coli__Ciprofloxacin__South West,lstm
2021-03-01,11.89,False,E-coli__Ciprofloxacin__South West,lstm
2021-04-01,11.809999999999999,False,E-coli__Ciprofloxacin__South West,lstm
2021-05-01,12.48,False,E-coli__Ciprofloxacin__South West,lstm
2021-06-01,11.51,False,E-coli__Ciprofloxacin__South West,lstm
2021-07-01,11.72,False,E-coli__Ciprofloxacin__South West,lstm
2021-08-01,13.300000000000002,False,E-coli__Ciprofloxacin__South West,lstm
2021-09-01,13.27,False,E-coli__Ciprofloxacin__South West,lstm
2021-10-01,14.09,False,E-coli__Ciprofloxacin__South West,lstm
2021-11-01,11.76,False,E-coli__Ciprofloxacin__South West,lstm
2021-12-01,10.96,False,E-coli__Ciprofloxacin__South West,lstm
2022-01-01,10.81,False,E-coli__Ciprofloxacin__South West,lstm
2022-02-01,13.06,False,E-coli__Ciprofloxacin__South West,lstm
2022-03-01,13.48,False,E-coli__Ciprofloxacin__South West,lstm
2022-04-01,12.33,False,E-coli__Ciprofloxacin__South West,lstm
2022-05-01,11.609999999999998,False,E-coli__Ciprofloxacin__South West,lstm
2022-06-01,12.6,False,E-coli__Ciprofloxacin__South West,lstm
2022-07-01,14.13,False,E-coli__Ciprofloxacin__South West,lstm
2022-08-01,13.74,False,E-coli__Ciprofloxacin__South West,lstm
2022-09-01,13.069999999999999,False,E-coli__Ciprofloxacin__South West,lstm
2022-10-01,12.35,False,E-coli__Ciprofloxacin__South West,lstm
2022-11-01,12.17,False,E-coli__Ciprofloxacin__South West,lstm
2022-12-01,11.730000000000002,False,E-coli__Ciprofloxacin__South West,lstm
2023-01-01,11.03,False,E-coli__Ciprofloxacin__South West,lstm
2023-02-01,10.74,False,E-coli__Ciprofloxacin__South West,lstm
2023-03-01,11.44,False,E-coli__Ciprofloxacin__South West,lstm
2023-04-01,12.35,False,E-coli__Ciprofloxacin__South West,lstm
2023-05-01,11.96,False,E-coli__Ciprofloxacin__South West,lstm
2023-06-01,13.57,False,E-coli__Ciprofloxacin__South West,lstm
2023-07-01,13.969999999999999,False,E-coli__Ciprofloxacin__South West,lstm
2023-08-01,15.029999999999998,False,E-coli__Ciprofloxacin__South West,lstm
2023-09-01,14.919999999999998,False,E-coli__Ciprofloxacin__South West,lstm
2023-10-01,14.219999999999999,False,E-coli__Ciprofloxacin__South West,lstm
2023-11-01,15.8,False,E-coli__Ciprofloxacin__South West,lstm
2023-12-01,15.510000000000002,False,E-coli__Ciprofloxacin__South West,lstm
2024-01-01,15.64,False,E-coli__Ciprofloxacin__South West,lstm
2024-02-01,13.239999999999998,False,E-coli__Ciprofloxacin__South West,lstm
2024-03-01,13.22,False,E-coli__Ciprofloxacin__South West,lstm
2024-04-01,13.300000000000002,False,E-coli__Ciprofloxacin__South West,lstm
2024-05-01,13.65,False,E-coli__Ciprofloxacin__South West,lstm
2024-06-01,11.730000000000002,False,E-coli__Ciprofloxacin__South West,lstm
2024-07-01,12.81,False,E-coli__Ciprofloxacin__South West,lstm
2024-08-01,13.42,False,E-coli__Ciprofloxacin__South West,lstm
2024-09-01,14.09,False,E-coli__Ciprofloxacin__South West,lstm
2024-10-01,12.339999999999998,False,E-coli__Ciprofloxacin__South West,lstm
2024-11-01,12.36,False,E-coli__Ciprofloxacin__South West,lstm
2024-12-01,13.32,False,E-coli__Ciprofloxacin__South West,lstm
2025-01-01,14.560000000000002,False,E-coli__Ciprofloxacin__South West,lstm
2025-02-01,14.59,False,E-coli__Ciprofloxacin__South West,lstm
2025-03-01,13.75,False,E-coli__Ciprofloxacin__South West,lstm
2025-04-01,12.49,False,E-coli__Ciprofloxacin__South West,lstm
2025-05-01,13.769999999999998,False,E-coli__Ciprofloxacin__South West,lstm
2025-06-01,15.46,False,E-coli__Ciprofloxacin__South West,lstm
2025-07-01,13.597291926510977,True,E-coli__Ciprofloxacin__South West,lstm
2025-08-01,13.739037526670158,True,E-coli__Ciprofloxacin__South West,lstm
2025-09-01,13.760591253275406,True,E-coli__Ciprofloxacin__South West,lstm
2025-10-01,13.662270009746809,True,E-coli__Ciprofloxacin__South West,lstm
2025-11-01,13.466915806733251,True,E-coli__Ciprofloxacin__South West,lstm
2025-12-01,13.212516902675878,True,E-coli__Ciprofloxacin__South West,lstm
2020-10-01,15.55,False,E-coli__Ciprofloxacin__West Midlands,lstm
2020-11-01,16.76,False,E-coli__Ciprofloxacin__West Midlands,lstm
2020-12-01,16.74,False,E-coli__Ciprofloxacin__West Midlands,lstm
2021-01-01,18.61,False,E-coli__Ciprofloxacin__West Midlands,lstm
2021-02-01,20.49,False,E-coli__Ciprofloxacin__West Midlands,lstm
2021-03-01,20.92,False,E-coli__Ciprofloxacin__West Midlands,lstm
2021-04-01,20.04,False,E-coli__Ciprofloxacin__West Midlands,lstm
2021-05-01,18.51,False,E-coli__Ciprofloxacin__West Midlands,lstm
2021-06-01,18.58,False,E-coli__Ciprofloxacin__West Midlands,lstm
2021-07-01,16.24,False,E-coli__Ciprofloxacin__West Midlands,lstm
2021-08-01,15.95,False,E-coli__Ciprofloxacin__West Midlands,lstm
2021-09-01,15.769999999999998,False,E-coli__Ciprofloxacin__West Midlands,lstm
2021-10-01,19.47,False,E-coli__Ciprofloxacin__West Midlands,lstm
2021-11-01,19.72,False,E-coli__Ciprofloxacin__West Midlands,lstm
2021-12-01,19.95,False,E-coli__Ciprofloxacin__West Midlands,lstm
2022-01-01,16.51,False,E-coli__Ciprofloxacin__West Midlands,lstm
2022-02-01,15.78,False,E-coli__Ciprofloxacin__West Midlands,lstm
2022-03-01,15.62,False,E-coli__Ciprofloxacin__West Midlands,lstm
2022-04-01,17.8,False,E-coli__Ciprofloxacin__West Midlands,lstm
2022-05-01,17.6,False,E-coli__Ciprofloxacin__West Midlands,lstm
2022-06-01,18.45,False,E-coli__Ciprofloxacin__West Midlands,lstm
2022-07-01,17.86,False,E-coli__Ciprofloxacin__West Midlands,lstm
2022-08-01,18.72,False,E-coli__Ciprofloxacin__West Midlands,lstm
2022-09-01,19.96,False,E-coli__Ciprofloxacin__West Midlands,lstm
2022-10-01,21.8,False,E-coli__Ciprofloxacin__West Midlands,lstm
2022-11-01,23.11,False,E-coli__Ciprofloxacin__West Midlands,lstm
2022-12-01,22.08,False,E-coli__Ciprofloxacin__West Midlands,lstm
2023-01-01,19.98,False,E-coli__Ciprofloxacin__West Midlands,lstm
2023-02-01,17.98,False,E-coli__Ciprofloxacin__West Midlands,lstm
2023-03-01,17.15,False,E-coli__Ciprofloxacin__West Midlands,lstm
2023-04-01,19.93,False,E-coli__Ciprofloxacin__West Midlands,lstm
2023-05-01,20.65,False,E-coli__Ciprofloxacin__West Midlands,lstm
2023-06-01,22.02,False,E-coli__Ciprofloxacin__West Midlands,lstm
2023-07-01,20.0,False,E-coli__Ciprofloxacin__West Midlands,lstm
2023-08-01,21.46,False,E-coli__Ciprofloxacin__West Midlands,lstm
2023-09-01,21.09,False,E-coli__Ciprofloxacin__West Midlands,lstm
2023-10-01,22.33,False,E-coli__Ciprofloxacin__West Midlands,lstm
2023-11-01,20.54,False,E-coli__Ciprofloxacin__West Midlands,lstm
2023-12-01,20.88,False,E-coli__Ciprofloxacin__West Midlands,lstm
2024-01-01,20.57,False,E-coli__Ciprofloxacin__West Midlands,lstm
2024-02-01,21.7,False,E-coli__Ciprofloxacin__West Midlands,lstm
2024-03-01,22.27,False,E-coli__Ciprofloxacin__West Midlands,lstm
2024-04-01,20.06,False,E-coli__Ciprofloxacin__West Midlands,lstm
2024-05-01,19.79,False,E-coli__Ciprofloxacin__West Midlands,lstm
2024-06-01,18.86,False,E-coli__Ciprofloxacin__West Midlands,lstm
2024-07-01,21.15,False,E-coli__Ciprofloxacin__West Midlands,lstm
2024-08-01,20.49,False,E-coli__Ciprofloxacin__West Midlands,lstm
2024-09-01,19.77,False,E-coli__Ciprofloxacin__West Midlands,lstm
2024-10-01,19.44,False,E-coli__Ciprofloxacin__West Midlands,lstm
2024-11-01,21.27,False,E-coli__Ciprofloxacin__West Midlands,lstm
2024-12-01,23.24,False,E-coli__Ciprofloxacin__West Midlands,lstm
2025-01-01,23.25,False,E-coli__Ciprofloxacin__West Midlands,lstm
2025-02-01,23.65,False,E-coli__Ciprofloxacin__West Midlands,lstm
2025-03-01,23.44,False,E-coli__Ciprofloxacin__West Midlands,lstm
2025-04-01,23.6,False,E-coli__Ciprofloxacin__West Midlands,lstm
2025-05-01,21.87,False,E-coli__Ciprofloxacin__West Midlands,lstm
2025-06-01,21.18,False,E-coli__Ciprofloxacin__West Midlands,lstm
2025-07-01,20.962269583817584,True,E-coli__Ciprofloxacin__West Midlands,lstm
2025-08-01,21.42686413311478,True,E-coli__Ciprofloxacin__West Midlands,lstm
2025-09-01,21.75262134048253,True,E-coli__Ciprofloxacin__West Midlands,lstm
2025-10-01,21.91918877902154,True,E-coli__Ciprofloxacin__West Midlands,lstm
2025-11-01,21.822526458541745,True,E-coli__Ciprofloxacin__West Midlands,lstm
2025-12-01,21.546143440544988,True,E-coli__Ciprofloxacin__West Midlands,lstm
2020-10-01,16.44,False,E-coli__Ciprofloxacin__Yorkshire and Humber,lstm
2020-11-01,16.4,False,E-coli__Ciprofloxacin__Yorkshire and Humber,lstm
2020-12-01,15.84,False,E-coli__Ciprofloxacin__Yorkshire and Humber,lstm
2021-01-01,14.94,False,E-coli__Ciprofloxacin__Yorkshire and Humber,lstm
2021-02-01,15.01,False,E-coli__Ciprofloxacin__Yorkshire and Humber,lstm
2021-03-01,15.31,False,E-coli__Ciprofloxacin__Yorkshire and Humber,lstm
2021-04-01,15.1,False,E-coli__Ciprofloxacin__Yorkshire and Humber,lstm
2021-05-01,13.98,False,E-coli__Ciprofloxacin__Yorkshire and Humber,lstm
2021-06-01,13.44,False,E-coli__Ciprofloxacin__Yorkshire and Humber,lstm
2021-07-01,14.09,False,E-coli__Ciprofloxacin__Yorkshire and Humber,lstm
2021-08-01,15.45,False,E-coli__Ciprofloxacin__Yorkshire and Humber,lstm
2021-09-01,15.85,False,E-coli__Ciprofloxacin__Yorkshire and Humber,lstm
2021-10-01,16.19,False,E-coli__Ciprofloxacin__Yorkshire and Humber,lstm
2021-11-01,16.57,False,E-coli__Ciprofloxacin__Yorkshire and Humber,lstm
2021-12-01,16.63,False,E-coli__Ciprofloxacin__Yorkshire and Humber,lstm
2022-01-01,16.79,False,E-coli__Ciprofloxacin__Yorkshire and Humber,lstm
2022-02-01,15.57,False,E-coli__Ciprofloxacin__Yorkshire and Humber,lstm
2022-03-01,14.32,False,E-coli__Ciprofloxacin__Yorkshire and Humber,lstm
2022-04-01,12.78,False,E-coli__Ciprofloxacin__Yorkshire and Humber,lstm
2022-05-01,14.12,False,E-coli__Ciprofloxacin__Yorkshire and Humber,lstm
2022-06-01,14.4,False,E-coli__Ciprofloxacin__Yorkshire and Humber,lstm
2022-07-01,15.53,False,E-coli__Ciprofloxacin__Yorkshire and Humber,lstm
2022-08-01,15.71,False,E-coli__Ciprofloxacin__Yorkshire and Humber,lstm
2022-09-01,17.13,False,E-coli__Ciprofloxacin__Yorkshire and Humber,lstm
2022-10-01,16.77,False,E-coli__Ciprofloxacin__Yorkshire and Humber,lstm
2022-11-01,16.96,False,E-coli__Ciprofloxacin__Yorkshire and Humber,lstm
2022-12-01,16.59,False,E-coli__Ciprofloxacin__Yorkshire and Humber,lstm
2023-01-01,16.61,False,E-coli__Ciprofloxacin__Yorkshire and Humber,lstm
2023-02-01,16.63,False,E-coli__Ciprofloxacin__Yorkshire and Humber,lstm
2023-03-01,17.4,False,E-coli__Ciprofloxacin__Yorkshire and Humber,lstm
2023-04-01,19.32,False,E-coli__Ciprofloxacin__Yorkshire and Humber,lstm
2023-05-01,19.57,False,E-coli__Ciprofloxacin__Yorkshire and Humber,lstm
2023-06-01,19.41,False,E-coli__Ciprofloxacin__Yorkshire and Humber,lstm
2023-07-01,19.63,False,E-coli__Ciprofloxacin__Yorkshire and Humber,lstm
2023-08-01,19.94,False,E-coli__Ciprofloxacin__Yorkshire and Humber,lstm
2023-09-01,19.02,False,E-coli__Ciprofloxacin__Yorkshire and Humber,lstm
2023-10-01,17.49,False,E-coli__Ciprofloxacin__Yorkshire and Humber,lstm
2023-11-01,17.68,False,E-coli__Ciprofloxacin__Yorkshire and Humber,lstm
2023-12-01,18.4,False,E-coli__Ciprofloxacin__Yorkshire and Humber,lstm
2024-01-01,18.12,False,E-coli__Ciprofloxacin__Yorkshire and Humber,lstm
2024-02-01,17.54,False,E-coli__Ciprofloxacin__Yorkshire and Humber,lstm
2024-03-01,17.06,False,E-coli__Ciprofloxacin__Yorkshire and Humber,lstm
2024-04-01,18.76,False,E-coli__Ciprofloxacin__Yorkshire and Humber,lstm
2024-05-01,18.47,False,E-coli__Ciprofloxacin__Yorkshire and Humber,lstm
2024-06-01,18.95,False,E-coli__Ciprofloxacin__Yorkshire and Humber,lstm
2024-07-01,17.81,False,E-coli__Ciprofloxacin__Yorkshire and Humber,lstm
2024-08-01,17.23,False,E-coli__Ciprofloxacin__Yorkshire and Humber,lstm
2024-09-01,16.32,False,E-coli__Ciprofloxacin__Yorkshire and Humber,lstm
2024-10-01,16.46,False,E-coli__Ciprofloxacin__Yorkshire and Humber,lstm
2024-11-01,17.59,False,E-coli__Ciprofloxacin__Yorkshire and Humber,lstm
2024-12-01,17.85,False,E-coli__Ciprofloxacin__Yorkshire and Humber,lstm
2025-01-01,19.16,False,E-coli__Ciprofloxacin__Yorkshire and Humber,lstm
2025-02-01,19.03,False,E-coli__Ciprofloxacin__Yorkshire and Humber,lstm
2025-03-01,18.97,False,E-coli__Ciprofloxacin__Yorkshire and Humber,lstm
2025-04-01,19.51,False,E-coli__Ciprofloxacin__Yorkshire and Humber,lstm
2025-05-01,18.93,False,E-coli__Ciprofloxacin__Yorkshire and Humber,lstm
2025-06-01,20.73,False,E-coli__Ciprofloxacin__Yorkshire and Humber,lstm
2025-07-01,17.93431686455455,True,E-coli__Ciprofloxacin__Yorkshire and Humber,lstm
2025-08-01,18.123549002632945,True,E-coli__Ciprofloxacin__Yorkshire and Humber,lstm
2025-09-01,18.174366894143805,True,E-coli__Ciprofloxacin__Yorkshire and Humber,lstm
2025-10-01,18.131024164776164,True,E-coli__Ciprofloxacin__Yorkshire and Humber,lstm
2025-11-01,17.985635547763547,True,E-coli__Ciprofloxacin__Yorkshire and Humber,lstm
2025-12-01,17.877848641298186,True,E-coli__Ciprofloxacin__Yorkshire and Humber,lstm
2020-10-01,37.76,False,E-coli__Co-amoxiclav__East Midlands,lstm
2020-11-01,37.69,False,E-coli__Co-amoxiclav__East Midlands,lstm
2020-12-01,38.64,False,E-coli__Co-amoxiclav__East Midlands,lstm
2021-01-01,38.11,False,E-coli__Co-amoxiclav__East Midlands,lstm
2021-02-01,36.96,False,E-coli__Co-amoxiclav__East Midlands,lstm
2021-03-01,37.63,False,E-coli__Co-amoxiclav__East Midlands,lstm
2021-04-01,38.57,False,E-coli__Co-amoxiclav__East Midlands,lstm
2021-05-01,37.94,False,E-coli__Co-amoxiclav__East Midlands,lstm
2021-06-01,35.38,False,E-coli__Co-amoxiclav__East Midlands,lstm
2021-07-01,32.99,False,E-coli__Co-amoxiclav__East Midlands,lstm
2021-08-01,32.8,False,E-coli__Co-amoxiclav__East Midlands,lstm
2021-09-01,34.97,False,E-coli__Co-amoxiclav__East Midlands,lstm
2021-10-01,38.3,False,E-coli__Co-amoxiclav__East Midlands,lstm
2021-11-01,39.79,False,E-coli__Co-amoxiclav__East Midlands,lstm
2021-12-01,35.8,False,E-coli__Co-amoxiclav__East Midlands,lstm
2022-01-01,32.59,False,E-coli__Co-amoxiclav__East Midlands,lstm
2022-02-01,33.17,False,E-coli__Co-amoxiclav__East Midlands,lstm
2022-03-01,35.24,False,E-coli__Co-amoxiclav__East Midlands,lstm
2022-04-01,37.46,False,E-coli__Co-amoxiclav__East Midlands,lstm
2022-05-01,36.34,False,E-coli__Co-amoxiclav__East Midlands,lstm
2022-06-01,36.97,False,E-coli__Co-amoxiclav__East Midlands,lstm
2022-07-01,37.29,False,E-coli__Co-amoxiclav__East Midlands,lstm
2022-08-01,37.77,False,E-coli__Co-amoxiclav__East Midlands,lstm
2022-09-01,37.42,False,E-coli__Co-amoxiclav__East Midlands,lstm
2022-10-01,38.61,False,E-coli__Co-amoxiclav__East Midlands,lstm
2022-11-01,37.74,False,E-coli__Co-amoxiclav__East Midlands,lstm
2022-12-01,38.03,False,E-coli__Co-amoxiclav__East Midlands,lstm
2023-01-01,36.16,False,E-coli__Co-amoxiclav__East Midlands,lstm
2023-02-01,39.28,False,E-coli__Co-amoxiclav__East Midlands,lstm
2023-03-01,39.25,False,E-coli__Co-amoxiclav__East Midlands,lstm
2023-04-01,40.47,False,E-coli__Co-amoxiclav__East Midlands,lstm
2023-05-01,38.34,False,E-coli__Co-amoxiclav__East Midlands,lstm
2023-06-01,39.47,False,E-coli__Co-amoxiclav__East Midlands,lstm
2023-07-01,37.97,False,E-coli__Co-amoxiclav__East Midlands,lstm
2023-08-01,39.28,False,E-coli__Co-amoxiclav__East Midlands,lstm
2023-09-01,38.65,False,E-coli__Co-amoxiclav__East Midlands,lstm
2023-10-01,40.98,False,E-coli__Co-amoxiclav__East Midlands,lstm
2023-11-01,43.94,False,E-coli__Co-amoxiclav__East Midlands,lstm
2023-12-01,44.63,False,E-coli__Co-amoxiclav__East Midlands,lstm
2024-01-01,42.43,False,E-coli__Co-amoxiclav__East Midlands,lstm
2024-02-01,39.39,False,E-coli__Co-amoxiclav__East Midlands,lstm
2024-03-01,37.88,False,E-coli__Co-amoxiclav__East Midlands,lstm
2024-04-01,36.16,False,E-coli__Co-amoxiclav__East Midlands,lstm
2024-05-01,34.92,False,E-coli__Co-amoxiclav__East Midlands,lstm
2024-06-01,37.47,False,E-coli__Co-amoxiclav__East Midlands,lstm
2024-07-01,40.26,False,E-coli__Co-amoxiclav__East Midlands,lstm
2024-08-01,40.13,False,E-coli__Co-amoxiclav__East Midlands,lstm
2024-09-01,39.87,False,E-coli__Co-amoxiclav__East Midlands,lstm
2024-10-01,40.45,False,E-coli__Co-amoxiclav__East Midlands,lstm
2024-11-01,41.02,False,E-coli__Co-amoxiclav__East Midlands,lstm
2024-12-01,41.52,False,E-coli__Co-amoxiclav__East Midlands,lstm
2025-01-01,40.7,False,E-coli__Co-amoxiclav__East Midlands,lstm
2025-02-01,41.06,False,E-coli__Co-amoxiclav__East Midlands,lstm
2025-03-01,41.33,False,E-coli__Co-amoxiclav__East Midlands,lstm
2025-04-01,42.91,False,E-coli__Co-amoxiclav__East Midlands,lstm
2025-05-01,43.39,False,E-coli__Co-amoxiclav__East Midlands,lstm
2025-06-01,43.83,False,E-coli__Co-amoxiclav__East Midlands,lstm
2025-07-01,39.72889387761529,True,E-coli__Co-amoxiclav__East Midlands,lstm
2025-08-01,40.22527138409277,True,E-coli__Co-amoxiclav__East Midlands,lstm
2025-09-01,40.59129283800808,True,E-coli__Co-amoxiclav__East Midlands,lstm
2025-10-01,40.821442699641075,True,E-coli__Co-amoxiclav__East Midlands,lstm
2025-11-01,40.82510434876667,True,E-coli__Co-amoxiclav__East Midlands,lstm
2025-12-01,40.629266023161776,True,E-coli__Co-amoxiclav__East Midlands,lstm
2020-10-01,46.97,False,E-coli__Co-amoxiclav__East of England,lstm
2020-11-01,46.03,False,E-coli__Co-amoxiclav__East of England,lstm
2020-12-01,44.2,False,E-coli__Co-amoxiclav__East of England,lstm
2021-01-01,43.75999999999999,False,E-coli__Co-amoxiclav__East of England,lstm
2021-02-01,43.52,False,E-coli__Co-amoxiclav__East of England,lstm
2021-03-01,45.99000000000001,False,E-coli__Co-amoxiclav__East of England,lstm
2021-04-01,46.78,False,E-coli__Co-amoxiclav__East of England,lstm
2021-05-01,43.7,False,E-coli__Co-amoxiclav__East of England,lstm
2021-06-01,43.39999999999999,False,E-coli__Co-amoxiclav__East of England,lstm
2021-07-01,41.91,False,E-coli__Co-amoxiclav__East of England,lstm
2021-08-01,44.97,False,E-coli__Co-amoxiclav__East of England,lstm
2021-09-01,43.78,False,E-coli__Co-amoxiclav__East of England,lstm
2021-10-01,44.47999999999999,False,E-coli__Co-amoxiclav__East of England,lstm
2021-11-01,42.91,False,E-coli__Co-amoxiclav__East of England,lstm
2021-12-01,42.42,False,E-coli__Co-amoxiclav__East of England,lstm
2022-01-01,41.65,False,E-coli__Co-amoxiclav__East of England,lstm
2022-02-01,44.25,False,E-coli__Co-amoxiclav__East of England,lstm
2022-03-01,45.57,False,E-coli__Co-amoxiclav__East of England,lstm
2022-04-01,44.46,False,E-coli__Co-amoxiclav__East of England,lstm
2022-05-01,42.87,False,E-coli__Co-amoxiclav__East of England,lstm
2022-06-01,41.86,False,E-coli__Co-amoxiclav__East of England,lstm
2022-07-01,42.74,False,E-coli__Co-amoxiclav__East of England,lstm
2022-08-01,43.22,False,E-coli__Co-amoxiclav__East of England,lstm
2022-09-01,44.54,False,E-coli__Co-amoxiclav__East of England,lstm
2022-10-01,42.3,False,E-coli__Co-amoxiclav__East of England,lstm
2022-11-01,42.3,False,E-coli__Co-amoxiclav__East of England,lstm
2022-12-01,44.57,False,E-coli__Co-amoxiclav__East of England,lstm
2023-01-01,49.21,False,E-coli__Co-amoxiclav__East of England,lstm
2023-02-01,48.94,False,E-coli__Co-amoxiclav__East of England,lstm
2023-03-01,46.87,False,E-coli__Co-amoxiclav__East of England,lstm
2023-04-01,45.160000000000004,False,E-coli__Co-amoxiclav__East of England,lstm
2023-05-01,44.11,False,E-coli__Co-amoxiclav__East of England,lstm
2023-06-01,43.18,False,E-coli__Co-amoxiclav__East of England,lstm
2023-07-01,42.53,False,E-coli__Co-amoxiclav__East of England,lstm
2023-08-01,42.04,False,E-coli__Co-amoxiclav__East of England,lstm
2023-09-01,43.02,False,E-coli__Co-amoxiclav__East of England,lstm
2023-10-01,42.75000000000001,False,E-coli__Co-amoxiclav__East of England,lstm
2023-11-01,43.07000000000001,False,E-coli__Co-amoxiclav__East of England,lstm
2023-12-01,41.0,False,E-coli__Co-amoxiclav__East of England,lstm
2024-01-01,41.16,False,E-coli__Co-amoxiclav__East of England,lstm
2024-02-01,40.85,False,E-coli__Co-amoxiclav__East of England,lstm
2024-03-01,40.67,False,E-coli__Co-amoxiclav__East of England,lstm
2024-04-01,38.66,False,E-coli__Co-amoxiclav__East of England,lstm
2024-05-01,39.07,False,E-coli__Co-amoxiclav__East of England,lstm
2024-06-01,38.64,False,E-coli__Co-amoxiclav__East of England,lstm
2024-07-01,40.81,False,E-coli__Co-amoxiclav__East of England,lstm
2024-08-01,42.36,False,E-coli__Co-amoxiclav__East of England,lstm
2024-09-01,44.22,False,E-coli__Co-amoxiclav__East of England,lstm
2024-10-01,44.27000000000001,False,E-coli__Co-amoxiclav__East of England,lstm
2024-11-01,43.32,False,E-coli__Co-amoxiclav__East of England,lstm
2024-12-01,42.33,False,E-coli__Co-amoxiclav__East of England,lstm
2025-01-01,43.02,False,E-coli__Co-amoxiclav__East of England,lstm
2025-02-01,43.3,False,E-coli__Co-amoxiclav__East of England,lstm
2025-03-01,41.41,False,E-coli__Co-amoxiclav__East of England,lstm
2025-04-01,39.02,False,E-coli__Co-amoxiclav__East of England,lstm
2025-05-01,38.97,False,E-coli__Co-amoxiclav__East of England,lstm
2025-06-01,41.47,False,E-coli__Co-amoxiclav__East of England,lstm
2025-07-01,41.27719016334136,True,E-coli__Co-amoxiclav__East of England,lstm
2025-08-01,41.55184172901722,True,E-coli__Co-amoxiclav__East of England,lstm
2025-09-01,41.90741014292544,True,E-coli__Co-amoxiclav__East of England,lstm
2025-10-01,42.292265341119275,True,E-coli__Co-amoxiclav__East of England,lstm
2025-11-01,42.69268018356643,True,E-coli__Co-amoxiclav__East of England,lstm
2025-12-01,43.06551094340641,True,E-coli__Co-amoxiclav__East of England,lstm
2020-10-01,43.16,False,E-coli__Co-amoxiclav__London,lstm
2020-11-01,42.36,False,E-coli__Co-amoxiclav__London,lstm
2020-12-01,43.89,False,E-coli__Co-amoxiclav__London,lstm
2021-01-01,46.36,False,E-coli__Co-amoxiclav__London,lstm
2021-02-01,50.14,False,E-coli__Co-amoxiclav__London,lstm
2021-03-01,48.010000000000005,False,E-coli__Co-amoxiclav__London,lstm
2021-04-01,43.17,False,E-coli__Co-amoxiclav__London,lstm
2021-05-01,41.85,False,E-coli__Co-amoxiclav__London,lstm
2021-06-01,41.26,False,E-coli__Co-amoxiclav__London,lstm
2021-07-01,43.91,False,E-coli__Co-amoxiclav__London,lstm
2021-08-01,43.15,False,E-coli__Co-amoxiclav__London,lstm
2021-09-01,45.33,False,E-coli__Co-amoxiclav__London,lstm
2021-10-01,44.32000000000001,False,E-coli__Co-amoxiclav__London,lstm
2021-11-01,45.61,False,E-coli__Co-amoxiclav__London,lstm
2021-12-01,44.44,False,E-coli__Co-amoxiclav__London,lstm
2022-01-01,46.67,False,E-coli__Co-amoxiclav__London,lstm
2022-02-01,43.82,False,E-coli__Co-amoxiclav__London,lstm
2022-03-01,43.22,False,E-coli__Co-amoxiclav__London,lstm
2022-04-01,42.53,False,E-coli__Co-amoxiclav__London,lstm
2022-05-01,45.39,False,E-coli__Co-amoxiclav__London,lstm
2022-06-01,45.92,False,E-coli__Co-amoxiclav__London,lstm
2022-07-01,46.23,False,E-coli__Co-amoxiclav__London,lstm
2022-08-01,45.620000000000005,False,E-coli__Co-amoxiclav__London,lstm
2022-09-01,45.54,False,E-coli__Co-amoxiclav__London,lstm
2022-10-01,43.2,False,E-coli__Co-amoxiclav__London,lstm
2022-11-01,42.87,False,E-coli__Co-amoxiclav__London,lstm
2022-12-01,43.38,False,E-coli__Co-amoxiclav__London,lstm
2023-01-01,44.93999999999999,False,E-coli__Co-amoxiclav__London,lstm
2023-02-01,44.86,False,E-coli__Co-amoxiclav__London,lstm
2023-03-01,45.92,False,E-coli__Co-amoxiclav__London,lstm
2023-04-01,45.36,False,E-coli__Co-amoxiclav__London,lstm
2023-05-01,45.37,False,E-coli__Co-amoxiclav__London,lstm
2023-06-01,45.92999999999999,False,E-coli__Co-amoxiclav__London,lstm
2023-07-01,43.52,False,E-coli__Co-amoxiclav__London,lstm
2023-08-01,42.71999999999999,False,E-coli__Co-amoxiclav__London,lstm
2023-09-01,41.43,False,E-coli__Co-amoxiclav__London,lstm
2023-10-01,42.61,False,E-coli__Co-amoxiclav__London,lstm
2023-11-01,43.59,False,E-coli__Co-amoxiclav__London,lstm
2023-12-01,42.43,False,E-coli__Co-amoxiclav__London,lstm
2024-01-01,43.96,False,E-coli__Co-amoxiclav__London,lstm
2024-02-01,43.17,False,E-coli__Co-amoxiclav__London,lstm
2024-03-01,42.6,False,E-coli__Co-amoxiclav__London,lstm
2024-04-01,41.589999999999996,False,E-coli__Co-amoxiclav__London,lstm
2024-05-01,44.67,False,E-coli__Co-amoxiclav__London,lstm
2024-06-01,46.1,False,E-coli__Co-amoxiclav__London,lstm
2024-07-01,46.83,False,E-coli__Co-amoxiclav__London,lstm
2024-08-01,43.36,False,E-coli__Co-amoxiclav__London,lstm
2024-09-01,41.39,False,E-coli__Co-amoxiclav__London,lstm
2024-10-01,40.07,False,E-coli__Co-amoxiclav__London,lstm
2024-11-01,41.31,False,E-coli__Co-amoxiclav__London,lstm
2024-12-01,42.61,False,E-coli__Co-amoxiclav__London,lstm
2025-01-01,45.39,False,E-coli__Co-amoxiclav__London,lstm
2025-02-01,45.620000000000005,False,E-coli__Co-amoxiclav__London,lstm
2025-03-01,43.97,False,E-coli__Co-amoxiclav__London,lstm
2025-04-01,43.2,False,E-coli__Co-amoxiclav__London,lstm
2025-05-01,43.57000000000001,False,E-coli__Co-amoxiclav__London,lstm
2025-06-01,46.01,False,E-coli__Co-amoxiclav__London,lstm
2025-07-01,43.78240039469054,True,E-coli__Co-amoxiclav__London,lstm
2025-08-01,43.589533135800245,True,E-coli__Co-amoxiclav__London,lstm
2025-09-01,43.27393311474204,True,E-coli__Co-amoxiclav__London,lstm
2025-10-01,42.974443990563906,True,E-coli__Co-amoxiclav__London,lstm
2025-11-01,42.83052194078497,True,E-coli__Co-amoxiclav__London,lstm
2025-12-01,42.96759356454876,True,E-coli__Co-amoxiclav__London,lstm
2020-10-01,33.57,False,E-coli__Co-amoxiclav__North East,lstm
2020-11-01,36.89,False,E-coli__Co-amoxiclav__North East,lstm
2020-12-01,38.14,False,E-coli__Co-amoxiclav__North East,lstm
2021-01-01,34.15,False,E-coli__Co-amoxiclav__North East,lstm
2021-02-01,32.69,False,E-coli__Co-amoxiclav__North East,lstm
2021-03-01,32.27,False,E-coli__Co-amoxiclav__North East,lstm
2021-04-01,30.210000000000004,False,E-coli__Co-amoxiclav__North East,lstm
2021-05-01,32.23,False,E-coli__Co-amoxiclav__North East,lstm
2021-06-01,32.54,False,E-coli__Co-amoxiclav__North East,lstm
2021-07-01,34.27,False,E-coli__Co-amoxiclav__North East,lstm
2021-08-01,32.0,False,E-coli__Co-amoxiclav__North East,lstm
2021-09-01,28.06,False,E-coli__Co-amoxiclav__North East,lstm
2021-10-01,26.950000000000003,False,E-coli__Co-amoxiclav__North East,lstm
2021-11-01,29.06,False,E-coli__Co-amoxiclav__North East,lstm
2021-12-01,32.61,False,E-coli__Co-amoxiclav__North East,lstm
2022-01-01,34.2,False,E-coli__Co-amoxiclav__North East,lstm
2022-02-01,35.31,False,E-coli__Co-amoxiclav__North East,lstm
2022-03-01,36.18,False,E-coli__Co-amoxiclav__North East,lstm
2022-04-01,34.81,False,E-coli__Co-amoxiclav__North East,lstm
2022-05-01,31.990000000000002,False,E-coli__Co-amoxiclav__North East,lstm
2022-06-01,30.12,False,E-coli__Co-amoxiclav__North East,lstm
2022-07-01,29.84,False,E-coli__Co-amoxiclav__North East,lstm
2022-08-01,27.42,False,E-coli__Co-amoxiclav__North East,lstm
2022-09-01,29.42,False,E-coli__Co-amoxiclav__North East,lstm
2022-10-01,30.61,False,E-coli__Co-amoxiclav__North East,lstm
2022-11-01,33.64,False,E-coli__Co-amoxiclav__North East,lstm
2022-12-01,30.81,False,E-coli__Co-amoxiclav__North East,lstm
2023-01-01,30.950000000000003,False,E-coli__Co-amoxiclav__North East,lstm
2023-02-01,34.23,False,E-coli__Co-amoxiclav__North East,lstm
2023-03-01,36.46,False,E-coli__Co-amoxiclav__North East,lstm
2023-04-01,36.43,False,E-coli__Co-amoxiclav__North East,lstm
2023-05-01,32.14,False,E-coli__Co-amoxiclav__North East,lstm
2023-06-01,31.83,False,E-coli__Co-amoxiclav__North East,lstm
2023-07-01,30.96,False,E-coli__Co-amoxiclav__North East,lstm
2023-08-01,33.74,False,E-coli__Co-amoxiclav__North East,lstm
2023-09-01,30.93,False,E-coli__Co-amoxiclav__North East,lstm
2023-10-01,30.11,False,E-coli__Co-amoxiclav__North East,lstm
2023-11-01,31.32,False,E-coli__Co-amoxiclav__North East,lstm
2023-12-01,36.24,False,E-coli__Co-amoxiclav__North East,lstm
2024-01-01,37.44,False,E-coli__Co-amoxiclav__North East,lstm
2024-02-01,33.65,False,E-coli__Co-amoxiclav__North East,lstm
2024-03-01,32.52,False,E-coli__Co-amoxiclav__North East,lstm
2024-04-01,32.17,False,E-coli__Co-amoxiclav__North East,lstm
2024-05-01,31.15,False,E-coli__Co-amoxiclav__North East,lstm
2024-06-01,29.9,False,E-coli__Co-amoxiclav__North East,lstm
2024-07-01,27.14,False,E-coli__Co-amoxiclav__North East,lstm
2024-08-01,28.3,False,E-coli__Co-amoxiclav__North East,lstm
2024-09-01,28.18,False,E-coli__Co-amoxiclav__North East,lstm
2024-10-01,28.11,False,E-coli__Co-amoxiclav__North East,lstm
2024-11-01,29.88,False,E-coli__Co-amoxiclav__North East,lstm
2024-12-01,29.26,False,E-coli__Co-amoxiclav__North East,lstm
2025-01-01,29.26,False,E-coli__Co-amoxiclav__North East,lstm
2025-02-01,28.54,False,E-coli__Co-amoxiclav__North East,lstm
2025-03-01,27.87,False,E-coli__Co-amoxiclav__North East,lstm
2025-04-01,29.83,False,E-coli__Co-amoxiclav__North East,lstm
2025-05-01,29.14,False,E-coli__Co-amoxiclav__North East,lstm
2025-06-01,30.440000000000005,False,E-coli__Co-amoxiclav__North East,lstm
2025-07-01,29.000062517048885,True,E-coli__Co-amoxiclav__North East,lstm
2025-08-01,28.679992196227346,True,E-coli__Co-amoxiclav__North East,lstm
2025-09-01,28.670735332399023,True,E-coli__Co-amoxiclav__North East,lstm
2025-10-01,29.033259014825088,True,E-coli__Co-amoxiclav__North East,lstm
2025-11-01,29.72695297061573,True,E-coli__Co-amoxiclav__North East,lstm
2025-12-01,30.639450249345618,True,E-coli__Co-amoxiclav__North East,lstm
2020-10-01,44.85,False,E-coli__Co-amoxiclav__North West,lstm
2020-11-01,45.3,False,E-coli__Co-amoxiclav__North West,lstm
2020-12-01,46.06000000000001,False,E-coli__Co-amoxiclav__North West,lstm
2021-01-01,46.720000000000006,False,E-coli__Co-amoxiclav__North West,lstm
2021-02-01,45.76,False,E-coli__Co-amoxiclav__North West,lstm
2021-03-01,43.67,False,E-coli__Co-amoxiclav__North West,lstm
2021-04-01,41.52,False,E-coli__Co-amoxiclav__North West,lstm
2021-05-01,39.68,False,E-coli__Co-amoxiclav__North West,lstm
2021-06-01,39.57,False,E-coli__Co-amoxiclav__North West,lstm
2021-07-01,42.09,False,E-coli__Co-amoxiclav__North West,lstm
2021-08-01,46.73,False,E-coli__Co-amoxiclav__North West,lstm
2021-09-01,48.980000000000004,False,E-coli__Co-amoxiclav__North West,lstm
2021-10-01,47.35,False,E-coli__Co-amoxiclav__North West,lstm
2021-11-01,46.27,False,E-coli__Co-amoxiclav__North West,lstm
2021-12-01,46.36,False,E-coli__Co-amoxiclav__North West,lstm
2022-01-01,47.15999999999999,False,E-coli__Co-amoxiclav__North West,lstm
2022-02-01,45.51,False,E-coli__Co-amoxiclav__North West,lstm
2022-03-01,45.73,False,E-coli__Co-amoxiclav__North West,lstm
2022-04-01,46.05,False,E-coli__Co-amoxiclav__North West,lstm
2022-05-01,47.45000000000001,False,E-coli__Co-amoxiclav__North West,lstm
2022-06-01,45.78,False,E-coli__Co-amoxiclav__North West,lstm
2022-07-01,45.4,False,E-coli__Co-amoxiclav__North West,lstm
2022-08-01,46.14,False,E-coli__Co-amoxiclav__North West,lstm
2022-09-01,47.919999999999995,False,E-coli__Co-amoxiclav__North West,lstm
2022-10-01,50.57,False,E-coli__Co-amoxiclav__North West,lstm
2022-11-01,49.68,False,E-coli__Co-amoxiclav__North West,lstm
2022-12-01,50.79,False,E-coli__Co-amoxiclav__North West,lstm
2023-01-01,50.79,False,E-coli__Co-amoxiclav__North West,lstm
2023-02-01,50.75000000000001,False,E-coli__Co-amoxiclav__North West,lstm
2023-03-01,49.71,False,E-coli__Co-amoxiclav__North West,lstm
2023-04-01,49.22999999999999,False,E-coli__Co-amoxiclav__North West,lstm
2023-05-01,49.56,False,E-coli__Co-amoxiclav__North West,lstm
2023-06-01,47.24,False,E-coli__Co-amoxiclav__North West,lstm
2023-07-01,44.83,False,E-coli__Co-amoxiclav__North West,lstm
2023-08-01,45.28,False,E-coli__Co-amoxiclav__North West,lstm
2023-09-01,46.77000000000001,False,E-coli__Co-amoxiclav__North West,lstm
2023-10-01,48.81999999999999,False,E-coli__Co-amoxiclav__North West,lstm
2023-11-01,48.980000000000004,False,E-coli__Co-amoxiclav__North West,lstm
2023-12-01,50.44,False,E-coli__Co-amoxiclav__North West,lstm
2024-01-01,49.800000000000004,False,E-coli__Co-amoxiclav__North West,lstm
2024-02-01,47.27,False,E-coli__Co-amoxiclav__North West,lstm
2024-03-01,46.61000000000001,False,E-coli__Co-amoxiclav__North West,lstm
2024-04-01,47.25,False,E-coli__Co-amoxiclav__North West,lstm
2024-05-01,49.79,False,E-coli__Co-amoxiclav__North West,lstm
2024-06-01,50.040000000000006,False,E-coli__Co-amoxiclav__North West,lstm
2024-07-01,48.89,False,E-coli__Co-amoxiclav__North West,lstm
2024-08-01,48.10999999999999,False,E-coli__Co-amoxiclav__North West,lstm
2024-09-01,47.67000000000001,False,E-coli__Co-amoxiclav__North West,lstm
2024-10-01,48.58,False,E-coli__Co-amoxiclav__North West,lstm
2024-11-01,49.279999999999994,False,E-coli__Co-amoxiclav__North West,lstm
2024-12-01,50.47,False,E-coli__Co-amoxiclav__North West,lstm
2025-01-01,49.84,False,E-coli__Co-amoxiclav__North West,lstm
2025-02-01,49.19,False,E-coli__Co-amoxiclav__North West,lstm
2025-03-01,46.96999999999999,False,E-coli__Co-amoxiclav__North West,lstm
2025-04-01,46.68,False,E-coli__Co-amoxiclav__North West,lstm
2025-05-01,46.830000000000005,False,E-coli__Co-amoxiclav__North West,lstm
2025-06-01,45.79,False,E-coli__Co-amoxiclav__North West,lstm
2025-07-01,48.15950499502563,True,E-coli__Co-amoxiclav__North West,lstm
2025-08-01,48.698112977072924,True,E-coli__Co-amoxiclav__North West,lstm
2025-09-01,49.029753828243706,True,E-coli__Co-amoxiclav__North West,lstm
2025-10-01,49.20269504282213,True,E-coli__Co-amoxiclav__North West,lstm
2025-11-01,49.213674372643,True,E-coli__Co-amoxiclav__North West,lstm
2025-12-01,49.017916307290044,True,E-coli__Co-amoxiclav__North West,lstm
2020-10-01,44.4,False,E-coli__Co-amoxiclav__South East,lstm
2020-11-01,44.7,False,E-coli__Co-amoxiclav__South East,lstm
2020-12-01,42.7,False,E-coli__Co-amoxiclav__South East,lstm
2021-01-01,41.9,False,E-coli__Co-amoxiclav__South East,lstm
2021-02-01,41.97,False,E-coli__Co-amoxiclav__South East,lstm
2021-03-01,42.14999999999999,False,E-coli__Co-amoxiclav__South East,lstm
2021-04-01,40.68,False,E-coli__Co-amoxiclav__South East,lstm
2021-05-01,39.63,False,E-coli__Co-amoxiclav__South East,lstm
2021-06-01,36.19,False,E-coli__Co-amoxiclav__South East,lstm
2021-07-01,37.0,False,E-coli__Co-amoxiclav__South East,lstm
2021-08-01,36.34,False,E-coli__Co-amoxiclav__South East,lstm
2021-09-01,38.25,False,E-coli__Co-amoxiclav__South East,lstm
2021-10-01,39.29,False,E-coli__Co-amoxiclav__South East,lstm
2021-11-01,41.61,False,E-coli__Co-amoxiclav__South East,lstm
2021-12-01,43.36,False,E-coli__Co-amoxiclav__South East,lstm
2022-01-01,41.9,False,E-coli__Co-amoxiclav__South East,lstm
2022-02-01,40.73,False,E-coli__Co-amoxiclav__South East,lstm
2022-03-01,39.57,False,E-coli__Co-amoxiclav__South East,lstm
2022-04-01,41.43,False,E-coli__Co-amoxiclav__South East,lstm
2022-05-01,40.4,False,E-coli__Co-amoxiclav__South East,lstm
2022-06-01,39.14,False,E-coli__Co-amoxiclav__South East,lstm
2022-07-01,37.64,False,E-coli__Co-amoxiclav__South East,lstm
2022-08-01,37.65,False,E-coli__Co-amoxiclav__South East,lstm
2022-09-01,37.17,False,E-coli__Co-amoxiclav__South East,lstm
2022-10-01,37.75999999999999,False,E-coli__Co-amoxiclav__South East,lstm
2022-11-01,37.75,False,E-coli__Co-amoxiclav__South East,lstm
2022-12-01,38.94,False,E-coli__Co-amoxiclav__South East,lstm
2023-01-01,38.37,False,E-coli__Co-amoxiclav__South East,lstm
2023-02-01,40.41,False,E-coli__Co-amoxiclav__South East,lstm
2023-03-01,42.07,False,E-coli__Co-amoxiclav__South East,lstm
2023-04-01,40.75,False,E-coli__Co-amoxiclav__South East,lstm
2023-05-01,39.23,False,E-coli__Co-amoxiclav__South East,lstm
2023-06-01,39.23,False,E-coli__Co-amoxiclav__South East,lstm
2023-07-01,41.51,False,E-coli__Co-amoxiclav__South East,lstm
2023-08-01,40.57,False,E-coli__Co-amoxiclav__South East,lstm
2023-09-01,37.94,False,E-coli__Co-amoxiclav__South East,lstm
2023-10-01,36.96,False,E-coli__Co-amoxiclav__South East,lstm
2023-11-01,38.17,False,E-coli__Co-amoxiclav__South East,lstm
2023-12-01,39.81,False,E-coli__Co-amoxiclav__South East,lstm
2024-01-01,37.93,False,E-coli__Co-amoxiclav__South East,lstm
2024-02-01,37.81,False,E-coli__Co-amoxiclav__South East,lstm
2024-03-01,36.58,False,E-coli__Co-amoxiclav__South East,lstm
2024-04-01,37.52,False,E-coli__Co-amoxiclav__South East,lstm
2024-05-01,37.66,False,E-coli__Co-amoxiclav__South East,lstm
2024-06-01,37.94,False,E-coli__Co-amoxiclav__South East,lstm
2024-07-01,37.36,False,E-coli__Co-amoxiclav__South East,lstm
2024-08-01,36.46000000000001,False,E-coli__Co-amoxiclav__South East,lstm
2024-09-01,37.93,False,E-coli__Co-amoxiclav__South East,lstm
2024-10-01,38.29,False,E-coli__Co-amoxiclav__South East,lstm
2024-11-01,38.31,False,E-coli__Co-amoxiclav__South East,lstm
2024-12-01,38.7,False,E-coli__Co-amoxiclav__South East,lstm
2025-01-01,39.74999999999999,False,E-coli__Co-amoxiclav__South East,lstm
2025-02-01,42.31,False,E-coli__Co-amoxiclav__South East,lstm
2025-03-01,42.63,False,E-coli__Co-amoxiclav__South East,lstm
2025-04-01,43.55,False,E-coli__Co-amoxiclav__South East,lstm
2025-05-01,42.769999999999996,False,E-coli__Co-amoxiclav__South East,lstm
2025-06-01,42.4,False,E-coli__Co-amoxiclav__South East,lstm
2025-07-01,39.41712244700452,True,E-coli__Co-amoxiclav__South East,lstm
2025-08-01,39.29053391780021,True,E-coli__Co-amoxiclav__South East,lstm
2025-09-01,39.26516405245342,True,E-coli__Co-amoxiclav__South East,lstm
2025-10-01,39.41329195075273,True,E-coli__Co-amoxiclav__South East,lstm
2025-11-01,39.77136912509362,True,E-coli__Co-amoxiclav__South East,lstm
2025-12-01,40.30787469293421,True,E-coli__Co-amoxiclav__South East,lstm
2020-10-01,37.16,False,E-coli__Co-amoxiclav__South West,lstm
2020-11-01,36.16,False,E-coli__Co-amoxiclav__South West,lstm
2020-12-01,37.48,False,E-coli__Co-amoxiclav__South West,lstm
2021-01-01,37.69,False,E-coli__Co-amoxiclav__South West,lstm
2021-02-01,39.06,False,E-coli__Co-amoxiclav__South West,lstm
2021-03-01,39.0,False,E-coli__Co-amoxiclav__South West,lstm
2021-04-01,36.99,False,E-coli__Co-amoxiclav__South West,lstm
2021-05-01,34.97,False,E-coli__Co-amoxiclav__South West,lstm
2021-06-01,34.52,False,E-coli__Co-amoxiclav__South West,lstm
2021-07-01,37.42,False,E-coli__Co-amoxiclav__South West,lstm
2021-08-01,40.88,False,E-coli__Co-amoxiclav__South West,lstm
2021-09-01,40.7,False,E-coli__Co-amoxiclav__South West,lstm
2021-10-01,40.89,False,E-coli__Co-amoxiclav__South West,lstm
2021-11-01,39.50999999999999,False,E-coli__Co-amoxiclav__South West,lstm
2021-12-01,41.07000000000001,False,E-coli__Co-amoxiclav__South West,lstm
2022-01-01,42.31,False,E-coli__Co-amoxiclav__South West,lstm
2022-02-01,41.64,False,E-coli__Co-amoxiclav__South West,lstm
2022-03-01,42.06,False,E-coli__Co-amoxiclav__South West,lstm
2022-04-01,40.08,False,E-coli__Co-amoxiclav__South West,lstm
2022-05-01,40.63,False,E-coli__Co-amoxiclav__South West,lstm
2022-06-01,37.48,False,E-coli__Co-amoxiclav__South West,lstm
2022-07-01,37.82999999999999,False,E-coli__Co-amoxiclav__South West,lstm
2022-08-01,37.33,False,E-coli__Co-amoxiclav__South West,lstm
2022-09-01,40.760000000000005,False,E-coli__Co-amoxiclav__South West,lstm
2022-10-01,43.44,False,E-coli__Co-amoxiclav__South West,lstm
2022-11-01,42.17,False,E-coli__Co-amoxiclav__South West,lstm
2022-12-01,40.58,False,E-coli__Co-amoxiclav__South West,lstm
2023-01-01,39.41,False,E-coli__Co-amoxiclav__South West,lstm
2023-02-01,40.86,False,E-coli__Co-amoxiclav__South West,lstm
2023-03-01,39.41,False,E-coli__Co-amoxiclav__South West,lstm
2023-04-01,37.67,False,E-coli__Co-amoxiclav__South West,lstm
2023-05-01,36.83,False,E-coli__Co-amoxiclav__South West,lstm
2023-06-01,39.55,False,E-coli__Co-amoxiclav__South West,lstm
2023-07-01,40.02000000000001,False,E-coli__Co-amoxiclav__South West,lstm
2023-08-01,41.07000000000001,False,E-coli__Co-amoxiclav__South West,lstm
2023-09-01,41.42,False,E-coli__Co-amoxiclav__South West,lstm
2023-10-01,41.93,False,E-coli__Co-amoxiclav__South West,lstm
2023-11-01,43.05,False,E-coli__Co-amoxiclav__South West,lstm
2023-12-01,41.51,False,E-coli__Co-amoxiclav__South West,lstm
2024-01-01,40.16,False,E-coli__Co-amoxiclav__South West,lstm
2024-02-01,38.349999999999994,False,E-coli__Co-amoxiclav__South West,lstm
2024-03-01,37.84,False,E-coli__Co-amoxiclav__South West,lstm
2024-04-01,38.9,False,E-coli__Co-amoxiclav__South West,lstm
2024-05-01,38.93,False,E-coli__Co-amoxiclav__South West,lstm
2024-06-01,40.81,False,E-coli__Co-amoxiclav__South West,lstm
2024-07-01,41.48,False,E-coli__Co-amoxiclav__South West,lstm
2024-08-01,43.15,False,E-coli__Co-amoxiclav__South West,lstm
2024-09-01,42.14,False,E-coli__Co-amoxiclav__South West,lstm
2024-10-01,40.41,False,E-coli__Co-amoxiclav__South West,lstm
2024-11-01,38.57,False,E-coli__Co-amoxiclav__South West,lstm
2024-12-01,37.95,False,E-coli__Co-amoxiclav__South West,lstm
2025-01-01,39.01,False,E-coli__Co-amoxiclav__South West,lstm
2025-02-01,39.45,False,E-coli__Co-amoxiclav__South West,lstm
2025-03-01,38.81,False,E-coli__Co-amoxiclav__South West,lstm
2025-04-01,36.94,False,E-coli__Co-amoxiclav__South West,lstm
2025-05-01,38.43,False,E-coli__Co-amoxiclav__South West,lstm
2025-06-01,40.93,False,E-coli__Co-amoxiclav__South West,lstm
2025-07-01,40.24621833850753,True,E-coli__Co-amoxiclav__South West,lstm
2025-08-01,40.69631347883235,True,E-coli__Co-amoxiclav__South West,lstm
2025-09-01,40.983116457892265,True,E-coli__Co-amoxiclav__South West,lstm
2025-10-01,41.0014687797995,True,E-coli__Co-amoxiclav__South West,lstm
2025-11-01,40.805043116032266,True,E-coli__Co-amoxiclav__South West,lstm
2025-12-01,40.48019661002604,True,E-coli__Co-amoxiclav__South West,lstm
2020-10-01,48.66,False,E-coli__Co-amoxiclav__West Midlands,lstm
2020-11-01,45.57,False,E-coli__Co-amoxiclav__West Midlands,lstm
2020-12-01,44.95,False,E-coli__Co-amoxiclav__West Midlands,lstm
2021-01-01,44.95,False,E-coli__Co-amoxiclav__West Midlands,lstm
2021-02-01,46.23,False,E-coli__Co-amoxiclav__West Midlands,lstm
2021-03-01,44.93,False,E-coli__Co-amoxiclav__West Midlands,lstm
2021-04-01,46.17,False,E-coli__Co-amoxiclav__West Midlands,lstm
2021-05-01,44.86,False,E-coli__Co-amoxiclav__West Midlands,lstm
2021-06-01,44.78,False,E-coli__Co-amoxiclav__West Midlands,lstm
2021-07-01,42.09,False,E-coli__Co-amoxiclav__West Midlands,lstm
2021-08-01,43.23,False,E-coli__Co-amoxiclav__West Midlands,lstm
2021-09-01,42.9,False,E-coli__Co-amoxiclav__West Midlands,lstm
2021-10-01,45.2,False,E-coli__Co-amoxiclav__West Midlands,lstm
2021-11-01,46.66,False,E-coli__Co-amoxiclav__West Midlands,lstm
2021-12-01,49.27,False,E-coli__Co-amoxiclav__West Midlands,lstm
2022-01-01,47.06,False,E-coli__Co-amoxiclav__West Midlands,lstm
2022-02-01,44.5,False,E-coli__Co-amoxiclav__West Midlands,lstm
2022-03-01,41.55,False,E-coli__Co-amoxiclav__West Midlands,lstm
2022-04-01,42.1,False,E-coli__Co-amoxiclav__West Midlands,lstm
2022-05-01,42.3,False,E-coli__Co-amoxiclav__West Midlands,lstm
2022-06-01,42.84,False,E-coli__Co-amoxiclav__West Midlands,lstm
2022-07-01,42.66,False,E-coli__Co-amoxiclav__West Midlands,lstm
2022-08-01,42.71,False,E-coli__Co-amoxiclav__West Midlands,lstm
2022-09-01,43.88,False,E-coli__Co-amoxiclav__West Midlands,lstm
2022-10-01,44.32,False,E-coli__Co-amoxiclav__West Midlands,lstm
2022-11-01,45.79,False,E-coli__Co-amoxiclav__West Midlands,lstm
2022-12-01,46.51,False,E-coli__Co-amoxiclav__West Midlands,lstm
2023-01-01,47.37,False,E-coli__Co-amoxiclav__West Midlands,lstm
2023-02-01,46.59,False,E-coli__Co-amoxiclav__West Midlands,lstm
2023-03-01,46.42,False,E-coli__Co-amoxiclav__West Midlands,lstm
2023-04-01,46.91,False,E-coli__Co-amoxiclav__West Midlands,lstm
2023-05-01,48.12,False,E-coli__Co-amoxiclav__West Midlands,lstm
2023-06-01,48.02,False,E-coli__Co-amoxiclav__West Midlands,lstm
2023-07-01,46.8,False,E-coli__Co-amoxiclav__West Midlands,lstm
2023-08-01,45.72,False,E-coli__Co-amoxiclav__West Midlands,lstm
2023-09-01,45.5,False,E-coli__Co-amoxiclav__West Midlands,lstm
2023-10-01,46.67,False,E-coli__Co-amoxiclav__West Midlands,lstm
2023-11-01,46.88,False,E-coli__Co-amoxiclav__West Midlands,lstm
2023-12-01,48.3,False,E-coli__Co-amoxiclav__West Midlands,lstm
2024-01-01,46.88,False,E-coli__Co-amoxiclav__West Midlands,lstm
2024-02-01,47.18,False,E-coli__Co-amoxiclav__West Midlands,lstm
2024-03-01,46.93,False,E-coli__Co-amoxiclav__West Midlands,lstm
2024-04-01,46.52,False,E-coli__Co-amoxiclav__West Midlands,lstm
2024-05-01,45.58,False,E-coli__Co-amoxiclav__West Midlands,lstm
2024-06-01,43.74,False,E-coli__Co-amoxiclav__West Midlands,lstm
2024-07-01,46.34,False,E-coli__Co-amoxiclav__West Midlands,lstm
2024-08-01,46.57,False,E-coli__Co-amoxiclav__West Midlands,lstm
2024-09-01,46.64,False,E-coli__Co-amoxiclav__West Midlands,lstm
2024-10-01,44.87,False,E-coli__Co-amoxiclav__West Midlands,lstm
2024-11-01,45.87,False,E-coli__Co-amoxiclav__West Midlands,lstm
2024-12-01,47.37,False,E-coli__Co-amoxiclav__West Midlands,lstm
2025-01-01,47.54,False,E-coli__Co-amoxiclav__West Midlands,lstm
2025-02-01,46.12,False,E-coli__Co-amoxiclav__West Midlands,lstm
2025-03-01,44.8,False,E-coli__Co-amoxiclav__West Midlands,lstm
2025-04-01,46.47,False,E-coli__Co-amoxiclav__West Midlands,lstm
2025-05-01,47.56,False,E-coli__Co-amoxiclav__West Midlands,lstm
2025-06-01,47.99,False,E-coli__Co-amoxiclav__West Midlands,lstm
2025-07-01,45.87806977798812,True,E-coli__Co-amoxiclav__West Midlands,lstm
2025-08-01,46.11518068338994,True,E-coli__Co-amoxiclav__West Midlands,lstm
2025-09-01,46.28955950034306,True,E-coli__Co-amoxiclav__West Midlands,lstm
2025-10-01,46.46863920748778,True,E-coli__Co-amoxiclav__West Midlands,lstm
2025-11-01,46.58675323090256,True,E-coli__Co-amoxiclav__West Midlands,lstm
2025-12-01,46.605147846632164,True,E-coli__Co-amoxiclav__West Midlands,lstm
2020-10-01,41.96,False,E-coli__Co-amoxiclav__Yorkshire and Humber,lstm
2020-11-01,43.32,False,E-coli__Co-amoxiclav__Yorkshire and Humber,lstm
2020-12-01,42.69,False,E-coli__Co-amoxiclav__Yorkshire and Humber,lstm
2021-01-01,40.75,False,E-coli__Co-amoxiclav__Yorkshire and Humber,lstm
2021-02-01,39.57,False,E-coli__Co-amoxiclav__Yorkshire and Humber,lstm
2021-03-01,41.94,False,E-coli__Co-amoxiclav__Yorkshire and Humber,lstm
2021-04-01,42.88,False,E-coli__Co-amoxiclav__Yorkshire and Humber,lstm
2021-05-01,42.14,False,E-coli__Co-amoxiclav__Yorkshire and Humber,lstm
2021-06-01,41.34,False,E-coli__Co-amoxiclav__Yorkshire and Humber,lstm
2021-07-01,42.21,False,E-coli__Co-amoxiclav__Yorkshire and Humber,lstm
2021-08-01,43.17,False,E-coli__Co-amoxiclav__Yorkshire and Humber,lstm
2021-09-01,42.06,False,E-coli__Co-amoxiclav__Yorkshire and Humber,lstm
2021-10-01,42.19,False,E-coli__Co-amoxiclav__Yorkshire and Humber,lstm
2021-11-01,43.39,False,E-coli__Co-amoxiclav__Yorkshire and Humber,lstm
2021-12-01,44.24,False,E-coli__Co-amoxiclav__Yorkshire and Humber,lstm
2022-01-01,42.01,False,E-coli__Co-amoxiclav__Yorkshire and Humber,lstm
2022-02-01,42.32,False,E-coli__Co-amoxiclav__Yorkshire and Humber,lstm
2022-03-01,40.27,False,E-coli__Co-amoxiclav__Yorkshire and Humber,lstm
2022-04-01,40.11,False,E-coli__Co-amoxiclav__Yorkshire and Humber,lstm
2022-05-01,38.25,False,E-coli__Co-amoxiclav__Yorkshire and Humber,lstm
2022-06-01,40.56,False,E-coli__Co-amoxiclav__Yorkshire and Humber,lstm
2022-07-01,40.47,False,E-coli__Co-amoxiclav__Yorkshire and Humber,lstm
2022-08-01,42.09,False,E-coli__Co-amoxiclav__Yorkshire and Humber,lstm
2022-09-01,39.48,False,E-coli__Co-amoxiclav__Yorkshire and Humber,lstm
2022-10-01,40.65,False,E-coli__Co-amoxiclav__Yorkshire and Humber,lstm
2022-11-01,41.07,False,E-coli__Co-amoxiclav__Yorkshire and Humber,lstm
2022-12-01,43.85,False,E-coli__Co-amoxiclav__Yorkshire and Humber,lstm
2023-01-01,45.63,False,E-coli__Co-amoxiclav__Yorkshire and Humber,lstm
2023-02-01,46.45,False,E-coli__Co-amoxiclav__Yorkshire and Humber,lstm
2023-03-01,47.44,False,E-coli__Co-amoxiclav__Yorkshire and Humber,lstm
2023-04-01,46.49,False,E-coli__Co-amoxiclav__Yorkshire and Humber,lstm
2023-05-01,43.46,False,E-coli__Co-amoxiclav__Yorkshire and Humber,lstm
2023-06-01,43.77,False,E-coli__Co-amoxiclav__Yorkshire and Humber,lstm
2023-07-01,43.73,False,E-coli__Co-amoxiclav__Yorkshire and Humber,lstm
2023-08-01,43.67,False,E-coli__Co-amoxiclav__Yorkshire and Humber,lstm
2023-09-01,40.81,False,E-coli__Co-amoxiclav__Yorkshire and Humber,lstm
2023-10-01,40.91,False,E-coli__Co-amoxiclav__Yorkshire and Humber,lstm
2023-11-01,42.05,False,E-coli__Co-amoxiclav__Yorkshire and Humber,lstm
2023-12-01,46.54,False,E-coli__Co-amoxiclav__Yorkshire and Humber,lstm
2024-01-01,44.38,False,E-coli__Co-amoxiclav__Yorkshire and Humber,lstm
2024-02-01,44.24,False,E-coli__Co-amoxiclav__Yorkshire and Humber,lstm
2024-03-01,41.43,False,E-coli__Co-amoxiclav__Yorkshire and Humber,lstm
2024-04-01,42.13,False,E-coli__Co-amoxiclav__Yorkshire and Humber,lstm
2024-05-01,40.5,False,E-coli__Co-amoxiclav__Yorkshire and Humber,lstm
2024-06-01,38.94,False,E-coli__Co-amoxiclav__Yorkshire and Humber,lstm
2024-07-01,41.37,False,E-coli__Co-amoxiclav__Yorkshire and Humber,lstm
2024-08-01,45.91,False,E-coli__Co-amoxiclav__Yorkshire and Humber,lstm
2024-09-01,49.82,False,E-coli__Co-amoxiclav__Yorkshire and Humber,lstm
2024-10-01,51.96,False,E-coli__Co-amoxiclav__Yorkshire and Humber,lstm
2024-11-01,50.79,False,E-coli__Co-amoxiclav__Yorkshire and Humber,lstm
2024-12-01,48.4,False,E-coli__Co-amoxiclav__Yorkshire and Humber,lstm
2025-01-01,46.03,False,E-coli__Co-amoxiclav__Yorkshire and Humber,lstm
2025-02-01,46.79,False,E-coli__Co-amoxiclav__Yorkshire and Humber,lstm
2025-03-01,48.34,False,E-coli__Co-amoxiclav__Yorkshire and Humber,lstm
2025-04-01,48.83,False,E-coli__Co-amoxiclav__Yorkshire and Humber,lstm
2025-05-01,47.52,False,E-coli__Co-amoxiclav__Yorkshire and Humber,lstm
2025-06-01,46.82,False,E-coli__Co-amoxiclav__Yorkshire and Humber,lstm
2025-07-01,43.31562403392635,True,E-coli__Co-amoxiclav__Yorkshire and Humber,lstm
2025-08-01,43.74154617949453,True,E-coli__Co-amoxiclav__Yorkshire and Humber,lstm
2025-09-01,44.25029126441031,True,E-coli__Co-amoxiclav__Yorkshire and Humber,lstm
2025-10-01,44.71617874479191,True,E-coli__Co-amoxiclav__Yorkshire and Humber,lstm
2025-11-01,45.000245263314724,True,E-coli__Co-amoxiclav__Yorkshire and Humber,lstm
2025-12-01,45.0479771057124,True,E-coli__Co-amoxiclav__Yorkshire and Humber,lstm
2020-10-01,5.22,False,E-coli__Gentamicin__East Midlands,lstm
2020-11-01,5.24,False,E-coli__Gentamicin__East Midlands,lstm
2020-12-01,4.56,False,E-coli__Gentamicin__East Midlands,lstm
2021-01-01,5.12,False,E-coli__Gentamicin__East Midlands,lstm
2021-02-01,6.09,False,E-coli__Gentamicin__East Midlands,lstm
2021-03-01,7.680000000000001,False,E-coli__Gentamicin__East Midlands,lstm
2021-04-01,8.38,False,E-coli__Gentamicin__East Midlands,lstm
2021-05-01,8.69,False,E-coli__Gentamicin__East Midlands,lstm
2021-06-01,8.6,False,E-coli__Gentamicin__East Midlands,lstm
2021-07-01,8.53,False,E-coli__Gentamicin__East Midlands,lstm
2021-08-01,7.33,False,E-coli__Gentamicin__East Midlands,lstm
2021-09-01,6.41,False,E-coli__Gentamicin__East Midlands,lstm
2021-10-01,6.63,False,E-coli__Gentamicin__East Midlands,lstm
2021-11-01,6.54,False,E-coli__Gentamicin__East Midlands,lstm
2021-12-01,7.31,False,E-coli__Gentamicin__East Midlands,lstm
2022-01-01,7.91,False,E-coli__Gentamicin__East Midlands,lstm
2022-02-01,8.53,False,E-coli__Gentamicin__East Midlands,lstm
2022-03-01,8.23,False,E-coli__Gentamicin__East Midlands,lstm
2022-04-01,8.46,False,E-coli__Gentamicin__East Midlands,lstm
2022-05-01,9.05,False,E-coli__Gentamicin__East Midlands,lstm
2022-06-01,8.56,False,E-coli__Gentamicin__East Midlands,lstm
2022-07-01,9.08,False,E-coli__Gentamicin__East Midlands,lstm
2022-08-01,9.21,False,E-coli__Gentamicin__East Midlands,lstm
2022-09-01,9.35,False,E-coli__Gentamicin__East Midlands,lstm
2022-10-01,7.62,False,E-coli__Gentamicin__East Midlands,lstm
2022-11-01,7.410000000000001,False,E-coli__Gentamicin__East Midlands,lstm
2022-12-01,9.21,False,E-coli__Gentamicin__East Midlands,lstm
2023-01-01,8.58,False,E-coli__Gentamicin__East Midlands,lstm
2023-02-01,7.53,False,E-coli__Gentamicin__East Midlands,lstm
2023-03-01,5.61,False,E-coli__Gentamicin__East Midlands,lstm
2023-04-01,6.36,False,E-coli__Gentamicin__East Midlands,lstm
2023-05-01,7.639999999999999,False,E-coli__Gentamicin__East Midlands,lstm
2023-06-01,8.63,False,E-coli__Gentamicin__East Midlands,lstm
2023-07-01,9.04,False,E-coli__Gentamicin__East Midlands,lstm
2023-08-01,8.88,False,E-coli__Gentamicin__East Midlands,lstm
2023-09-01,8.92,False,E-coli__Gentamicin__East Midlands,lstm
2023-10-01,8.96,False,E-coli__Gentamicin__East Midlands,lstm
2023-11-01,9.69,False,E-coli__Gentamicin__East Midlands,lstm
2023-12-01,8.66,False,E-coli__Gentamicin__East Midlands,lstm
2024-01-01,9.97,False,E-coli__Gentamicin__East Midlands,lstm
2024-02-01,10.45,False,E-coli__Gentamicin__East Midlands,lstm
2024-03-01,11.68,False,E-coli__Gentamicin__East Midlands,lstm
2024-04-01,11.76,False,E-coli__Gentamicin__East Midlands,lstm
2024-05-01,10.46,False,E-coli__Gentamicin__East Midlands,lstm
2024-06-01,10.54,False,E-coli__Gentamicin__East Midlands,lstm
2024-07-01,10.12,False,E-coli__Gentamicin__East Midlands,lstm
2024-08-01,9.84,False,E-coli__Gentamicin__East Midlands,lstm
2024-09-01,9.01,False,E-coli__Gentamicin__East Midlands,lstm
2024-10-01,8.61,False,E-coli__Gentamicin__East Midlands,lstm
2024-11-01,9.71,False,E-coli__Gentamicin__East Midlands,lstm
2024-12-01,10.38,False,E-coli__Gentamicin__East Midlands,lstm
2025-01-01,10.09,False,E-coli__Gentamicin__East Midlands,lstm
2025-02-01,11.41,False,E-coli__Gentamicin__East Midlands,lstm
2025-03-01,11.11,False,E-coli__Gentamicin__East Midlands,lstm
2025-04-01,11.92,False,E-coli__Gentamicin__East Midlands,lstm
2025-05-01,10.3,False,E-coli__Gentamicin__East Midlands,lstm
2025-06-01,9.68,False,E-coli__Gentamicin__East Midlands,lstm
2025-07-01,9.684517759600508,True,E-coli__Gentamicin__East Midlands,lstm
2025-08-01,9.910812162220445,True,E-coli__Gentamicin__East Midlands,lstm
2025-09-01,10.011045566038856,True,E-coli__Gentamicin__East Midlands,lstm
2025-10-01,10.041420669469892,True,E-coli__Gentamicin__East Midlands,lstm
2025-11-01,9.928970550013421,True,E-coli__Gentamicin__East Midlands,lstm
2025-12-01,9.755019186049465,True,E-coli__Gentamicin__East Midlands,lstm
2020-10-01,12.469999999999999,False,E-coli__Gentamicin__East of England,lstm
2020-11-01,12.609999999999998,False,E-coli__Gentamicin__East of England,lstm
2020-12-01,11.28,False,E-coli__Gentamicin__East of England,lstm
2021-01-01,9.02,False,E-coli__Gentamicin__East of England,lstm
2021-02-01,9.76,False,E-coli__Gentamicin__East of England,lstm
2021-03-01,9.93,False,E-coli__Gentamicin__East of England,lstm
2021-04-01,10.94,False,E-coli__Gentamicin__East of England,lstm
2021-05-01,10.88,False,E-coli__Gentamicin__East of England,lstm
2021-06-01,10.08,False,E-coli__Gentamicin__East of England,lstm
2021-07-01,9.75,False,E-coli__Gentamicin__East of England,lstm
2021-08-01,8.81,False,E-coli__Gentamicin__East of England,lstm
2021-09-01,9.67,False,E-coli__Gentamicin__East of England,lstm
2021-10-01,8.93,False,E-coli__Gentamicin__East of England,lstm
2021-11-01,9.56,False,E-coli__Gentamicin__East of England,lstm
2021-12-01,9.05,False,E-coli__Gentamicin__East of England,lstm
2022-01-01,8.96,False,E-coli__Gentamicin__East of England,lstm
2022-02-01,9.18,False,E-coli__Gentamicin__East of England,lstm
2022-03-01,9.13,False,E-coli__Gentamicin__East of England,lstm
2022-04-01,9.82,False,E-coli__Gentamicin__East of England,lstm
2022-05-01,9.86,False,E-coli__Gentamicin__East of England,lstm
2022-06-01,10.71,False,E-coli__Gentamicin__East of England,lstm
2022-07-01,10.86,False,E-coli__Gentamicin__East of England,lstm
2022-08-01,9.93,False,E-coli__Gentamicin__East of England,lstm
2022-09-01,8.78,False,E-coli__Gentamicin__East of England,lstm
2022-10-01,9.56,False,E-coli__Gentamicin__East of England,lstm
2022-11-01,10.49,False,E-coli__Gentamicin__East of England,lstm
2022-12-01,12.209999999999999,False,E-coli__Gentamicin__East of England,lstm
2023-01-01,12.540000000000001,False,E-coli__Gentamicin__East of England,lstm
2023-02-01,12.199999999999998,False,E-coli__Gentamicin__East of England,lstm
2023-03-01,10.46,False,E-coli__Gentamicin__East of England,lstm
2023-04-01,10.38,False,E-coli__Gentamicin__East of England,lstm
2023-05-01,11.24,False,E-coli__Gentamicin__East of England,lstm
2023-06-01,13.29,False,E-coli__Gentamicin__East of England,lstm
2023-07-01,12.97,False,E-coli__Gentamicin__East of England,lstm
2023-08-01,12.83,False,E-coli__Gentamicin__East of England,lstm
2023-09-01,12.48,False,E-coli__Gentamicin__East of England,lstm
2023-10-01,12.07,False,E-coli__Gentamicin__East of England,lstm
2023-11-01,11.339999999999998,False,E-coli__Gentamicin__East of England,lstm
2023-12-01,10.72,False,E-coli__Gentamicin__East of England,lstm
2024-01-01,10.3,False,E-coli__Gentamicin__East of England,lstm
2024-02-01,10.02,False,E-coli__Gentamicin__East of England,lstm
2024-03-01,10.85,False,E-coli__Gentamicin__East of England,lstm
2024-04-01,11.63,False,E-coli__Gentamicin__East of England,lstm
2024-05-01,13.41,False,E-coli__Gentamicin__East of England,lstm
2024-06-01,13.19,False,E-coli__Gentamicin__East of England,lstm
2024-07-01,14.4,False,E-coli__Gentamicin__East of England,lstm
2024-08-01,14.4,False,E-coli__Gentamicin__East of England,lstm
2024-09-01,13.31,False,E-coli__Gentamicin__East of England,lstm
2024-10-01,12.11,False,E-coli__Gentamicin__East of England,lstm
2024-11-01,11.48,False,E-coli__Gentamicin__East of England,lstm
2024-12-01,11.85,False,E-coli__Gentamicin__East of England,lstm
2025-01-01,10.66,False,E-coli__Gentamicin__East of England,lstm
2025-02-01,9.59,False,E-coli__Gentamicin__East of England,lstm
2025-03-01,9.72,False,E-coli__Gentamicin__East of England,lstm
2025-04-01,10.23,False,E-coli__Gentamicin__East of England,lstm
2025-05-01,9.97,False,E-coli__Gentamicin__East of England,lstm
2025-06-01,9.94,False,E-coli__Gentamicin__East of England,lstm
2025-07-01,13.28090084826303,True,E-coli__Gentamicin__East of England,lstm
2025-08-01,13.230102960534074,True,E-coli__Gentamicin__East of England,lstm
2025-09-01,12.813926819500322,True,E-coli__Gentamicin__East of England,lstm
2025-10-01,12.11954209675614,True,E-coli__Gentamicin__East of England,lstm
2025-11-01,11.306543973523999,True,E-coli__Gentamicin__East of England,lstm
2025-12-01,10.594600558972296,True,E-coli__Gentamicin__East of England,lstm
2020-10-01,13.83,False,E-coli__Gentamicin__London,lstm
2020-11-01,13.95,False,E-coli__Gentamicin__London,lstm
2020-12-01,13.24,False,E-coli__Gentamicin__London,lstm
2021-01-01,14.13,False,E-coli__Gentamicin__London,lstm
2021-02-01,14.690000000000001,False,E-coli__Gentamicin__London,lstm
2021-03-01,15.43,False,E-coli__Gentamicin__London,lstm
2021-04-01,14.690000000000001,False,E-coli__Gentamicin__London,lstm
2021-05-01,15.65,False,E-coli__Gentamicin__London,lstm
2021-06-01,14.519999999999998,False,E-coli__Gentamicin__London,lstm
2021-07-01,14.55,False,E-coli__Gentamicin__London,lstm
2021-08-01,14.780000000000001,False,E-coli__Gentamicin__London,lstm
2021-09-01,14.940000000000001,False,E-coli__Gentamicin__London,lstm
2021-10-01,15.85,False,E-coli__Gentamicin__London,lstm
2021-11-01,15.95,False,E-coli__Gentamicin__London,lstm
2021-12-01,16.65,False,E-coli__Gentamicin__London,lstm
2022-01-01,16.7,False,E-coli__Gentamicin__London,lstm
2022-02-01,16.11,False,E-coli__Gentamicin__London,lstm
2022-03-01,16.12,False,E-coli__Gentamicin__London,lstm
2022-04-01,15.250000000000002,False,E-coli__Gentamicin__London,lstm
2022-05-01,14.46,False,E-coli__Gentamicin__London,lstm
2022-06-01,14.56,False,E-coli__Gentamicin__London,lstm
2022-07-01,15.059999999999999,False,E-coli__Gentamicin__London,lstm
2022-08-01,15.53,False,E-coli__Gentamicin__London,lstm
2022-09-01,13.79,False,E-coli__Gentamicin__London,lstm
2022-10-01,13.26,False,E-coli__Gentamicin__London,lstm
2022-11-01,12.6,False,E-coli__Gentamicin__London,lstm
2022-12-01,14.039999999999997,False,E-coli__Gentamicin__London,lstm
2023-01-01,13.99,False,E-coli__Gentamicin__London,lstm
2023-02-01,14.739999999999998,False,E-coli__Gentamicin__London,lstm
2023-03-01,16.21,False,E-coli__Gentamicin__London,lstm
2023-04-01,17.69,False,E-coli__Gentamicin__London,lstm
2023-05-01,19.02,False,E-coli__Gentamicin__London,lstm
2023-06-01,18.22,False,E-coli__Gentamicin__London,lstm
2023-07-01,16.92,False,E-coli__Gentamicin__London,lstm
2023-08-01,16.61,False,E-coli__Gentamicin__London,lstm
2023-09-01,16.25,False,E-coli__Gentamicin__London,lstm
2023-10-01,16.42,False,E-coli__Gentamicin__London,lstm
2023-11-01,15.83,False,E-coli__Gentamicin__London,lstm
2023-12-01,15.97,False,E-coli__Gentamicin__London,lstm
2024-01-01,17.81,False,E-coli__Gentamicin__London,lstm
2024-02-01,18.24,False,E-coli__Gentamicin__London,lstm
2024-03-01,18.65,False,E-coli__Gentamicin__London,lstm
2024-04-01,17.4,False,E-coli__Gentamicin__London,lstm
2024-05-01,17.5,False,E-coli__Gentamicin__London,lstm
2024-06-01,16.96,False,E-coli__Gentamicin__London,lstm
2024-07-01,18.3,False,E-coli__Gentamicin__London,lstm
2024-08-01,18.01,False,E-coli__Gentamicin__London,lstm
2024-09-01,17.51,False,E-coli__Gentamicin__London,lstm
2024-10-01,15.37,False,E-coli__Gentamicin__London,lstm
2024-11-01,13.8,False,E-coli__Gentamicin__London,lstm
2024-12-01,13.57,False,E-coli__Gentamicin__London,lstm
2025-01-01,14.870000000000001,False,E-coli__Gentamicin__London,lstm
2025-02-01,16.01,False,E-coli__Gentamicin__London,lstm
2025-03-01,16.49,False,E-coli__Gentamicin__London,lstm
2025-04-01,15.41,False,E-coli__Gentamicin__London,lstm
2025-05-01,14.959999999999999,False,E-coli__Gentamicin__London,lstm
2025-06-01,15.230000000000002,False,E-coli__Gentamicin__London,lstm
2025-07-01,16.549961127466126,True,E-coli__Gentamicin__London,lstm
2025-08-01,16.42101377770639,True,E-coli__Gentamicin__London,lstm
2025-09-01,16.205853310340853,True,E-coli__Gentamicin__London,lstm
2025-10-01,15.941053873083813,True,E-coli__Gentamicin__London,lstm
2025-11-01,15.714543624166359,True,E-coli__Gentamicin__London,lstm
2025-12-01,15.60193787736601,True,E-coli__Gentamicin__London,lstm
2020-10-01,7.13,False,E-coli__Gentamicin__North East,lstm
2020-11-01,8.67,False,E-coli__Gentamicin__North East,lstm
2020-12-01,9.58,False,E-coli__Gentamicin__North East,lstm
2021-01-01,7.72,False,E-coli__Gentamicin__North East,lstm
2021-02-01,6.01,False,E-coli__Gentamicin__North East,lstm
2021-03-01,4.87,False,E-coli__Gentamicin__North East,lstm
2021-04-01,4.99,False,E-coli__Gentamicin__North East,lstm
2021-05-01,4.41,False,E-coli__Gentamicin__North East,lstm
2021-06-01,5.14,False,E-coli__Gentamicin__North East,lstm
2021-07-01,5.89,False,E-coli__Gentamicin__North East,lstm
2021-08-01,7.06,False,E-coli__Gentamicin__North East,lstm
2021-09-01,7.51,False,E-coli__Gentamicin__North East,lstm
2021-10-01,7.11,False,E-coli__Gentamicin__North East,lstm
2021-11-01,7.85,False,E-coli__Gentamicin__North East,lstm
2021-12-01,7.46,False,E-coli__Gentamicin__North East,lstm
2022-01-01,5.85,False,E-coli__Gentamicin__North East,lstm
2022-02-01,6.54,False,E-coli__Gentamicin__North East,lstm
2022-03-01,7.09,False,E-coli__Gentamicin__North East,lstm
2022-04-01,7.940000000000001,False,E-coli__Gentamicin__North East,lstm
2022-05-01,7.47,False,E-coli__Gentamicin__North East,lstm
2022-06-01,7.03,False,E-coli__Gentamicin__North East,lstm
2022-07-01,7.28,False,E-coli__Gentamicin__North East,lstm
2022-08-01,7.05,False,E-coli__Gentamicin__North East,lstm
2022-09-01,5.65,False,E-coli__Gentamicin__North East,lstm
2022-10-01,5.51,False,E-coli__Gentamicin__North East,lstm
2022-11-01,5.27,False,E-coli__Gentamicin__North East,lstm
2022-12-01,6.44,False,E-coli__Gentamicin__North East,lstm
2023-01-01,6.17,False,E-coli__Gentamicin__North East,lstm
2023-02-01,7.06,False,E-coli__Gentamicin__North East,lstm
2023-03-01,6.86,False,E-coli__Gentamicin__North East,lstm
2023-04-01,8.11,False,E-coli__Gentamicin__North East,lstm
2023-05-01,6.52,False,E-coli__Gentamicin__North East,lstm
2023-06-01,7.42,False,E-coli__Gentamicin__North East,lstm
2023-07-01,6.65,False,E-coli__Gentamicin__North East,lstm
2023-08-01,9.38,False,E-coli__Gentamicin__North East,lstm
2023-09-01,9.36,False,E-coli__Gentamicin__North East,lstm
2023-10-01,10.34,False,E-coli__Gentamicin__North East,lstm
2023-11-01,9.33,False,E-coli__Gentamicin__North East,lstm
2023-12-01,10.34,False,E-coli__Gentamicin__North East,lstm
2024-01-01,9.15,False,E-coli__Gentamicin__North East,lstm
2024-02-01,9.22,False,E-coli__Gentamicin__North East,lstm
2024-03-01,8.45,False,E-coli__Gentamicin__North East,lstm
2024-04-01,8.74,False,E-coli__Gentamicin__North East,lstm
2024-05-01,7.37,False,E-coli__Gentamicin__North East,lstm
2024-06-01,6.37,False,E-coli__Gentamicin__North East,lstm
2024-07-01,6.48,False,E-coli__Gentamicin__North East,lstm
2024-08-01,8.06,False,E-coli__Gentamicin__North East,lstm
2024-09-01,9.65,False,E-coli__Gentamicin__North East,lstm
2024-10-01,10.5,False,E-coli__Gentamicin__North East,lstm
2024-11-01,11.55,False,E-coli__Gentamicin__North East,lstm
2024-12-01,10.11,False,E-coli__Gentamicin__North East,lstm
2025-01-01,9.81,False,E-coli__Gentamicin__North East,lstm
2025-02-01,8.68,False,E-coli__Gentamicin__North East,lstm
2025-03-01,10.49,False,E-coli__Gentamicin__North East,lstm
2025-04-01,12.3,False,E-coli__Gentamicin__North East,lstm
2025-05-01,11.84,False,E-coli__Gentamicin__North East,lstm
2025-06-01,11.21,False,E-coli__Gentamicin__North East,lstm
2025-07-01,8.433268517472706,True,E-coli__Gentamicin__North East,lstm
2025-08-01,8.616390918138647,True,E-coli__Gentamicin__North East,lstm
2025-09-01,8.809616104871424,True,E-coli__Gentamicin__North East,lstm
2025-10-01,8.98394273081798,True,E-coli__Gentamicin__North East,lstm
2025-11-01,9.033383476735775,True,E-coli__Gentamicin__North East,lstm
2025-12-01,8.959275167433894,True,E-coli__Gentamicin__North East,lstm
2020-10-01,10.95,False,E-coli__Gentamicin__North West,lstm
2020-11-01,10.25,False,E-coli__Gentamicin__North West,lstm
2020-12-01,10.05,False,E-coli__Gentamicin__North West,lstm
2021-01-01,9.88,False,E-coli__Gentamicin__North West,lstm
2021-02-01,9.89,False,E-coli__Gentamicin__North West,lstm
2021-03-01,9.75,False,E-coli__Gentamicin__North West,lstm
2021-04-01,10.35,False,E-coli__Gentamicin__North West,lstm
2021-05-01,9.98,False,E-coli__Gentamicin__North West,lstm
2021-06-01,9.81,False,E-coli__Gentamicin__North West,lstm
2021-07-01,10.11,False,E-coli__Gentamicin__North West,lstm
2021-08-01,10.62,False,E-coli__Gentamicin__North West,lstm
2021-09-01,10.58,False,E-coli__Gentamicin__North West,lstm
2021-10-01,9.87,False,E-coli__Gentamicin__North West,lstm
2021-11-01,8.91,False,E-coli__Gentamicin__North West,lstm
2021-12-01,10.29,False,E-coli__Gentamicin__North West,lstm
2022-01-01,10.85,False,E-coli__Gentamicin__North West,lstm
2022-02-01,12.07,False,E-coli__Gentamicin__North West,lstm
2022-03-01,10.99,False,E-coli__Gentamicin__North West,lstm
2022-04-01,11.46,False,E-coli__Gentamicin__North West,lstm
2022-05-01,10.96,False,E-coli__Gentamicin__North West,lstm
2022-06-01,11.45,False,E-coli__Gentamicin__North West,lstm
2022-07-01,11.290000000000001,False,E-coli__Gentamicin__North West,lstm
2022-08-01,12.929999999999998,False,E-coli__Gentamicin__North West,lstm
2022-09-01,13.400000000000002,False,E-coli__Gentamicin__North West,lstm
2022-10-01,14.46,False,E-coli__Gentamicin__North West,lstm
2022-11-01,13.57,False,E-coli__Gentamicin__North West,lstm
2022-12-01,13.84,False,E-coli__Gentamicin__North West,lstm
2023-01-01,12.25,False,E-coli__Gentamicin__North West,lstm
2023-02-01,11.790000000000001,False,E-coli__Gentamicin__North West,lstm
2023-03-01,11.520000000000001,False,E-coli__Gentamicin__North West,lstm
2023-04-01,11.21,False,E-coli__Gentamicin__North West,lstm
2023-05-01,11.2,False,E-coli__Gentamicin__North West,lstm
2023-06-01,11.7,False,E-coli__Gentamicin__North West,lstm
2023-07-01,12.280000000000001,False,E-coli__Gentamicin__North West,lstm
2023-08-01,12.419999999999998,False,E-coli__Gentamicin__North West,lstm
2023-09-01,11.530000000000001,False,E-coli__Gentamicin__North West,lstm
2023-10-01,12.35,False,E-coli__Gentamicin__North West,lstm
2023-11-01,13.81,False,E-coli__Gentamicin__North West,lstm
2023-12-01,14.430000000000001,False,E-coli__Gentamicin__North West,lstm
2024-01-01,13.169999999999998,False,E-coli__Gentamicin__North West,lstm
2024-02-01,12.48,False,E-coli__Gentamicin__North West,lstm
2024-03-01,12.62,False,E-coli__Gentamicin__North West,lstm
2024-04-01,13.48,False,E-coli__Gentamicin__North West,lstm
2024-05-01,13.36,False,E-coli__Gentamicin__North West,lstm
2024-06-01,13.71,False,E-coli__Gentamicin__North West,lstm
2024-07-01,13.02,False,E-coli__Gentamicin__North West,lstm
2024-08-01,12.61,False,E-coli__Gentamicin__North West,lstm
2024-09-01,12.290000000000001,False,E-coli__Gentamicin__North West,lstm
2024-10-01,12.790000000000001,False,E-coli__Gentamicin__North West,lstm
2024-11-01,13.660000000000002,False,E-coli__Gentamicin__North West,lstm
2024-12-01,13.98,False,E-coli__Gentamicin__North West,lstm
2025-01-01,13.34,False,E-coli__Gentamicin__North West,lstm
2025-02-01,13.429999999999998,False,E-coli__Gentamicin__North West,lstm
2025-03-01,13.31,False,E-coli__Gentamicin__North West,lstm
2025-04-01,14.170000000000002,False,E-coli__Gentamicin__North West,lstm
2025-05-01,13.51,False,E-coli__Gentamicin__North West,lstm
2025-06-01,12.73,False,E-coli__Gentamicin__North West,lstm
2025-07-01,12.800426440334022,True,E-coli__Gentamicin__North West,lstm
2025-08-01,13.054660061759288,True,E-coli__Gentamicin__North West,lstm
2025-09-01,13.225352851064056,True,E-coli__Gentamicin__North West,lstm
2025-10-01,13.330966174455785,True,E-coli__Gentamicin__North West,lstm
2025-11-01,13.298551118127492,True,E-coli__Gentamicin__North West,lstm
2025-12-01,13.139734154001056,True,E-coli__Gentamicin__North West,lstm
2020-10-01,12.92,False,E-coli__Gentamicin__South East,lstm
2020-11-01,12.64,False,E-coli__Gentamicin__South East,lstm
2020-12-01,12.940000000000001,False,E-coli__Gentamicin__South East,lstm
2021-01-01,11.199999999999998,False,E-coli__Gentamicin__South East,lstm
2021-02-01,11.8,False,E-coli__Gentamicin__South East,lstm
2021-03-01,11.220000000000002,False,E-coli__Gentamicin__South East,lstm
2021-04-01,11.98,False,E-coli__Gentamicin__South East,lstm
2021-05-01,10.51,False,E-coli__Gentamicin__South East,lstm
2021-06-01,9.91,False,E-coli__Gentamicin__South East,lstm
2021-07-01,9.38,False,E-coli__Gentamicin__South East,lstm
2021-08-01,9.31,False,E-coli__Gentamicin__South East,lstm
2021-09-01,8.72,False,E-coli__Gentamicin__South East,lstm
2021-10-01,8.97,False,E-coli__Gentamicin__South East,lstm
2021-11-01,10.82,False,E-coli__Gentamicin__South East,lstm
2021-12-01,12.580000000000002,False,E-coli__Gentamicin__South East,lstm
2022-01-01,11.98,False,E-coli__Gentamicin__South East,lstm
2022-02-01,12.53,False,E-coli__Gentamicin__South East,lstm
2022-03-01,11.15,False,E-coli__Gentamicin__South East,lstm
2022-04-01,13.54,False,E-coli__Gentamicin__South East,lstm
2022-05-01,12.24,False,E-coli__Gentamicin__South East,lstm
2022-06-01,12.730000000000002,False,E-coli__Gentamicin__South East,lstm
2022-07-01,10.72,False,E-coli__Gentamicin__South East,lstm
2022-08-01,10.52,False,E-coli__Gentamicin__South East,lstm
2022-09-01,10.76,False,E-coli__Gentamicin__South East,lstm
2022-10-01,11.4,False,E-coli__Gentamicin__South East,lstm
2022-11-01,11.699999999999998,False,E-coli__Gentamicin__South East,lstm
2022-12-01,12.24,False,E-coli__Gentamicin__South East,lstm
2023-01-01,11.91,False,E-coli__Gentamicin__South East,lstm
2023-02-01,11.15,False,E-coli__Gentamicin__South East,lstm
2023-03-01,10.81,False,E-coli__Gentamicin__South East,lstm
2023-04-01,11.04,False,E-coli__Gentamicin__South East,lstm
2023-05-01,11.419999999999998,False,E-coli__Gentamicin__South East,lstm
2023-06-01,11.75,False,E-coli__Gentamicin__South East,lstm
2023-07-01,12.62,False,E-coli__Gentamicin__South East,lstm
2023-08-01,12.09,False,E-coli__Gentamicin__South East,lstm
2023-09-01,11.91,False,E-coli__Gentamicin__South East,lstm
2023-10-01,10.47,False,E-coli__Gentamicin__South East,lstm
2023-11-01,11.1,False,E-coli__Gentamicin__South East,lstm
2023-12-01,12.13,False,E-coli__Gentamicin__South East,lstm
2024-01-01,12.75,False,E-coli__Gentamicin__South East,lstm
2024-02-01,13.27,False,E-coli__Gentamicin__South East,lstm
2024-03-01,12.95,False,E-coli__Gentamicin__South East,lstm
2024-04-01,13.84,False,E-coli__Gentamicin__South East,lstm
2024-05-01,13.9,False,E-coli__Gentamicin__South East,lstm
2024-06-01,13.84,False,E-coli__Gentamicin__South East,lstm
2024-07-01,13.83,False,E-coli__Gentamicin__South East,lstm
2024-08-01,13.69,False,E-coli__Gentamicin__South East,lstm
2024-09-01,12.97,False,E-coli__Gentamicin__South East,lstm
2024-10-01,12.48,False,E-coli__Gentamicin__South East,lstm
2024-11-01,12.46,False,E-coli__Gentamicin__South East,lstm
2024-12-01,13.72,False,E-coli__Gentamicin__South East,lstm
2025-01-01,13.45,False,E-coli__Gentamicin__South East,lstm
2025-02-01,13.69,False,E-coli__Gentamicin__South East,lstm
2025-03-01,12.349999999999998,False,E-coli__Gentamicin__South East,lstm
2025-04-01,11.86,False,E-coli__Gentamicin__South East,lstm
2025-05-01,11.46,False,E-coli__Gentamicin__South East,lstm
2025-06-01,11.98,False,E-coli__Gentamicin__South East,lstm
2025-07-01,12.452877996704608,True,E-coli__Gentamicin__South East,lstm
2025-08-01,12.607814574996388,True,E-coli__Gentamicin__South East,lstm
2025-09-01,12.63069658266222,True,E-coli__Gentamicin__South East,lstm
2025-10-01,12.574956338042037,True,E-coli__Gentamicin__South East,lstm
2025-11-01,12.469491175314932,True,E-coli__Gentamicin__South East,lstm
2025-12-01,12.38124886264925,True,E-coli__Gentamicin__South East,lstm
2020-10-01,11.649999999999999,False,E-coli__Gentamicin__South West,lstm
2020-11-01,11.71,False,E-coli__Gentamicin__South West,lstm
2020-12-01,11.04,False,E-coli__Gentamicin__South West,lstm
2021-01-01,8.42,False,E-coli__Gentamicin__South West,lstm
2021-02-01,8.21,False,E-coli__Gentamicin__South West,lstm
2021-03-01,7.61,False,E-coli__Gentamicin__South West,lstm
2021-04-01,7.96,False,E-coli__Gentamicin__South West,lstm
2021-05-01,7.699999999999999,False,E-coli__Gentamicin__South West,lstm
2021-06-01,8.03,False,E-coli__Gentamicin__South West,lstm
2021-07-01,6.949999999999999,False,E-coli__Gentamicin__South West,lstm
2021-08-01,7.66,False,E-coli__Gentamicin__South West,lstm
2021-09-01,7.95,False,E-coli__Gentamicin__South West,lstm
2021-10-01,8.6,False,E-coli__Gentamicin__South West,lstm
2021-11-01,8.86,False,E-coli__Gentamicin__South West,lstm
2021-12-01,8.12,False,E-coli__Gentamicin__South West,lstm
2022-01-01,8.99,False,E-coli__Gentamicin__South West,lstm
2022-02-01,8.56,False,E-coli__Gentamicin__South West,lstm
2022-03-01,10.27,False,E-coli__Gentamicin__South West,lstm
2022-04-01,10.12,False,E-coli__Gentamicin__South West,lstm
2022-05-01,10.61,False,E-coli__Gentamicin__South West,lstm
2022-06-01,9.57,False,E-coli__Gentamicin__South West,lstm
2022-07-01,9.9,False,E-coli__Gentamicin__South West,lstm
2022-08-01,9.39,False,E-coli__Gentamicin__South West,lstm
2022-09-01,8.91,False,E-coli__Gentamicin__South West,lstm
2022-10-01,8.38,False,E-coli__Gentamicin__South West,lstm
2022-11-01,8.45,False,E-coli__Gentamicin__South West,lstm
2022-12-01,8.24,False,E-coli__Gentamicin__South West,lstm
2023-01-01,7.730000000000001,False,E-coli__Gentamicin__South West,lstm
2023-02-01,6.64,False,E-coli__Gentamicin__South West,lstm
2023-03-01,7.97,False,E-coli__Gentamicin__South West,lstm
2023-04-01,9.44,False,E-coli__Gentamicin__South West,lstm
2023-05-01,9.88,False,E-coli__Gentamicin__South West,lstm
2023-06-01,9.26,False,E-coli__Gentamicin__South West,lstm
2023-07-01,8.28,False,E-coli__Gentamicin__South West,lstm
2023-08-01,9.3,False,E-coli__Gentamicin__South West,lstm
2023-09-01,10.63,False,E-coli__Gentamicin__South West,lstm
2023-10-01,11.51,False,E-coli__Gentamicin__South West,lstm
2023-11-01,11.29,False,E-coli__Gentamicin__South West,lstm
2023-12-01,10.21,False,E-coli__Gentamicin__South West,lstm
2024-01-01,10.04,False,E-coli__Gentamicin__South West,lstm
2024-02-01,10.8,False,E-coli__Gentamicin__South West,lstm
2024-03-01,11.24,False,E-coli__Gentamicin__South West,lstm
2024-04-01,11.47,False,E-coli__Gentamicin__South West,lstm
2024-05-01,10.07,False,E-coli__Gentamicin__South West,lstm
2024-06-01,9.94,False,E-coli__Gentamicin__South West,lstm
2024-07-01,11.4,False,E-coli__Gentamicin__South West,lstm
2024-08-01,11.2,False,E-coli__Gentamicin__South West,lstm
2024-09-01,10.26,False,E-coli__Gentamicin__South West,lstm
2024-10-01,7.72,False,E-coli__Gentamicin__South West,lstm
2024-11-01,8.29,False,E-coli__Gentamicin__South West,lstm
2024-12-01,9.48,False,E-coli__Gentamicin__South West,lstm
2025-01-01,11.45,False,E-coli__Gentamicin__South West,lstm
2025-02-01,12.46,False,E-coli__Gentamicin__South West,lstm
2025-03-01,12.18,False,E-coli__Gentamicin__South West,lstm
2025-04-01,11.68,False,E-coli__Gentamicin__South West,lstm
2025-05-01,11.04,False,E-coli__Gentamicin__South West,lstm
2025-06-01,10.87,False,E-coli__Gentamicin__South West,lstm
2025-07-01,10.116000352793257,True,E-coli__Gentamicin__South West,lstm
2025-08-01,10.212529956627478,True,E-coli__Gentamicin__South West,lstm
2025-09-01,10.202913186553085,True,E-coli__Gentamicin__South West,lstm
2025-10-01,10.11238818388913,True,E-coli__Gentamicin__South West,lstm
2025-11-01,9.9711400166472,True,E-coli__Gentamicin__South West,lstm
2025-12-01,9.851588498080991,True,E-coli__Gentamicin__South West,lstm
2020-10-01,9.55,False,E-coli__Gentamicin__West Midlands,lstm
2020-11-01,9.13,False,E-coli__Gentamicin__West Midlands,lstm
2020-12-01,9.1,False,E-coli__Gentamicin__West Midlands,lstm
2021-01-01,9.06,False,E-coli__Gentamicin__West Midlands,lstm
2021-02-01,9.12,False,E-coli__Gentamicin__West Midlands,lstm
2021-03-01,8.66,False,E-coli__Gentamicin__West Midlands,lstm
2021-04-01,9.2,False,E-coli__Gentamicin__West Midlands,lstm
2021-05-01,9.66,False,E-coli__Gentamicin__West Midlands,lstm
2021-06-01,9.87,False,E-coli__Gentamicin__West Midlands,lstm
2021-07-01,7.68,False,E-coli__Gentamicin__West Midlands,lstm
2021-08-01,8.79,False,E-coli__Gentamicin__West Midlands,lstm
2021-09-01,8.68,False,E-coli__Gentamicin__West Midlands,lstm
2021-10-01,11.03,False,E-coli__Gentamicin__West Midlands,lstm
2021-11-01,9.96,False,E-coli__Gentamicin__West Midlands,lstm
2021-12-01,10.07,False,E-coli__Gentamicin__West Midlands,lstm
2022-01-01,8.71,False,E-coli__Gentamicin__West Midlands,lstm
2022-02-01,8.23,False,E-coli__Gentamicin__West Midlands,lstm
2022-03-01,7.92,False,E-coli__Gentamicin__West Midlands,lstm
2022-04-01,8.32,False,E-coli__Gentamicin__West Midlands,lstm
2022-05-01,8.98,False,E-coli__Gentamicin__West Midlands,lstm
2022-06-01,9.46,False,E-coli__Gentamicin__West Midlands,lstm
2022-07-01,9.38,False,E-coli__Gentamicin__West Midlands,lstm
2022-08-01,9.3,False,E-coli__Gentamicin__West Midlands,lstm
2022-09-01,9.49,False,E-coli__Gentamicin__West Midlands,lstm
2022-10-01,10.37,False,E-coli__Gentamicin__West Midlands,lstm
2022-11-01,10.5,False,E-coli__Gentamicin__West Midlands,lstm
2022-12-01,11.74,False,E-coli__Gentamicin__West Midlands,lstm
2023-01-01,11.97,False,E-coli__Gentamicin__West Midlands,lstm
2023-02-01,12.0,False,E-coli__Gentamicin__West Midlands,lstm
2023-03-01,11.38,False,E-coli__Gentamicin__West Midlands,lstm
2023-04-01,11.96,False,E-coli__Gentamicin__West Midlands,lstm
2023-05-01,12.14,False,E-coli__Gentamicin__West Midlands,lstm
2023-06-01,12.63,False,E-coli__Gentamicin__West Midlands,lstm
2023-07-01,12.4,False,E-coli__Gentamicin__West Midlands,lstm
2023-08-01,11.99,False,E-coli__Gentamicin__West Midlands,lstm
2023-09-01,11.14,False,E-coli__Gentamicin__West Midlands,lstm
2023-10-01,11.57,False,E-coli__Gentamicin__West Midlands,lstm
2023-11-01,11.9,False,E-coli__Gentamicin__West Midlands,lstm
2023-12-01,11.61,False,E-coli__Gentamicin__West Midlands,lstm
2024-01-01,10.54,False,E-coli__Gentamicin__West Midlands,lstm
2024-02-01,11.73,False,E-coli__Gentamicin__West Midlands,lstm
2024-03-01,13.13,False,E-coli__Gentamicin__West Midlands,lstm
2024-04-01,12.35,False,E-coli__Gentamicin__West Midlands,lstm
2024-05-01,12.04,False,E-coli__Gentamicin__West Midlands,lstm
2024-06-01,10.93,False,E-coli__Gentamicin__West Midlands,lstm
2024-07-01,12.53,False,E-coli__Gentamicin__West Midlands,lstm
2024-08-01,11.69,False,E-coli__Gentamicin__West Midlands,lstm
2024-09-01,12.67,False,E-coli__Gentamicin__West Midlands,lstm
2024-10-01,13.28,False,E-coli__Gentamicin__West Midlands,lstm
2024-11-01,14.659999999999998,False,E-coli__Gentamicin__West Midlands,lstm
2024-12-01,14.81,False,E-coli__Gentamicin__West Midlands,lstm
2025-01-01,13.55,False,E-coli__Gentamicin__West Midlands,lstm
2025-02-01,12.16,False,E-coli__Gentamicin__West Midlands,lstm
2025-03-01,12.66,False,E-coli__Gentamicin__West Midlands,lstm
2025-04-01,12.34,False,E-coli__Gentamicin__West Midlands,lstm
2025-05-01,12.7,False,E-coli__Gentamicin__West Midlands,lstm
2025-06-01,11.35,False,E-coli__Gentamicin__West Midlands,lstm
2025-07-01,12.519454149219106,True,E-coli__Gentamicin__West Midlands,lstm
2025-08-01,12.702085084212442,True,E-coli__Gentamicin__West Midlands,lstm
2025-09-01,12.818791128200498,True,E-coli__Gentamicin__West Midlands,lstm
2025-10-01,12.828096985569134,True,E-coli__Gentamicin__West Midlands,lstm
2025-11-01,12.758744620476469,True,E-coli__Gentamicin__West Midlands,lstm
2025-12-01,12.549162673965071,True,E-coli__Gentamicin__West Midlands,lstm
2020-10-01,7.77,False,E-coli__Gentamicin__Yorkshire and Humber,lstm
2020-11-01,7.35,False,E-coli__Gentamicin__Yorkshire and Humber,lstm
2020-12-01,6.41,False,E-coli__Gentamicin__Yorkshire and Humber,lstm
2021-01-01,5.88,False,E-coli__Gentamicin__Yorkshire and Humber,lstm
2021-02-01,6.33,False,E-coli__Gentamicin__Yorkshire and Humber,lstm
2021-03-01,7.2700000000000005,False,E-coli__Gentamicin__Yorkshire and Humber,lstm
2021-04-01,7.05,False,E-coli__Gentamicin__Yorkshire and Humber,lstm
2021-05-01,7.25,False,E-coli__Gentamicin__Yorkshire and Humber,lstm
2021-06-01,6.46,False,E-coli__Gentamicin__Yorkshire and Humber,lstm
2021-07-01,7.01,False,E-coli__Gentamicin__Yorkshire and Humber,lstm
2021-08-01,7.080000000000001,False,E-coli__Gentamicin__Yorkshire and Humber,lstm
2021-09-01,8.21,False,E-coli__Gentamicin__Yorkshire and Humber,lstm
2021-10-01,7.970000000000001,False,E-coli__Gentamicin__Yorkshire and Humber,lstm
2021-11-01,8.53,False,E-coli__Gentamicin__Yorkshire and Humber,lstm
2021-12-01,8.0,False,E-coli__Gentamicin__Yorkshire and Humber,lstm
2022-01-01,8.86,False,E-coli__Gentamicin__Yorkshire and Humber,lstm
2022-02-01,8.75,False,E-coli__Gentamicin__Yorkshire and Humber,lstm
2022-03-01,8.34,False,E-coli__Gentamicin__Yorkshire and Humber,lstm
2022-04-01,6.919999999999999,False,E-coli__Gentamicin__Yorkshire and Humber,lstm
2022-05-01,6.5,False,E-coli__Gentamicin__Yorkshire and Humber,lstm
2022-06-01,7.490000000000001,False,E-coli__Gentamicin__Yorkshire and Humber,lstm
2022-07-01,8.69,False,E-coli__Gentamicin__Yorkshire and Humber,lstm
2022-08-01,10.08,False,E-coli__Gentamicin__Yorkshire and Humber,lstm
2022-09-01,9.84,False,E-coli__Gentamicin__Yorkshire and Humber,lstm
2022-10-01,10.03,False,E-coli__Gentamicin__Yorkshire and Humber,lstm
2022-11-01,9.2,False,E-coli__Gentamicin__Yorkshire and Humber,lstm
2022-12-01,8.21,False,E-coli__Gentamicin__Yorkshire and Humber,lstm
2023-01-01,7.760000000000001,False,E-coli__Gentamicin__Yorkshire and Humber,lstm
2023-02-01,7.67,False,E-coli__Gentamicin__Yorkshire and Humber,lstm
2023-03-01,8.4,False,E-coli__Gentamicin__Yorkshire and Humber,lstm
2023-04-01,9.14,False,E-coli__Gentamicin__Yorkshire and Humber,lstm
2023-05-01,7.890000000000001,False,E-coli__Gentamicin__Yorkshire and Humber,lstm
2023-06-01,8.77,False,E-coli__Gentamicin__Yorkshire and Humber,lstm
2023-07-01,9.31,False,E-coli__Gentamicin__Yorkshire and Humber,lstm
2023-08-01,10.79,False,E-coli__Gentamicin__Yorkshire and Humber,lstm
2023-09-01,10.65,False,E-coli__Gentamicin__Yorkshire and Humber,lstm
2023-10-01,9.45,False,E-coli__Gentamicin__Yorkshire and Humber,lstm
2023-11-01,9.22,False,E-coli__Gentamicin__Yorkshire and Humber,lstm
2023-12-01,9.39,False,E-coli__Gentamicin__Yorkshire and Humber,lstm
2024-01-01,8.93,False,E-coli__Gentamicin__Yorkshire and Humber,lstm
2024-02-01,8.99,False,E-coli__Gentamicin__Yorkshire and Humber,lstm
2024-03-01,8.76,False,E-coli__Gentamicin__Yorkshire and Humber,lstm
2024-04-01,10.15,False,E-coli__Gentamicin__Yorkshire and Humber,lstm
2024-05-01,10.07,False,E-coli__Gentamicin__Yorkshire and Humber,lstm
2024-06-01,10.36,False,E-coli__Gentamicin__Yorkshire and Humber,lstm
2024-07-01,9.96,False,E-coli__Gentamicin__Yorkshire and Humber,lstm
2024-08-01,9.65,False,E-coli__Gentamicin__Yorkshire and Humber,lstm
2024-09-01,8.7,False,E-coli__Gentamicin__Yorkshire and Humber,lstm
2024-10-01,9.26,False,E-coli__Gentamicin__Yorkshire and Humber,lstm
2024-11-01,10.04,False,E-coli__Gentamicin__Yorkshire and Humber,lstm
2024-12-01,11.34,False,E-coli__Gentamicin__Yorkshire and Humber,lstm
2025-01-01,10.96,False,E-coli__Gentamicin__Yorkshire and Humber,lstm
2025-02-01,11.74,False,E-coli__Gentamicin__Yorkshire and Humber,lstm
2025-03-01,11.72,False,E-coli__Gentamicin__Yorkshire and Humber,lstm
2025-04-01,11.42,False,E-coli__Gentamicin__Yorkshire and Humber,lstm
2025-05-01,10.41,False,E-coli__Gentamicin__Yorkshire and Humber,lstm
2025-06-01,10.1,False,E-coli__Gentamicin__Yorkshire and Humber,lstm
2025-07-01,9.842124464584481,True,E-coli__Gentamicin__Yorkshire and Humber,lstm
2025-08-01,10.126208507248005,True,E-coli__Gentamicin__Yorkshire and Humber,lstm
2025-09-01,10.29407551858432,True,E-coli__Gentamicin__Yorkshire and Humber,lstm
2025-10-01,10.32234867121445,True,E-coli__Gentamicin__Yorkshire and Humber,lstm
2025-11-01,10.192314589819256,True,E-coli__Gentamicin__Yorkshire and Humber,lstm
2025-12-01,9.970454486718538,True,E-coli__Gentamicin__Yorkshire and Humber,lstm
2020-10-01,4.85,False,E-coli__Piperacillin with tazobactam__East Midlands,lstm
2020-11-01,5.85,False,E-coli__Piperacillin with tazobactam__East Midlands,lstm
2020-12-01,6.02,False,E-coli__Piperacillin with tazobactam__East Midlands,lstm
2021-01-01,7.37,False,E-coli__Piperacillin with tazobactam__East Midlands,lstm
2021-02-01,7.74,False,E-coli__Piperacillin with tazobactam__East Midlands,lstm
2021-03-01,7.94,False,E-coli__Piperacillin with tazobactam__East Midlands,lstm
2021-04-01,9.6,False,E-coli__Piperacillin with tazobactam__East Midlands,lstm
2021-05-01,10.14,False,E-coli__Piperacillin with tazobactam__East Midlands,lstm
2021-06-01,10.34,False,E-coli__Piperacillin with tazobactam__East Midlands,lstm
2021-07-01,8.04,False,E-coli__Piperacillin with tazobactam__East Midlands,lstm
2021-08-01,7.75,False,E-coli__Piperacillin with tazobactam__East Midlands,lstm
2021-09-01,8.6,False,E-coli__Piperacillin with tazobactam__East Midlands,lstm
2021-10-01,10.179999999999998,False,E-coli__Piperacillin with tazobactam__East Midlands,lstm
2021-11-01,10.7,False,E-coli__Piperacillin with tazobactam__East Midlands,lstm
2021-12-01,9.16,False,E-coli__Piperacillin with tazobactam__East Midlands,lstm
2022-01-01,8.92,False,E-coli__Piperacillin with tazobactam__East Midlands,lstm
2022-02-01,8.89,False,E-coli__Piperacillin with tazobactam__East Midlands,lstm
2022-03-01,9.16,False,E-coli__Piperacillin with tazobactam__East Midlands,lstm
2022-04-01,8.98,False,E-coli__Piperacillin with tazobactam__East Midlands,lstm
2022-05-01,9.089999999999998,False,E-coli__Piperacillin with tazobactam__East Midlands,lstm
2022-06-01,10.41,False,E-coli__Piperacillin with tazobactam__East Midlands,lstm
2022-07-01,11.62,False,E-coli__Piperacillin with tazobactam__East Midlands,lstm
2022-08-01,11.39,False,E-coli__Piperacillin with tazobactam__East Midlands,lstm
2022-09-01,11.48,False,E-coli__Piperacillin with tazobactam__East Midlands,lstm
2022-10-01,11.03,False,E-coli__Piperacillin with tazobactam__East Midlands,lstm
2022-11-01,11.08,False,E-coli__Piperacillin with tazobactam__East Midlands,lstm
2022-12-01,10.03,False,E-coli__Piperacillin with tazobactam__East Midlands,lstm
2023-01-01,8.8,False,E-coli__Piperacillin with tazobactam__East Midlands,lstm
2023-02-01,10.13,False,E-coli__Piperacillin with tazobactam__East Midlands,lstm
2023-03-01,11.279999999999998,False,E-coli__Piperacillin with tazobactam__East Midlands,lstm
2023-04-01,13.6,False,E-coli__Piperacillin with tazobactam__East Midlands,lstm
2023-05-01,11.6,False,E-coli__Piperacillin with tazobactam__East Midlands,lstm
2023-06-01,11.05,False,E-coli__Piperacillin with tazobactam__East Midlands,lstm
2023-07-01,10.749999999999998,False,E-coli__Piperacillin with tazobactam__East Midlands,lstm
2023-08-01,12.29,False,E-coli__Piperacillin with tazobactam__East Midlands,lstm
2023-09-01,12.33,False,E-coli__Piperacillin with tazobactam__East Midlands,lstm
2023-10-01,12.17,False,E-coli__Piperacillin with tazobactam__East Midlands,lstm
2023-11-01,12.09,False,E-coli__Piperacillin with tazobactam__East Midlands,lstm
2023-12-01,12.01,False,E-coli__Piperacillin with tazobactam__East Midlands,lstm
2024-01-01,11.69,False,E-coli__Piperacillin with tazobactam__East Midlands,lstm
2024-02-01,12.48,False,E-coli__Piperacillin with tazobactam__East Midlands,lstm
2024-03-01,12.67,False,E-coli__Piperacillin with tazobactam__East Midlands,lstm
2024-04-01,12.980000000000002,False,E-coli__Piperacillin with tazobactam__East Midlands,lstm
2024-05-01,11.63,False,E-coli__Piperacillin with tazobactam__East Midlands,lstm
2024-06-01,11.97,False,E-coli__Piperacillin with tazobactam__East Midlands,lstm
2024-07-01,11.98,False,E-coli__Piperacillin with tazobactam__East Midlands,lstm
2024-08-01,11.0,False,E-coli__Piperacillin with tazobactam__East Midlands,lstm
2024-09-01,9.86,False,E-coli__Piperacillin with tazobactam__East Midlands,lstm
2024-10-01,9.32,False,E-coli__Piperacillin with tazobactam__East Midlands,lstm
2024-11-01,11.21,False,E-coli__Piperacillin with tazobactam__East Midlands,lstm
2024-12-01,12.73,False,E-coli__Piperacillin with tazobactam__East Midlands,lstm
2025-01-01,13.53,False,E-coli__Piperacillin with tazobactam__East Midlands,lstm
2025-02-01,12.7,False,E-coli__Piperacillin with tazobactam__East Midlands,lstm
2025-03-01,12.89,False,E-coli__Piperacillin with tazobactam__East Midlands,lstm
2025-04-01,12.55,False,E-coli__Piperacillin with tazobactam__East Midlands,lstm
2025-05-01,11.65,False,E-coli__Piperacillin with tazobactam__East Midlands,lstm
2025-06-01,11.98,False,E-coli__Piperacillin with tazobactam__East Midlands,lstm
2025-07-01,11.753603202929268,True,E-coli__Piperacillin with tazobactam__East Midlands,lstm
2025-08-01,12.090849202831224,True,E-coli__Piperacillin with tazobactam__East Midlands,lstm
2025-09-01,12.264505869066602,True,E-coli__Piperacillin with tazobactam__East Midlands,lstm
2025-10-01,12.274517756579597,True,E-coli__Piperacillin with tazobactam__East Midlands,lstm
2025-11-01,12.121859906188396,True,E-coli__Piperacillin with tazobactam__East Midlands,lstm
2025-12-01,11.920734662211016,True,E-coli__Piperacillin with tazobactam__East Midlands,lstm
2020-10-01,11.72,False,E-coli__Piperacillin with tazobactam__East of England,lstm
2020-11-01,9.62,False,E-coli__Piperacillin with tazobactam__East of England,lstm
2020-12-01,10.92,False,E-coli__Piperacillin with tazobactam__East of England,lstm
2021-01-01,13.11,False,E-coli__Piperacillin with tazobactam__East of England,lstm
2021-02-01,14.15,False,E-coli__Piperacillin with tazobactam__East of England,lstm
2021-03-01,13.7,False,E-coli__Piperacillin with tazobactam__East of England,lstm
2021-04-01,13.91,False,E-coli__Piperacillin with tazobactam__East of England,lstm
2021-05-01,12.53,False,E-coli__Piperacillin with tazobactam__East of England,lstm
2021-06-01,12.37,False,E-coli__Piperacillin with tazobactam__East of England,lstm
2021-07-01,11.46,False,E-coli__Piperacillin with tazobactam__East of England,lstm
2021-08-01,12.73,False,E-coli__Piperacillin with tazobactam__East of England,lstm
2021-09-01,13.17,False,E-coli__Piperacillin with tazobactam__East of England,lstm
2021-10-01,14.07,False,E-coli__Piperacillin with tazobactam__East of England,lstm
2021-11-01,14.359999999999998,False,E-coli__Piperacillin with tazobactam__East of England,lstm
2021-12-01,12.759999999999998,False,E-coli__Piperacillin with tazobactam__East of England,lstm
2022-01-01,10.61,False,E-coli__Piperacillin with tazobactam__East of England,lstm
2022-02-01,9.46,False,E-coli__Piperacillin with tazobactam__East of England,lstm
2022-03-01,9.89,False,E-coli__Piperacillin with tazobactam__East of England,lstm
2022-04-01,11.23,False,E-coli__Piperacillin with tazobactam__East of England,lstm
2022-05-01,12.24,False,E-coli__Piperacillin with tazobactam__East of England,lstm
2022-06-01,13.190000000000001,False,E-coli__Piperacillin with tazobactam__East of England,lstm
2022-07-01,13.4,False,E-coli__Piperacillin with tazobactam__East of England,lstm
2022-08-01,13.66,False,E-coli__Piperacillin with tazobactam__East of England,lstm
2022-09-01,14.65,False,E-coli__Piperacillin with tazobactam__East of England,lstm
2022-10-01,12.06,False,E-coli__Piperacillin with tazobactam__East of England,lstm
2022-11-01,10.77,False,E-coli__Piperacillin with tazobactam__East of England,lstm
2022-12-01,10.15,False,E-coli__Piperacillin with tazobactam__East of England,lstm
2023-01-01,13.91,False,E-coli__Piperacillin with tazobactam__East of England,lstm
2023-02-01,13.95,False,E-coli__Piperacillin with tazobactam__East of England,lstm
2023-03-01,14.38,False,E-coli__Piperacillin with tazobactam__East of England,lstm
2023-04-01,13.8,False,E-coli__Piperacillin with tazobactam__East of England,lstm
2023-05-01,13.95,False,E-coli__Piperacillin with tazobactam__East of England,lstm
2023-06-01,14.18,False,E-coli__Piperacillin with tazobactam__East of England,lstm
2023-07-01,14.56,False,E-coli__Piperacillin with tazobactam__East of England,lstm
2023-08-01,14.7,False,E-coli__Piperacillin with tazobactam__East of England,lstm
2023-09-01,14.68,False,E-coli__Piperacillin with tazobactam__East of England,lstm
2023-10-01,13.75,False,E-coli__Piperacillin with tazobactam__East of England,lstm
2023-11-01,13.299999999999999,False,E-coli__Piperacillin with tazobactam__East of England,lstm
2023-12-01,12.42,False,E-coli__Piperacillin with tazobactam__East of England,lstm
2024-01-01,13.509999999999998,False,E-coli__Piperacillin with tazobactam__East of England,lstm
2024-02-01,14.3,False,E-coli__Piperacillin with tazobactam__East of England,lstm
2024-03-01,13.82,False,E-coli__Piperacillin with tazobactam__East of England,lstm
2024-04-01,13.5,False,E-coli__Piperacillin with tazobactam__East of England,lstm
2024-05-01,12.709999999999999,False,E-coli__Piperacillin with tazobactam__East of England,lstm
2024-06-01,11.47,False,E-coli__Piperacillin with tazobactam__East of England,lstm
2024-07-01,11.220000000000002,False,E-coli__Piperacillin with tazobactam__East of England,lstm
2024-08-01,11.62,False,E-coli__Piperacillin with tazobactam__East of England,lstm
2024-09-01,12.78,False,E-coli__Piperacillin with tazobactam__East of England,lstm
2024-10-01,12.600000000000001,False,E-coli__Piperacillin with tazobactam__East of England,lstm
2024-11-01,13.11,False,E-coli__Piperacillin with tazobactam__East of England,lstm
2024-12-01,12.75,False,E-coli__Piperacillin with tazobactam__East of England,lstm
2025-01-01,12.600000000000001,False,E-coli__Piperacillin with tazobactam__East of England,lstm
2025-02-01,12.73,False,E-coli__Piperacillin with tazobactam__East of England,lstm
2025-03-01,13.459999999999999,False,E-coli__Piperacillin with tazobactam__East of England,lstm
2025-04-01,13.69,False,E-coli__Piperacillin with tazobactam__East of England,lstm
2025-05-01,13.74,False,E-coli__Piperacillin with tazobactam__East of England,lstm
2025-06-01,14.24,False,E-coli__Piperacillin with tazobactam__East of England,lstm
2025-07-01,13.260864523152271,True,E-coli__Piperacillin with tazobactam__East of England,lstm
2025-08-01,13.327157960962547,True,E-coli__Piperacillin with tazobactam__East of England,lstm
2025-09-01,13.31429071986514,True,E-coli__Piperacillin with tazobactam__East of England,lstm
2025-10-01,13.22702980697991,True,E-coli__Piperacillin with tazobactam__East of England,lstm
2025-11-01,13.087094462918886,True,E-coli__Piperacillin with tazobactam__East of England,lstm
2025-12-01,12.955585555860933,True,E-coli__Piperacillin with tazobactam__East of England,lstm
2020-10-01,12.16,False,E-coli__Piperacillin with tazobactam__London,lstm
2020-11-01,12.48,False,E-coli__Piperacillin with tazobactam__London,lstm
2020-12-01,12.69,False,E-coli__Piperacillin with tazobactam__London,lstm
2021-01-01,13.83,False,E-coli__Piperacillin with tazobactam__London,lstm
2021-02-01,15.17,False,E-coli__Piperacillin with tazobactam__London,lstm
2021-03-01,11.7,False,E-coli__Piperacillin with tazobactam__London,lstm
2021-04-01,10.95,False,E-coli__Piperacillin with tazobactam__London,lstm
2021-05-01,9.81,False,E-coli__Piperacillin with tazobactam__London,lstm
2021-06-01,9.85,False,E-coli__Piperacillin with tazobactam__London,lstm
2021-07-01,11.69,False,E-coli__Piperacillin with tazobactam__London,lstm
2021-08-01,12.23,False,E-coli__Piperacillin with tazobactam__London,lstm
2021-09-01,13.84,False,E-coli__Piperacillin with tazobactam__London,lstm
2021-10-01,12.78,False,E-coli__Piperacillin with tazobactam__London,lstm
2021-11-01,13.53,False,E-coli__Piperacillin with tazobactam__London,lstm
2021-12-01,13.44,False,E-coli__Piperacillin with tazobactam__London,lstm
2022-01-01,13.18,False,E-coli__Piperacillin with tazobactam__London,lstm
2022-02-01,12.49,False,E-coli__Piperacillin with tazobactam__London,lstm
2022-03-01,12.79,False,E-coli__Piperacillin with tazobactam__London,lstm
2022-04-01,13.31,False,E-coli__Piperacillin with tazobactam__London,lstm
2022-05-01,12.55,False,E-coli__Piperacillin with tazobactam__London,lstm
2022-06-01,11.18,False,E-coli__Piperacillin with tazobactam__London,lstm
2022-07-01,10.3,False,E-coli__Piperacillin with tazobactam__London,lstm
2022-08-01,10.91,False,E-coli__Piperacillin with tazobactam__London,lstm
2022-09-01,11.79,False,E-coli__Piperacillin with tazobactam__London,lstm
2022-10-01,11.72,False,E-coli__Piperacillin with tazobactam__London,lstm
2022-11-01,11.73,False,E-coli__Piperacillin with tazobactam__London,lstm
2022-12-01,12.16,False,E-coli__Piperacillin with tazobactam__London,lstm
2023-01-01,12.99,False,E-coli__Piperacillin with tazobactam__London,lstm
2023-02-01,15.31,False,E-coli__Piperacillin with tazobactam__London,lstm
2023-03-01,15.36,False,E-coli__Piperacillin with tazobactam__London,lstm
2023-04-01,16.5,False,E-coli__Piperacillin with tazobactam__London,lstm
2023-05-01,15.97,False,E-coli__Piperacillin with tazobactam__London,lstm
2023-06-01,17.05,False,E-coli__Piperacillin with tazobactam__London,lstm
2023-07-01,15.28,False,E-coli__Piperacillin with tazobactam__London,lstm
2023-08-01,14.92,False,E-coli__Piperacillin with tazobactam__London,lstm
2023-09-01,15.02,False,E-coli__Piperacillin with tazobactam__London,lstm
2023-10-01,17.29,False,E-coli__Piperacillin with tazobactam__London,lstm
2023-11-01,18.39,False,E-coli__Piperacillin with tazobactam__London,lstm
2023-12-01,16.14,False,E-coli__Piperacillin with tazobactam__London,lstm
2024-01-01,15.41,False,E-coli__Piperacillin with tazobactam__London,lstm
2024-02-01,13.31,False,E-coli__Piperacillin with tazobactam__London,lstm
2024-03-01,13.31,False,E-coli__Piperacillin with tazobactam__London,lstm
2024-04-01,13.73,False,E-coli__Piperacillin with tazobactam__London,lstm
2024-05-01,15.43,False,E-coli__Piperacillin with tazobactam__London,lstm
2024-06-01,16.95,False,E-coli__Piperacillin with tazobactam__London,lstm
2024-07-01,16.59,False,E-coli__Piperacillin with tazobactam__London,lstm
2024-08-01,15.870000000000001,False,E-coli__Piperacillin with tazobactam__London,lstm
2024-09-01,14.45,False,E-coli__Piperacillin with tazobactam__London,lstm
2024-10-01,14.780000000000001,False,E-coli__Piperacillin with tazobactam__London,lstm
2024-11-01,14.63,False,E-coli__Piperacillin with tazobactam__London,lstm
2024-12-01,15.9,False,E-coli__Piperacillin with tazobactam__London,lstm
2025-01-01,16.36,False,E-coli__Piperacillin with tazobactam__London,lstm
2025-02-01,16.86,False,E-coli__Piperacillin with tazobactam__London,lstm
2025-03-01,16.55,False,E-coli__Piperacillin with tazobactam__London,lstm
2025-04-01,15.4,False,E-coli__Piperacillin with tazobactam__London,lstm
2025-05-01,13.98,False,E-coli__Piperacillin with tazobactam__London,lstm
2025-06-01,13.86,False,E-coli__Piperacillin with tazobactam__London,lstm
2025-07-01,15.150161862064383,True,E-coli__Piperacillin with tazobactam__London,lstm
2025-08-01,15.36654625326431,True,E-coli__Piperacillin with tazobactam__London,lstm
2025-09-01,15.464544378602348,True,E-coli__Piperacillin with tazobactam__London,lstm
2025-10-01,15.414017284121906,True,E-coli__Piperacillin with tazobactam__London,lstm
2025-11-01,15.231074560241938,True,E-coli__Piperacillin with tazobactam__London,lstm
2025-12-01,15.022187260764078,True,E-coli__Piperacillin with tazobactam__London,lstm
2020-10-01,7.43,False,E-coli__Piperacillin with tazobactam__North East,lstm
2020-11-01,8.33,False,E-coli__Piperacillin with tazobactam__North East,lstm
2020-12-01,9.12,False,E-coli__Piperacillin with tazobactam__North East,lstm
2021-01-01,7.45,False,E-coli__Piperacillin with tazobactam__North East,lstm
2021-02-01,7.67,False,E-coli__Piperacillin with tazobactam__North East,lstm
2021-03-01,8.12,False,E-coli__Piperacillin with tazobactam__North East,lstm
2021-04-01,8.95,False,E-coli__Piperacillin with tazobactam__North East,lstm
2021-05-01,9.04,False,E-coli__Piperacillin with tazobactam__North East,lstm
2021-06-01,7.969999999999999,False,E-coli__Piperacillin with tazobactam__North East,lstm
2021-07-01,7.74,False,E-coli__Piperacillin with tazobactam__North East,lstm
2021-08-01,7.32,False,E-coli__Piperacillin with tazobactam__North East,lstm
2021-09-01,6.07,False,E-coli__Piperacillin with tazobactam__North East,lstm
2021-10-01,6.16,False,E-coli__Piperacillin with tazobactam__North East,lstm
2021-11-01,5.76,False,E-coli__Piperacillin with tazobactam__North East,lstm
2021-12-01,8.96,False,E-coli__Piperacillin with tazobactam__North East,lstm
2022-01-01,8.64,False,E-coli__Piperacillin with tazobactam__North East,lstm
2022-02-01,8.89,False,E-coli__Piperacillin with tazobactam__North East,lstm
2022-03-01,8.97,False,E-coli__Piperacillin with tazobactam__North East,lstm
2022-04-01,9.95,False,E-coli__Piperacillin with tazobactam__North East,lstm
2022-05-01,10.79,False,E-coli__Piperacillin with tazobactam__North East,lstm
2022-06-01,10.55,False,E-coli__Piperacillin with tazobactam__North East,lstm
2022-07-01,12.15,False,E-coli__Piperacillin with tazobactam__North East,lstm
2022-08-01,10.46,False,E-coli__Piperacillin with tazobactam__North East,lstm
2022-09-01,9.47,False,E-coli__Piperacillin with tazobactam__North East,lstm
2022-10-01,7.23,False,E-coli__Piperacillin with tazobactam__North East,lstm
2022-11-01,9.09,False,E-coli__Piperacillin with tazobactam__North East,lstm
2022-12-01,9.07,False,E-coli__Piperacillin with tazobactam__North East,lstm
2023-01-01,9.19,False,E-coli__Piperacillin with tazobactam__North East,lstm
2023-02-01,8.94,False,E-coli__Piperacillin with tazobactam__North East,lstm
2023-03-01,8.71,False,E-coli__Piperacillin with tazobactam__North East,lstm
2023-04-01,9.62,False,E-coli__Piperacillin with tazobactam__North East,lstm
2023-05-01,8.47,False,E-coli__Piperacillin with tazobactam__North East,lstm
2023-06-01,8.26,False,E-coli__Piperacillin with tazobactam__North East,lstm
2023-07-01,8.03,False,E-coli__Piperacillin with tazobactam__North East,lstm
2023-08-01,7.59,False,E-coli__Piperacillin with tazobactam__North East,lstm
2023-09-01,7.86,False,E-coli__Piperacillin with tazobactam__North East,lstm
2023-10-01,8.08,False,E-coli__Piperacillin with tazobactam__North East,lstm
2023-11-01,10.08,False,E-coli__Piperacillin with tazobactam__North East,lstm
2023-12-01,12.26,False,E-coli__Piperacillin with tazobactam__North East,lstm
2024-01-01,11.97,False,E-coli__Piperacillin with tazobactam__North East,lstm
2024-02-01,10.8,False,E-coli__Piperacillin with tazobactam__North East,lstm
2024-03-01,9.8,False,E-coli__Piperacillin with tazobactam__North East,lstm
2024-04-01,9.32,False,E-coli__Piperacillin with tazobactam__North East,lstm
2024-05-01,9.04,False,E-coli__Piperacillin with tazobactam__North East,lstm
2024-06-01,9.25,False,E-coli__Piperacillin with tazobactam__North East,lstm
2024-07-01,9.27,False,E-coli__Piperacillin with tazobactam__North East,lstm
2024-08-01,9.48,False,E-coli__Piperacillin with tazobactam__North East,lstm
2024-09-01,9.47,False,E-coli__Piperacillin with tazobactam__North East,lstm
2024-10-01,10.86,False,E-coli__Piperacillin with tazobactam__North East,lstm
2024-11-01,12.19,False,E-coli__Piperacillin with tazobactam__North East,lstm
2024-12-01,12.28,False,E-coli__Piperacillin with tazobactam__North East,lstm
2025-01-01,11.43,False,E-coli__Piperacillin with tazobactam__North East,lstm
2025-02-01,13.14,False,E-coli__Piperacillin with tazobactam__North East,lstm
2025-03-01,12.88,False,E-coli__Piperacillin with tazobactam__North East,lstm
2025-04-01,13.58,False,E-coli__Piperacillin with tazobactam__North East,lstm
2025-05-01,11.5,False,E-coli__Piperacillin with tazobactam__North East,lstm
2025-06-01,10.99,False,E-coli__Piperacillin with tazobactam__North East,lstm
2025-07-01,9.759231008953403,True,E-coli__Piperacillin with tazobactam__North East,lstm
2025-08-01,9.963621158188072,True,E-coli__Piperacillin with tazobactam__North East,lstm
2025-09-01,10.140661906204953,True,E-coli__Piperacillin with tazobactam__North East,lstm
2025-10-01,10.304373973485642,True,E-coli__Piperacillin with tazobactam__North East,lstm
2025-11-01,10.378198243798135,True,E-coli__Piperacillin with tazobactam__North East,lstm
2025-12-01,10.389625026013498,True,E-coli__Piperacillin with tazobactam__North East,lstm
2020-10-01,10.620000000000001,False,E-coli__Piperacillin with tazobactam__North West,lstm
2020-11-01,10.54,False,E-coli__Piperacillin with tazobactam__North West,lstm
2020-12-01,11.5,False,E-coli__Piperacillin with tazobactam__North West,lstm
2021-01-01,10.909999999999998,False,E-coli__Piperacillin with tazobactam__North West,lstm
2021-02-01,11.86,False,E-coli__Piperacillin with tazobactam__North West,lstm
2021-03-01,10.4,False,E-coli__Piperacillin with tazobactam__North West,lstm
2021-04-01,9.66,False,E-coli__Piperacillin with tazobactam__North West,lstm
2021-05-01,9.38,False,E-coli__Piperacillin with tazobactam__North West,lstm
2021-06-01,10.38,False,E-coli__Piperacillin with tazobactam__North West,lstm
2021-07-01,10.220000000000002,False,E-coli__Piperacillin with tazobactam__North West,lstm
2021-08-01,10.129999999999999,False,E-coli__Piperacillin with tazobactam__North West,lstm
2021-09-01,9.93,False,E-coli__Piperacillin with tazobactam__North West,lstm
2021-10-01,10.09,False,E-coli__Piperacillin with tazobactam__North West,lstm
2021-11-01,10.56,False,E-coli__Piperacillin with tazobactam__North West,lstm
2021-12-01,9.79,False,E-coli__Piperacillin with tazobactam__North West,lstm
2022-01-01,9.24,False,E-coli__Piperacillin with tazobactam__North West,lstm
2022-02-01,8.69,False,E-coli__Piperacillin with tazobactam__North West,lstm
2022-03-01,9.749999999999998,False,E-coli__Piperacillin with tazobactam__North West,lstm
2022-04-01,11.18,False,E-coli__Piperacillin with tazobactam__North West,lstm
2022-05-01,10.95,False,E-coli__Piperacillin with tazobactam__North West,lstm
2022-06-01,10.28,False,E-coli__Piperacillin with tazobactam__North West,lstm
2022-07-01,10.18,False,E-coli__Piperacillin with tazobactam__North West,lstm
2022-08-01,10.49,False,E-coli__Piperacillin with tazobactam__North West,lstm
2022-09-01,11.489999999999998,False,E-coli__Piperacillin with tazobactam__North West,lstm
2022-10-01,12.06,False,E-coli__Piperacillin with tazobactam__North West,lstm
2022-11-01,12.06,False,E-coli__Piperacillin with tazobactam__North West,lstm
2022-12-01,11.52,False,E-coli__Piperacillin with tazobactam__North West,lstm
2023-01-01,10.57,False,E-coli__Piperacillin with tazobactam__North West,lstm
2023-02-01,10.51,False,E-coli__Piperacillin with tazobactam__North West,lstm
2023-03-01,9.81,False,E-coli__Piperacillin with tazobactam__North West,lstm
2023-04-01,10.620000000000001,False,E-coli__Piperacillin with tazobactam__North West,lstm
2023-05-01,11.44,False,E-coli__Piperacillin with tazobactam__North West,lstm
2023-06-01,12.62,False,E-coli__Piperacillin with tazobactam__North West,lstm
2023-07-01,11.72,False,E-coli__Piperacillin with tazobactam__North West,lstm
2023-08-01,11.93,False,E-coli__Piperacillin with tazobactam__North West,lstm
2023-09-01,12.14,False,E-coli__Piperacillin with tazobactam__North West,lstm
2023-10-01,12.459999999999999,False,E-coli__Piperacillin with tazobactam__North West,lstm
2023-11-01,12.25,False,E-coli__Piperacillin with tazobactam__North West,lstm
2023-12-01,12.51,False,E-coli__Piperacillin with tazobactam__North West,lstm
2024-01-01,12.6,False,E-coli__Piperacillin with tazobactam__North West,lstm
2024-02-01,13.03,False,E-coli__Piperacillin with tazobactam__North West,lstm
2024-03-01,12.03,False,E-coli__Piperacillin with tazobactam__North West,lstm
2024-04-01,12.84,False,E-coli__Piperacillin with tazobactam__North West,lstm
2024-05-01,12.44,False,E-coli__Piperacillin with tazobactam__North West,lstm
2024-06-01,12.74,False,E-coli__Piperacillin with tazobactam__North West,lstm
2024-07-01,11.12,False,E-coli__Piperacillin with tazobactam__North West,lstm
2024-08-01,11.7,False,E-coli__Piperacillin with tazobactam__North West,lstm
2024-09-01,11.03,False,E-coli__Piperacillin with tazobactam__North West,lstm
2024-10-01,11.46,False,E-coli__Piperacillin with tazobactam__North West,lstm
2024-11-01,10.4,False,E-coli__Piperacillin with tazobactam__North West,lstm
2024-12-01,12.68,False,E-coli__Piperacillin with tazobactam__North West,lstm
2025-01-01,13.45,False,E-coli__Piperacillin with tazobactam__North West,lstm
2025-02-01,13.36,False,E-coli__Piperacillin with tazobactam__North West,lstm
2025-03-01,11.19,False,E-coli__Piperacillin with tazobactam__North West,lstm
2025-04-01,11.14,False,E-coli__Piperacillin with tazobactam__North West,lstm
2025-05-01,11.000000000000002,False,E-coli__Piperacillin with tazobactam__North West,lstm
2025-06-01,9.76,False,E-coli__Piperacillin with tazobactam__North West,lstm
2025-07-01,11.803514784406882,True,E-coli__Piperacillin with tazobactam__North West,lstm
2025-08-01,11.990060012449574,True,E-coli__Piperacillin with tazobactam__North West,lstm
2025-09-01,11.990611017030346,True,E-coli__Piperacillin with tazobactam__North West,lstm
2025-10-01,11.907176759487909,True,E-coli__Piperacillin with tazobactam__North West,lstm
2025-11-01,11.759028994181437,True,E-coli__Piperacillin with tazobactam__North West,lstm
2025-12-01,11.524286593176663,True,E-coli__Piperacillin with tazobactam__North West,lstm
2020-10-01,8.88,False,E-coli__Piperacillin with tazobactam__South East,lstm
2020-11-01,8.78,False,E-coli__Piperacillin with tazobactam__South East,lstm
2020-12-01,8.39,False,E-coli__Piperacillin with tazobactam__South East,lstm
2021-01-01,8.58,False,E-coli__Piperacillin with tazobactam__South East,lstm
2021-02-01,8.65,False,E-coli__Piperacillin with tazobactam__South East,lstm
2021-03-01,8.52,False,E-coli__Piperacillin with tazobactam__South East,lstm
2021-04-01,8.26,False,E-coli__Piperacillin with tazobactam__South East,lstm
2021-05-01,7.42,False,E-coli__Piperacillin with tazobactam__South East,lstm
2021-06-01,6.65,False,E-coli__Piperacillin with tazobactam__South East,lstm
2021-07-01,6.61,False,E-coli__Piperacillin with tazobactam__South East,lstm
2021-08-01,7.29,False,E-coli__Piperacillin with tazobactam__South East,lstm
2021-09-01,8.35,False,E-coli__Piperacillin with tazobactam__South East,lstm
2021-10-01,9.25,False,E-coli__Piperacillin with tazobactam__South East,lstm
2021-11-01,11.14,False,E-coli__Piperacillin with tazobactam__South East,lstm
2021-12-01,11.82,False,E-coli__Piperacillin with tazobactam__South East,lstm
2022-01-01,11.31,False,E-coli__Piperacillin with tazobactam__South East,lstm
2022-02-01,10.53,False,E-coli__Piperacillin with tazobactam__South East,lstm
2022-03-01,10.05,False,E-coli__Piperacillin with tazobactam__South East,lstm
2022-04-01,11.22,False,E-coli__Piperacillin with tazobactam__South East,lstm
2022-05-01,10.52,False,E-coli__Piperacillin with tazobactam__South East,lstm
2022-06-01,9.79,False,E-coli__Piperacillin with tazobactam__South East,lstm
2022-07-01,8.57,False,E-coli__Piperacillin with tazobactam__South East,lstm
2022-08-01,8.45,False,E-coli__Piperacillin with tazobactam__South East,lstm
2022-09-01,8.63,False,E-coli__Piperacillin with tazobactam__South East,lstm
2022-10-01,8.6,False,E-coli__Piperacillin with tazobactam__South East,lstm
2022-11-01,9.17,False,E-coli__Piperacillin with tazobactam__South East,lstm
2022-12-01,9.6,False,E-coli__Piperacillin with tazobactam__South East,lstm
2023-01-01,9.62,False,E-coli__Piperacillin with tazobactam__South East,lstm
2023-02-01,10.34,False,E-coli__Piperacillin with tazobactam__South East,lstm
2023-03-01,11.78,False,E-coli__Piperacillin with tazobactam__South East,lstm
2023-04-01,11.28,False,E-coli__Piperacillin with tazobactam__South East,lstm
2023-05-01,10.09,False,E-coli__Piperacillin with tazobactam__South East,lstm
2023-06-01,8.94,False,E-coli__Piperacillin with tazobactam__South East,lstm
2023-07-01,9.59,False,E-coli__Piperacillin with tazobactam__South East,lstm
2023-08-01,9.82,False,E-coli__Piperacillin with tazobactam__South East,lstm
2023-09-01,9.05,False,E-coli__Piperacillin with tazobactam__South East,lstm
2023-10-01,9.07,False,E-coli__Piperacillin with tazobactam__South East,lstm
2023-11-01,9.27,False,E-coli__Piperacillin with tazobactam__South East,lstm
2023-12-01,10.28,False,E-coli__Piperacillin with tazobactam__South East,lstm
2024-01-01,9.85,False,E-coli__Piperacillin with tazobactam__South East,lstm
2024-02-01,10.17,False,E-coli__Piperacillin with tazobactam__South East,lstm
2024-03-01,10.49,False,E-coli__Piperacillin with tazobactam__South East,lstm
2024-04-01,11.81,False,E-coli__Piperacillin with tazobactam__South East,lstm
2024-05-01,13.0,False,E-coli__Piperacillin with tazobactam__South East,lstm
2024-06-01,12.6,False,E-coli__Piperacillin with tazobactam__South East,lstm
2024-07-01,12.58,False,E-coli__Piperacillin with tazobactam__South East,lstm
2024-08-01,11.44,False,E-coli__Piperacillin with tazobactam__South East,lstm
2024-09-01,10.87,False,E-coli__Piperacillin with tazobactam__South East,lstm
2024-10-01,9.75,False,E-coli__Piperacillin with tazobactam__South East,lstm
2024-11-01,8.2,False,E-coli__Piperacillin with tazobactam__South East,lstm
2024-12-01,9.85,False,E-coli__Piperacillin with tazobactam__South East,lstm
2025-01-01,10.52,False,E-coli__Piperacillin with tazobactam__South East,lstm
2025-02-01,12.61,False,E-coli__Piperacillin with tazobactam__South East,lstm
2025-03-01,11.48,False,E-coli__Piperacillin with tazobactam__South East,lstm
2025-04-01,10.52,False,E-coli__Piperacillin with tazobactam__South East,lstm
2025-05-01,10.22,False,E-coli__Piperacillin with tazobactam__South East,lstm
2025-06-01,9.76,False,E-coli__Piperacillin with tazobactam__South East,lstm
2025-07-01,10.259034470045208,True,E-coli__Piperacillin with tazobactam__South East,lstm
2025-08-01,10.320152369669755,True,E-coli__Piperacillin with tazobactam__South East,lstm
2025-09-01,10.32016304526078,True,E-coli__Piperacillin with tazobactam__South East,lstm
2025-10-01,10.298874525062612,True,E-coli__Piperacillin with tazobactam__South East,lstm
2025-11-01,10.296750992202165,True,E-coli__Piperacillin with tazobactam__South East,lstm
2025-12-01,10.327826803102598,True,E-coli__Piperacillin with tazobactam__South East,lstm
2020-10-01,8.32,False,E-coli__Piperacillin with tazobactam__South West,lstm
2020-11-01,8.72,False,E-coli__Piperacillin with tazobactam__South West,lstm
2020-12-01,9.07,False,E-coli__Piperacillin with tazobactam__South West,lstm
2021-01-01,9.52,False,E-coli__Piperacillin with tazobactam__South West,lstm
2021-02-01,8.09,False,E-coli__Piperacillin with tazobactam__South West,lstm
2021-03-01,7.68,False,E-coli__Piperacillin with tazobactam__South West,lstm
2021-04-01,6.24,False,E-coli__Piperacillin with tazobactam__South West,lstm
2021-05-01,7.76,False,E-coli__Piperacillin with tazobactam__South West,lstm
2021-06-01,8.31,False,E-coli__Piperacillin with tazobactam__South West,lstm
2021-07-01,9.34,False,E-coli__Piperacillin with tazobactam__South West,lstm
2021-08-01,10.06,False,E-coli__Piperacillin with tazobactam__South West,lstm
2021-09-01,9.98,False,E-coli__Piperacillin with tazobactam__South West,lstm
2021-10-01,10.68,False,E-coli__Piperacillin with tazobactam__South West,lstm
2021-11-01,9.02,False,E-coli__Piperacillin with tazobactam__South West,lstm
2021-12-01,8.3,False,E-coli__Piperacillin with tazobactam__South West,lstm
2022-01-01,6.9,False,E-coli__Piperacillin with tazobactam__South West,lstm
2022-02-01,7.27,False,E-coli__Piperacillin with tazobactam__South West,lstm
2022-03-01,8.57,False,E-coli__Piperacillin with tazobactam__South West,lstm
2022-04-01,9.49,False,E-coli__Piperacillin with tazobactam__South West,lstm
2022-05-01,9.45,False,E-coli__Piperacillin with tazobactam__South West,lstm
2022-06-01,9.02,False,E-coli__Piperacillin with tazobactam__South West,lstm
2022-07-01,9.0,False,E-coli__Piperacillin with tazobactam__South West,lstm
2022-08-01,9.75,False,E-coli__Piperacillin with tazobactam__South West,lstm
2022-09-01,10.17,False,E-coli__Piperacillin with tazobactam__South West,lstm
2022-10-01,9.63,False,E-coli__Piperacillin with tazobactam__South West,lstm
2022-11-01,8.14,False,E-coli__Piperacillin with tazobactam__South West,lstm
2022-12-01,6.74,False,E-coli__Piperacillin with tazobactam__South West,lstm
2023-01-01,6.9,False,E-coli__Piperacillin with tazobactam__South West,lstm
2023-02-01,7.859999999999999,False,E-coli__Piperacillin with tazobactam__South West,lstm
2023-03-01,8.96,False,E-coli__Piperacillin with tazobactam__South West,lstm
2023-04-01,10.67,False,E-coli__Piperacillin with tazobactam__South West,lstm
2023-05-01,10.99,False,E-coli__Piperacillin with tazobactam__South West,lstm
2023-06-01,11.86,False,E-coli__Piperacillin with tazobactam__South West,lstm
2023-07-01,10.22,False,E-coli__Piperacillin with tazobactam__South West,lstm
2023-08-01,10.11,False,E-coli__Piperacillin with tazobactam__South West,lstm
2023-09-01,9.7,False,E-coli__Piperacillin with tazobactam__South West,lstm
2023-10-01,10.19,False,E-coli__Piperacillin with tazobactam__South West,lstm
2023-11-01,10.14,False,E-coli__Piperacillin with tazobactam__South West,lstm
2023-12-01,10.35,False,E-coli__Piperacillin with tazobactam__South West,lstm
2024-01-01,9.98,False,E-coli__Piperacillin with tazobactam__South West,lstm
2024-02-01,10.55,False,E-coli__Piperacillin with tazobactam__South West,lstm
2024-03-01,8.89,False,E-coli__Piperacillin with tazobactam__South West,lstm
2024-04-01,9.52,False,E-coli__Piperacillin with tazobactam__South West,lstm
2024-05-01,9.85,False,E-coli__Piperacillin with tazobactam__South West,lstm
2024-06-01,11.53,False,E-coli__Piperacillin with tazobactam__South West,lstm
2024-07-01,11.69,False,E-coli__Piperacillin with tazobactam__South West,lstm
2024-08-01,11.45,False,E-coli__Piperacillin with tazobactam__South West,lstm
2024-09-01,10.16,False,E-coli__Piperacillin with tazobactam__South West,lstm
2024-10-01,10.41,False,E-coli__Piperacillin with tazobactam__South West,lstm
2024-11-01,10.37,False,E-coli__Piperacillin with tazobactam__South West,lstm
2024-12-01,11.68,False,E-coli__Piperacillin with tazobactam__South West,lstm
2025-01-01,11.300000000000002,False,E-coli__Piperacillin with tazobactam__South West,lstm
2025-02-01,11.37,False,E-coli__Piperacillin with tazobactam__South West,lstm
2025-03-01,11.21,False,E-coli__Piperacillin with tazobactam__South West,lstm
2025-04-01,10.22,False,E-coli__Piperacillin with tazobactam__South West,lstm
2025-05-01,10.37,False,E-coli__Piperacillin with tazobactam__South West,lstm
2025-06-01,10.11,False,E-coli__Piperacillin with tazobactam__South West,lstm
2025-07-01,10.947530083886953,True,E-coli__Piperacillin with tazobactam__South West,lstm
2025-08-01,11.084040999488053,True,E-coli__Piperacillin with tazobactam__South West,lstm
2025-09-01,11.035676791973057,True,E-coli__Piperacillin with tazobactam__South West,lstm
2025-10-01,10.79606547519865,True,E-coli__Piperacillin with tazobactam__South West,lstm
2025-11-01,10.465126453610972,True,E-coli__Piperacillin with tazobactam__South West,lstm
2025-12-01,10.130765563270955,True,E-coli__Piperacillin with tazobactam__South West,lstm
2020-10-01,11.33,False,E-coli__Piperacillin with tazobactam__West Midlands,lstm
2020-11-01,10.43,False,E-coli__Piperacillin with tazobactam__West Midlands,lstm
2020-12-01,10.48,False,E-coli__Piperacillin with tazobactam__West Midlands,lstm
2021-01-01,10.68,False,E-coli__Piperacillin with tazobactam__West Midlands,lstm
2021-02-01,10.88,False,E-coli__Piperacillin with tazobactam__West Midlands,lstm
2021-03-01,10.23,False,E-coli__Piperacillin with tazobactam__West Midlands,lstm
2021-04-01,10.52,False,E-coli__Piperacillin with tazobactam__West Midlands,lstm
2021-05-01,11.32,False,E-coli__Piperacillin with tazobactam__West Midlands,lstm
2021-06-01,12.53,False,E-coli__Piperacillin with tazobactam__West Midlands,lstm
2021-07-01,12.3,False,E-coli__Piperacillin with tazobactam__West Midlands,lstm
2021-08-01,11.75,False,E-coli__Piperacillin with tazobactam__West Midlands,lstm
2021-09-01,11.27,False,E-coli__Piperacillin with tazobactam__West Midlands,lstm
2021-10-01,11.98,False,E-coli__Piperacillin with tazobactam__West Midlands,lstm
2021-11-01,11.33,False,E-coli__Piperacillin with tazobactam__West Midlands,lstm
2021-12-01,12.43,False,E-coli__Piperacillin with tazobactam__West Midlands,lstm
2022-01-01,10.93,False,E-coli__Piperacillin with tazobactam__West Midlands,lstm
2022-02-01,12.11,False,E-coli__Piperacillin with tazobactam__West Midlands,lstm
2022-03-01,11.42,False,E-coli__Piperacillin with tazobactam__West Midlands,lstm
2022-04-01,11.12,False,E-coli__Piperacillin with tazobactam__West Midlands,lstm
2022-05-01,10.8,False,E-coli__Piperacillin with tazobactam__West Midlands,lstm
2022-06-01,10.89,False,E-coli__Piperacillin with tazobactam__West Midlands,lstm
2022-07-01,12.0,False,E-coli__Piperacillin with tazobactam__West Midlands,lstm
2022-08-01,11.89,False,E-coli__Piperacillin with tazobactam__West Midlands,lstm
2022-09-01,12.45,False,E-coli__Piperacillin with tazobactam__West Midlands,lstm
2022-10-01,14.100000000000001,False,E-coli__Piperacillin with tazobactam__West Midlands,lstm
2022-11-01,14.48,False,E-coli__Piperacillin with tazobactam__West Midlands,lstm
2022-12-01,13.99,False,E-coli__Piperacillin with tazobactam__West Midlands,lstm
2023-01-01,11.86,False,E-coli__Piperacillin with tazobactam__West Midlands,lstm
2023-02-01,12.08,False,E-coli__Piperacillin with tazobactam__West Midlands,lstm
2023-03-01,12.610000000000001,False,E-coli__Piperacillin with tazobactam__West Midlands,lstm
2023-04-01,14.8,False,E-coli__Piperacillin with tazobactam__West Midlands,lstm
2023-05-01,14.75,False,E-coli__Piperacillin with tazobactam__West Midlands,lstm
2023-06-01,15.629999999999999,False,E-coli__Piperacillin with tazobactam__West Midlands,lstm
2023-07-01,14.58,False,E-coli__Piperacillin with tazobactam__West Midlands,lstm
2023-08-01,14.439999999999998,False,E-coli__Piperacillin with tazobactam__West Midlands,lstm
2023-09-01,13.84,False,E-coli__Piperacillin with tazobactam__West Midlands,lstm
2023-10-01,14.2,False,E-coli__Piperacillin with tazobactam__West Midlands,lstm
2023-11-01,14.730000000000002,False,E-coli__Piperacillin with tazobactam__West Midlands,lstm
2023-12-01,15.96,False,E-coli__Piperacillin with tazobactam__West Midlands,lstm
2024-01-01,15.66,False,E-coli__Piperacillin with tazobactam__West Midlands,lstm
2024-02-01,16.51,False,E-coli__Piperacillin with tazobactam__West Midlands,lstm
2024-03-01,15.430000000000001,False,E-coli__Piperacillin with tazobactam__West Midlands,lstm
2024-04-01,15.04,False,E-coli__Piperacillin with tazobactam__West Midlands,lstm
2024-05-01,13.92,False,E-coli__Piperacillin with tazobactam__West Midlands,lstm
2024-06-01,13.06,False,E-coli__Piperacillin with tazobactam__West Midlands,lstm
2024-07-01,13.25,False,E-coli__Piperacillin with tazobactam__West Midlands,lstm
2024-08-01,11.97,False,E-coli__Piperacillin with tazobactam__West Midlands,lstm
2024-09-01,12.0,False,E-coli__Piperacillin with tazobactam__West Midlands,lstm
2024-10-01,11.74,False,E-coli__Piperacillin with tazobactam__West Midlands,lstm
2024-11-01,12.12,False,E-coli__Piperacillin with tazobactam__West Midlands,lstm
2024-12-01,13.58,False,E-coli__Piperacillin with tazobactam__West Midlands,lstm
2025-01-01,14.0,False,E-coli__Piperacillin with tazobactam__West Midlands,lstm
2025-02-01,15.52,False,E-coli__Piperacillin with tazobactam__West Midlands,lstm
2025-03-01,14.260000000000002,False,E-coli__Piperacillin with tazobactam__West Midlands,lstm
2025-04-01,15.560000000000002,False,E-coli__Piperacillin with tazobactam__West Midlands,lstm
2025-05-01,14.610000000000001,False,E-coli__Piperacillin with tazobactam__West Midlands,lstm
2025-06-01,15.26,False,E-coli__Piperacillin with tazobactam__West Midlands,lstm
2025-07-01,13.568175331332734,True,E-coli__Piperacillin with tazobactam__West Midlands,lstm
2025-08-01,13.742158459293204,True,E-coli__Piperacillin with tazobactam__West Midlands,lstm
2025-09-01,13.827564342312163,True,E-coli__Piperacillin with tazobactam__West Midlands,lstm
2025-10-01,13.922988707608985,True,E-coli__Piperacillin with tazobactam__West Midlands,lstm
2025-11-01,13.943188390643254,True,E-coli__Piperacillin with tazobactam__West Midlands,lstm
2025-12-01,13.956764623543291,True,E-coli__Piperacillin with tazobactam__West Midlands,lstm
2020-10-01,5.23,False,E-coli__Piperacillin with tazobactam__Yorkshire and Humber,lstm
2020-11-01,5.96,False,E-coli__Piperacillin with tazobactam__Yorkshire and Humber,lstm
2020-12-01,5.7,False,E-coli__Piperacillin with tazobactam__Yorkshire and Humber,lstm
2021-01-01,4.58,False,E-coli__Piperacillin with tazobactam__Yorkshire and Humber,lstm
2021-02-01,4.7,False,E-coli__Piperacillin with tazobactam__Yorkshire and Humber,lstm
2021-03-01,5.630000000000001,False,E-coli__Piperacillin with tazobactam__Yorkshire and Humber,lstm
2021-04-01,7.53,False,E-coli__Piperacillin with tazobactam__Yorkshire and Humber,lstm
2021-05-01,7.34,False,E-coli__Piperacillin with tazobactam__Yorkshire and Humber,lstm
2021-06-01,7.57,False,E-coli__Piperacillin with tazobactam__Yorkshire and Humber,lstm
2021-07-01,8.09,False,E-coli__Piperacillin with tazobactam__Yorkshire and Humber,lstm
2021-08-01,9.4,False,E-coli__Piperacillin with tazobactam__Yorkshire and Humber,lstm
2021-09-01,9.7,False,E-coli__Piperacillin with tazobactam__Yorkshire and Humber,lstm
2021-10-01,9.599999999999998,False,E-coli__Piperacillin with tazobactam__Yorkshire and Humber,lstm
2021-11-01,9.84,False,E-coli__Piperacillin with tazobactam__Yorkshire and Humber,lstm
2021-12-01,10.07,False,E-coli__Piperacillin with tazobactam__Yorkshire and Humber,lstm
2022-01-01,9.44,False,E-coli__Piperacillin with tazobactam__Yorkshire and Humber,lstm
2022-02-01,8.97,False,E-coli__Piperacillin with tazobactam__Yorkshire and Humber,lstm
2022-03-01,9.59,False,E-coli__Piperacillin with tazobactam__Yorkshire and Humber,lstm
2022-04-01,9.01,False,E-coli__Piperacillin with tazobactam__Yorkshire and Humber,lstm
2022-05-01,9.01,False,E-coli__Piperacillin with tazobactam__Yorkshire and Humber,lstm
2022-06-01,9.4,False,E-coli__Piperacillin with tazobactam__Yorkshire and Humber,lstm
2022-07-01,9.82,False,E-coli__Piperacillin with tazobactam__Yorkshire and Humber,lstm
2022-08-01,10.8,False,E-coli__Piperacillin with tazobactam__Yorkshire and Humber,lstm
2022-09-01,9.87,False,E-coli__Piperacillin with tazobactam__Yorkshire and Humber,lstm
2022-10-01,9.99,False,E-coli__Piperacillin with tazobactam__Yorkshire and Humber,lstm
2022-11-01,8.63,False,E-coli__Piperacillin with tazobactam__Yorkshire and Humber,lstm
2022-12-01,9.46,False,E-coli__Piperacillin with tazobactam__Yorkshire and Humber,lstm
2023-01-01,11.12,False,E-coli__Piperacillin with tazobactam__Yorkshire and Humber,lstm
2023-02-01,12.06,False,E-coli__Piperacillin with tazobactam__Yorkshire and Humber,lstm
2023-03-01,12.01,False,E-coli__Piperacillin with tazobactam__Yorkshire and Humber,lstm
2023-04-01,11.649999999999999,False,E-coli__Piperacillin with tazobactam__Yorkshire and Humber,lstm
2023-05-01,12.67,False,E-coli__Piperacillin with tazobactam__Yorkshire and Humber,lstm
2023-06-01,12.75,False,E-coli__Piperacillin with tazobactam__Yorkshire and Humber,lstm
2023-07-01,11.570000000000002,False,E-coli__Piperacillin with tazobactam__Yorkshire and Humber,lstm
2023-08-01,10.51,False,E-coli__Piperacillin with tazobactam__Yorkshire and Humber,lstm
2023-09-01,10.479999999999999,False,E-coli__Piperacillin with tazobactam__Yorkshire and Humber,lstm
2023-10-01,11.89,False,E-coli__Piperacillin with tazobactam__Yorkshire and Humber,lstm
2023-11-01,11.780000000000001,False,E-coli__Piperacillin with tazobactam__Yorkshire and Humber,lstm
2023-12-01,11.84,False,E-coli__Piperacillin with tazobactam__Yorkshire and Humber,lstm
2024-01-01,11.22,False,E-coli__Piperacillin with tazobactam__Yorkshire and Humber,lstm
2024-02-01,11.11,False,E-coli__Piperacillin with tazobactam__Yorkshire and Humber,lstm
2024-03-01,10.689999999999998,False,E-coli__Piperacillin with tazobactam__Yorkshire and Humber,lstm
2024-04-01,11.050000000000002,False,E-coli__Piperacillin with tazobactam__Yorkshire and Humber,lstm
2024-05-01,11.45,False,E-coli__Piperacillin with tazobactam__Yorkshire and Humber,lstm
2024-06-01,12.03,False,E-coli__Piperacillin with tazobactam__Yorkshire and Humber,lstm
2024-07-01,11.84,False,E-coli__Piperacillin with tazobactam__Yorkshire and Humber,lstm
2024-08-01,11.45,False,E-coli__Piperacillin with tazobactam__Yorkshire and Humber,lstm
2024-09-01,10.71,False,E-coli__Piperacillin with tazobactam__Yorkshire and Humber,lstm
2024-10-01,11.389999999999999,False,E-coli__Piperacillin with tazobactam__Yorkshire and Humber,lstm
2024-11-01,12.07,False,E-coli__Piperacillin with tazobactam__Yorkshire and Humber,lstm
2024-12-01,13.880000000000003,False,E-coli__Piperacillin with tazobactam__Yorkshire and Humber,lstm
2025-01-01,14.01,False,E-coli__Piperacillin with tazobactam__Yorkshire and Humber,lstm
2025-02-01,13.45,False,E-coli__Piperacillin with tazobactam__Yorkshire and Humber,lstm
2025-03-01,11.33,False,E-coli__Piperacillin with tazobactam__Yorkshire and Humber,lstm
2025-04-01,10.1,False,E-coli__Piperacillin with tazobactam__Yorkshire and Humber,lstm
2025-05-01,11.44,False,E-coli__Piperacillin with tazobactam__Yorkshire and Humber,lstm
2025-06-01,12.5,False,E-coli__Piperacillin with tazobactam__Yorkshire and Humber,lstm
2025-07-01,11.63483700377985,True,E-coli__Piperacillin with tazobactam__Yorkshire and Humber,lstm
2025-08-01,11.966257465354794,True,E-coli__Piperacillin with tazobactam__Yorkshire and Humber,lstm
2025-09-01,12.06042839921104,True,E-coli__Piperacillin with tazobactam__Yorkshire and Humber,lstm
2025-10-01,11.969164550284898,True,E-coli__Piperacillin with tazobactam__Yorkshire and Humber,lstm
2025-11-01,11.838324409628857,True,E-coli__Piperacillin with tazobactam__Yorkshire and Humber,lstm
2025-12-01,11.70465426392695,True,E-coli__Piperacillin with tazobactam__Yorkshire and Humber,lstm
2020-10-01,8.67,False,E-coli__Third Generation Cephalosporins__East Midlands,lstm
2020-11-01,10.03,False,E-coli__Third Generation Cephalosporins__East Midlands,lstm
2020-12-01,9.82,False,E-coli__Third Generation Cephalosporins__East Midlands,lstm
2021-01-01,8.93,False,E-coli__Third Generation Cephalosporins__East Midlands,lstm
2021-02-01,9.04,False,E-coli__Third Generation Cephalosporins__East Midlands,lstm
2021-03-01,11.02,False,E-coli__Third Generation Cephalosporins__East Midlands,lstm
2021-04-01,12.67,False,E-coli__Third Generation Cephalosporins__East Midlands,lstm
2021-05-01,12.89,False,E-coli__Third Generation Cephalosporins__East Midlands,lstm
2021-06-01,13.14,False,E-coli__Third Generation Cephalosporins__East Midlands,lstm
2021-07-01,12.97,False,E-coli__Third Generation Cephalosporins__East Midlands,lstm
2021-08-01,13.3,False,E-coli__Third Generation Cephalosporins__East Midlands,lstm
2021-09-01,12.54,False,E-coli__Third Generation Cephalosporins__East Midlands,lstm
2021-10-01,12.09,False,E-coli__Third Generation Cephalosporins__East Midlands,lstm
2021-11-01,11.600000000000001,False,E-coli__Third Generation Cephalosporins__East Midlands,lstm
2021-12-01,10.53,False,E-coli__Third Generation Cephalosporins__East Midlands,lstm
2022-01-01,11.830000000000002,False,E-coli__Third Generation Cephalosporins__East Midlands,lstm
2022-02-01,11.5,False,E-coli__Third Generation Cephalosporins__East Midlands,lstm
2022-03-01,12.78,False,E-coli__Third Generation Cephalosporins__East Midlands,lstm
2022-04-01,12.5,False,E-coli__Third Generation Cephalosporins__East Midlands,lstm
2022-05-01,13.53,False,E-coli__Third Generation Cephalosporins__East Midlands,lstm
2022-06-01,13.23,False,E-coli__Third Generation Cephalosporins__East Midlands,lstm
2022-07-01,13.16,False,E-coli__Third Generation Cephalosporins__East Midlands,lstm
2022-08-01,12.83,False,E-coli__Third Generation Cephalosporins__East Midlands,lstm
2022-09-01,14.49,False,E-coli__Third Generation Cephalosporins__East Midlands,lstm
2022-10-01,14.7,False,E-coli__Third Generation Cephalosporins__East Midlands,lstm
2022-11-01,14.73,False,E-coli__Third Generation Cephalosporins__East Midlands,lstm
2022-12-01,14.49,False,E-coli__Third Generation Cephalosporins__East Midlands,lstm
2023-01-01,12.69,False,E-coli__Third Generation Cephalosporins__East Midlands,lstm
2023-02-01,12.41,False,E-coli__Third Generation Cephalosporins__East Midlands,lstm
2023-03-01,11.84,False,E-coli__Third Generation Cephalosporins__East Midlands,lstm
2023-04-01,13.81,False,E-coli__Third Generation Cephalosporins__East Midlands,lstm
2023-05-01,13.99,False,E-coli__Third Generation Cephalosporins__East Midlands,lstm
2023-06-01,13.15,False,E-coli__Third Generation Cephalosporins__East Midlands,lstm
2023-07-01,13.750000000000002,False,E-coli__Third Generation Cephalosporins__East Midlands,lstm
2023-08-01,13.22,False,E-coli__Third Generation Cephalosporins__East Midlands,lstm
2023-09-01,13.66,False,E-coli__Third Generation Cephalosporins__East Midlands,lstm
2023-10-01,12.71,False,E-coli__Third Generation Cephalosporins__East Midlands,lstm
2023-11-01,14.159999999999998,False,E-coli__Third Generation Cephalosporins__East Midlands,lstm
2023-12-01,15.68,False,E-coli__Third Generation Cephalosporins__East Midlands,lstm
2024-01-01,15.39,False,E-coli__Third Generation Cephalosporins__East Midlands,lstm
2024-02-01,14.89,False,E-coli__Third Generation Cephalosporins__East Midlands,lstm
2024-03-01,13.58,False,E-coli__Third Generation Cephalosporins__East Midlands,lstm
2024-04-01,14.56,False,E-coli__Third Generation Cephalosporins__East Midlands,lstm
2024-05-01,14.959999999999999,False,E-coli__Third Generation Cephalosporins__East Midlands,lstm
2024-06-01,15.440000000000001,False,E-coli__Third Generation Cephalosporins__East Midlands,lstm
2024-07-01,16.46,False,E-coli__Third Generation Cephalosporins__East Midlands,lstm
2024-08-01,15.2,False,E-coli__Third Generation Cephalosporins__East Midlands,lstm
2024-09-01,15.27,False,E-coli__Third Generation Cephalosporins__East Midlands,lstm
2024-10-01,13.58,False,E-coli__Third Generation Cephalosporins__East Midlands,lstm
2024-11-01,15.120000000000001,False,E-coli__Third Generation Cephalosporins__East Midlands,lstm
2024-12-01,16.28,False,E-coli__Third Generation Cephalosporins__East Midlands,lstm
2025-01-01,18.43,False,E-coli__Third Generation Cephalosporins__East Midlands,lstm
2025-02-01,17.68,False,E-coli__Third Generation Cephalosporins__East Midlands,lstm
2025-03-01,16.94,False,E-coli__Third Generation Cephalosporins__East Midlands,lstm
2025-04-01,16.08,False,E-coli__Third Generation Cephalosporins__East Midlands,lstm
2025-05-01,16.51,False,E-coli__Third Generation Cephalosporins__East Midlands,lstm
2025-06-01,17.23,False,E-coli__Third Generation Cephalosporins__East Midlands,lstm
2025-07-01,15.148247478431616,True,E-coli__Third Generation Cephalosporins__East Midlands,lstm
2025-08-01,15.524517798345178,True,E-coli__Third Generation Cephalosporins__East Midlands,lstm
2025-09-01,15.718972329901744,True,E-coli__Third Generation Cephalosporins__East Midlands,lstm
2025-10-01,15.730579882164205,True,E-coli__Third Generation Cephalosporins__East Midlands,lstm
2025-11-01,15.632432013218015,True,E-coli__Third Generation Cephalosporins__East Midlands,lstm
2025-12-01,15.490832537655443,True,E-coli__Third Generation Cephalosporins__East Midlands,lstm
2020-10-01,14.969999999999999,False,E-coli__Third Generation Cephalosporins__East of England,lstm
2020-11-01,12.69,False,E-coli__Third Generation Cephalosporins__East of England,lstm
2020-12-01,13.47,False,E-coli__Third Generation Cephalosporins__East of England,lstm
2021-01-01,14.51,False,E-coli__Third Generation Cephalosporins__East of England,lstm
2021-02-01,15.890000000000002,False,E-coli__Third Generation Cephalosporins__East of England,lstm
2021-03-01,14.52,False,E-coli__Third Generation Cephalosporins__East of England,lstm
2021-04-01,13.670000000000002,False,E-coli__Third Generation Cephalosporins__East of England,lstm
2021-05-01,13.08,False,E-coli__Third Generation Cephalosporins__East of England,lstm
2021-06-01,13.16,False,E-coli__Third Generation Cephalosporins__East of England,lstm
2021-07-01,11.36,False,E-coli__Third Generation Cephalosporins__East of England,lstm
2021-08-01,11.9,False,E-coli__Third Generation Cephalosporins__East of England,lstm
2021-09-01,12.78,False,E-coli__Third Generation Cephalosporins__East of England,lstm
2021-10-01,13.16,False,E-coli__Third Generation Cephalosporins__East of England,lstm
2021-11-01,12.45,False,E-coli__Third Generation Cephalosporins__East of England,lstm
2021-12-01,11.53,False,E-coli__Third Generation Cephalosporins__East of England,lstm
2022-01-01,11.91,False,E-coli__Third Generation Cephalosporins__East of England,lstm
2022-02-01,12.15,False,E-coli__Third Generation Cephalosporins__East of England,lstm
2022-03-01,11.79,False,E-coli__Third Generation Cephalosporins__East of England,lstm
2022-04-01,11.68,False,E-coli__Third Generation Cephalosporins__East of England,lstm
2022-05-01,13.91,False,E-coli__Third Generation Cephalosporins__East of England,lstm
2022-06-01,15.129999999999999,False,E-coli__Third Generation Cephalosporins__East of England,lstm
2022-07-01,15.07,False,E-coli__Third Generation Cephalosporins__East of England,lstm
2022-08-01,13.56,False,E-coli__Third Generation Cephalosporins__East of England,lstm
2022-09-01,12.74,False,E-coli__Third Generation Cephalosporins__East of England,lstm
2022-10-01,12.93,False,E-coli__Third Generation Cephalosporins__East of England,lstm
2022-11-01,13.45,False,E-coli__Third Generation Cephalosporins__East of England,lstm
2022-12-01,14.49,False,E-coli__Third Generation Cephalosporins__East of England,lstm
2023-01-01,15.59,False,E-coli__Third Generation Cephalosporins__East of England,lstm
2023-02-01,15.88,False,E-coli__Third Generation Cephalosporins__East of England,lstm
2023-03-01,15.79,False,E-coli__Third Generation Cephalosporins__East of England,lstm
2023-04-01,17.31,False,E-coli__Third Generation Cephalosporins__East of England,lstm
2023-05-01,16.49,False,E-coli__Third Generation Cephalosporins__East of England,lstm
2023-06-01,16.73,False,E-coli__Third Generation Cephalosporins__East of England,lstm
2023-07-01,15.33,False,E-coli__Third Generation Cephalosporins__East of England,lstm
2023-08-01,15.119999999999997,False,E-coli__Third Generation Cephalosporins__East of England,lstm
2023-09-01,16.26,False,E-coli__Third Generation Cephalosporins__East of England,lstm
2023-10-01,16.47,False,E-coli__Third Generation Cephalosporins__East of England,lstm
2023-11-01,17.43,False,E-coli__Third Generation Cephalosporins__East of England,lstm
2023-12-01,16.2,False,E-coli__Third Generation Cephalosporins__East of England,lstm
2024-01-01,15.11,False,E-coli__Third Generation Cephalosporins__East of England,lstm
2024-02-01,15.730000000000002,False,E-coli__Third Generation Cephalosporins__East of England,lstm
2024-03-01,16.39,False,E-coli__Third Generation Cephalosporins__East of England,lstm
2024-04-01,17.92,False,E-coli__Third Generation Cephalosporins__East of England,lstm
2024-05-01,17.83,False,E-coli__Third Generation Cephalosporins__East of England,lstm
2024-06-01,17.16,False,E-coli__Third Generation Cephalosporins__East of England,lstm
2024-07-01,17.62,False,E-coli__Third Generation Cephalosporins__East of England,lstm
2024-08-01,17.77,False,E-coli__Third Generation Cephalosporins__East of England,lstm
2024-09-01,17.95,False,E-coli__Third Generation Cephalosporins__East of England,lstm
2024-10-01,17.21,False,E-coli__Third Generation Cephalosporins__East of England,lstm
2024-11-01,16.65,False,E-coli__Third Generation Cephalosporins__East of England,lstm
2024-12-01,16.31,False,E-coli__Third Generation Cephalosporins__East of England,lstm
2025-01-01,15.84,False,E-coli__Third Generation Cephalosporins__East of England,lstm
2025-02-01,15.990000000000002,False,E-coli__Third Generation Cephalosporins__East of England,lstm
2025-03-01,16.37,False,E-coli__Third Generation Cephalosporins__East of England,lstm
2025-04-01,17.2,False,E-coli__Third Generation Cephalosporins__East of England,lstm
2025-05-01,16.3,False,E-coli__Third Generation Cephalosporins__East of England,lstm
2025-06-01,16.07,False,E-coli__Third Generation Cephalosporins__East of England,lstm
2025-07-01,17.211818120232298,True,E-coli__Third Generation Cephalosporins__East of England,lstm
2025-08-01,17.233842906821277,True,E-coli__Third Generation Cephalosporins__East of England,lstm
2025-09-01,17.096383964568673,True,E-coli__Third Generation Cephalosporins__East of England,lstm
2025-10-01,16.888737686877118,True,E-coli__Third Generation Cephalosporins__East of England,lstm
2025-11-01,16.584124149253647,True,E-coli__Third Generation Cephalosporins__East of England,lstm
2025-12-01,16.28688038104198,True,E-coli__Third Generation Cephalosporins__East of England,lstm
2020-10-01,19.78,False,E-coli__Third Generation Cephalosporins__London,lstm
2020-11-01,20.67,False,E-coli__Third Generation Cephalosporins__London,lstm
2020-12-01,20.68,False,E-coli__Third Generation Cephalosporins__London,lstm
2021-01-01,23.79,False,E-coli__Third Generation Cephalosporins__London,lstm
2021-02-01,24.1,False,E-coli__Third Generation Cephalosporins__London,lstm
2021-03-01,23.94,False,E-coli__Third Generation Cephalosporins__London,lstm
2021-04-01,20.33,False,E-coli__Third Generation Cephalosporins__London,lstm
2021-05-01,21.9,False,E-coli__Third Generation Cephalosporins__London,lstm
2021-06-01,20.92,False,E-coli__Third Generation Cephalosporins__London,lstm
2021-07-01,21.58,False,E-coli__Third Generation Cephalosporins__London,lstm
2021-08-01,20.98,False,E-coli__Third Generation Cephalosporins__London,lstm
2021-09-01,19.9,False,E-coli__Third Generation Cephalosporins__London,lstm
2021-10-01,20.02,False,E-coli__Third Generation Cephalosporins__London,lstm
2021-11-01,20.82,False,E-coli__Third Generation Cephalosporins__London,lstm
2021-12-01,21.289999999999996,False,E-coli__Third Generation Cephalosporins__London,lstm
2022-01-01,21.12,False,E-coli__Third Generation Cephalosporins__London,lstm
2022-02-01,19.31,False,E-coli__Third Generation Cephalosporins__London,lstm
2022-03-01,20.33,False,E-coli__Third Generation Cephalosporins__London,lstm
2022-04-01,21.279999999999998,False,E-coli__Third Generation Cephalosporins__London,lstm
2022-05-01,21.43,False,E-coli__Third Generation Cephalosporins__London,lstm
2022-06-01,22.05,False,E-coli__Third Generation Cephalosporins__London,lstm
2022-07-01,22.5,False,E-coli__Third Generation Cephalosporins__London,lstm
2022-08-01,22.36,False,E-coli__Third Generation Cephalosporins__London,lstm
2022-09-01,21.75,False,E-coli__Third Generation Cephalosporins__London,lstm
2022-10-01,20.09,False,E-coli__Third Generation Cephalosporins__London,lstm
2022-11-01,21.85,False,E-coli__Third Generation Cephalosporins__London,lstm
2022-12-01,23.030000000000005,False,E-coli__Third Generation Cephalosporins__London,lstm
2023-01-01,23.140000000000004,False,E-coli__Third Generation Cephalosporins__London,lstm
2023-02-01,24.0,False,E-coli__Third Generation Cephalosporins__London,lstm
2023-03-01,24.71,False,E-coli__Third Generation Cephalosporins__London,lstm
2023-04-01,26.54,False,E-coli__Third Generation Cephalosporins__London,lstm
2023-05-01,26.22,False,E-coli__Third Generation Cephalosporins__London,lstm
2023-06-01,26.07,False,E-coli__Third Generation Cephalosporins__London,lstm
2023-07-01,25.429999999999996,False,E-coli__Third Generation Cephalosporins__London,lstm
2023-08-01,24.75,False,E-coli__Third Generation Cephalosporins__London,lstm
2023-09-01,25.48,False,E-coli__Third Generation Cephalosporins__London,lstm
2023-10-01,25.67,False,E-coli__Third Generation Cephalosporins__London,lstm
2023-11-01,25.019999999999996,False,E-coli__Third Generation Cephalosporins__London,lstm
2023-12-01,22.79,False,E-coli__Third Generation Cephalosporins__London,lstm
2024-01-01,23.47,False,E-coli__Third Generation Cephalosporins__London,lstm
2024-02-01,24.62,False,E-coli__Third Generation Cephalosporins__London,lstm
2024-03-01,25.29,False,E-coli__Third Generation Cephalosporins__London,lstm
2024-04-01,25.939999999999998,False,E-coli__Third Generation Cephalosporins__London,lstm
2024-05-01,27.46,False,E-coli__Third Generation Cephalosporins__London,lstm
2024-06-01,28.09,False,E-coli__Third Generation Cephalosporins__London,lstm
2024-07-01,28.840000000000003,False,E-coli__Third Generation Cephalosporins__London,lstm
2024-08-01,26.81,False,E-coli__Third Generation Cephalosporins__London,lstm
2024-09-01,26.24,False,E-coli__Third Generation Cephalosporins__London,lstm
2024-10-01,25.23,False,E-coli__Third Generation Cephalosporins__London,lstm
2024-11-01,24.66,False,E-coli__Third Generation Cephalosporins__London,lstm
2024-12-01,26.42,False,E-coli__Third Generation Cephalosporins__London,lstm
2025-01-01,25.09,False,E-coli__Third Generation Cephalosporins__London,lstm
2025-02-01,26.1,False,E-coli__Third Generation Cephalosporins__London,lstm
2025-03-01,25.5,False,E-coli__Third Generation Cephalosporins__London,lstm
2025-04-01,25.949999999999996,False,E-coli__Third Generation Cephalosporins__London,lstm
2025-05-01,26.39,False,E-coli__Third Generation Cephalosporins__London,lstm
2025-06-01,25.67,False,E-coli__Third Generation Cephalosporins__London,lstm
2025-07-01,26.742702396616107,True,E-coli__Third Generation Cephalosporins__London,lstm
2025-08-01,26.783733557240726,True,E-coli__Third Generation Cephalosporins__London,lstm
2025-09-01,26.53066767741562,True,E-coli__Third Generation Cephalosporins__London,lstm
2025-10-01,26.12175951392135,True,E-coli__Third Generation Cephalosporins__London,lstm
2025-11-01,25.691570360982052,True,E-coli__Third Generation Cephalosporins__London,lstm
2025-12-01,25.319784509724716,True,E-coli__Third Generation Cephalosporins__London,lstm
2020-10-01,9.46,False,E-coli__Third Generation Cephalosporins__North East,lstm
2020-11-01,10.57,False,E-coli__Third Generation Cephalosporins__North East,lstm
2020-12-01,14.41,False,E-coli__Third Generation Cephalosporins__North East,lstm
2021-01-01,12.96,False,E-coli__Third Generation Cephalosporins__North East,lstm
2021-02-01,12.05,False,E-coli__Third Generation Cephalosporins__North East,lstm
2021-03-01,9.68,False,E-coli__Third Generation Cephalosporins__North East,lstm
2021-04-01,9.07,False,E-coli__Third Generation Cephalosporins__North East,lstm
2021-05-01,7.77,False,E-coli__Third Generation Cephalosporins__North East,lstm
2021-06-01,7.74,False,E-coli__Third Generation Cephalosporins__North East,lstm
2021-07-01,7.66,False,E-coli__Third Generation Cephalosporins__North East,lstm
2021-08-01,8.05,False,E-coli__Third Generation Cephalosporins__North East,lstm
2021-09-01,7.07,False,E-coli__Third Generation Cephalosporins__North East,lstm
2021-10-01,6.62,False,E-coli__Third Generation Cephalosporins__North East,lstm
2021-11-01,7.35,False,E-coli__Third Generation Cephalosporins__North East,lstm
2021-12-01,8.15,False,E-coli__Third Generation Cephalosporins__North East,lstm
2022-01-01,9.05,False,E-coli__Third Generation Cephalosporins__North East,lstm
2022-02-01,9.55,False,E-coli__Third Generation Cephalosporins__North East,lstm
2022-03-01,10.94,False,E-coli__Third Generation Cephalosporins__North East,lstm
2022-04-01,10.29,False,E-coli__Third Generation Cephalosporins__North East,lstm
2022-05-01,8.26,False,E-coli__Third Generation Cephalosporins__North East,lstm
2022-06-01,6.55,False,E-coli__Third Generation Cephalosporins__North East,lstm
2022-07-01,8.74,False,E-coli__Third Generation Cephalosporins__North East,lstm
2022-08-01,10.14,False,E-coli__Third Generation Cephalosporins__North East,lstm
2022-09-01,11.39,False,E-coli__Third Generation Cephalosporins__North East,lstm
2022-10-01,9.87,False,E-coli__Third Generation Cephalosporins__North East,lstm
2022-11-01,9.77,False,E-coli__Third Generation Cephalosporins__North East,lstm
2022-12-01,10.46,False,E-coli__Third Generation Cephalosporins__North East,lstm
2023-01-01,9.64,False,E-coli__Third Generation Cephalosporins__North East,lstm
2023-02-01,11.72,False,E-coli__Third Generation Cephalosporins__North East,lstm
2023-03-01,11.08,False,E-coli__Third Generation Cephalosporins__North East,lstm
2023-04-01,13.45,False,E-coli__Third Generation Cephalosporins__North East,lstm
2023-05-01,12.39,False,E-coli__Third Generation Cephalosporins__North East,lstm
2023-06-01,10.87,False,E-coli__Third Generation Cephalosporins__North East,lstm
2023-07-01,10.61,False,E-coli__Third Generation Cephalosporins__North East,lstm
2023-08-01,11.24,False,E-coli__Third Generation Cephalosporins__North East,lstm
2023-09-01,11.47,False,E-coli__Third Generation Cephalosporins__North East,lstm
2023-10-01,11.61,False,E-coli__Third Generation Cephalosporins__North East,lstm
2023-11-01,10.39,False,E-coli__Third Generation Cephalosporins__North East,lstm
2023-12-01,11.59,False,E-coli__Third Generation Cephalosporins__North East,lstm
2024-01-01,9.88,False,E-coli__Third Generation Cephalosporins__North East,lstm
2024-02-01,11.25,False,E-coli__Third Generation Cephalosporins__North East,lstm
2024-03-01,11.9,False,E-coli__Third Generation Cephalosporins__North East,lstm
2024-04-01,10.87,False,E-coli__Third Generation Cephalosporins__North East,lstm
2024-05-01,8.85,False,E-coli__Third Generation Cephalosporins__North East,lstm
2024-06-01,8.09,False,E-coli__Third Generation Cephalosporins__North East,lstm
2024-07-01,9.39,False,E-coli__Third Generation Cephalosporins__North East,lstm
2024-08-01,10.83,False,E-coli__Third Generation Cephalosporins__North East,lstm
2024-09-01,11.92,False,E-coli__Third Generation Cephalosporins__North East,lstm
2024-10-01,13.35,False,E-coli__Third Generation Cephalosporins__North East,lstm
2024-11-01,13.76,False,E-coli__Third Generation Cephalosporins__North East,lstm
2024-12-01,12.61,False,E-coli__Third Generation Cephalosporins__North East,lstm
2025-01-01,12.41,False,E-coli__Third Generation Cephalosporins__North East,lstm
2025-02-01,12.09,False,E-coli__Third Generation Cephalosporins__North East,lstm
2025-03-01,12.8,False,E-coli__Third Generation Cephalosporins__North East,lstm
2025-04-01,12.06,False,E-coli__Third Generation Cephalosporins__North East,lstm
2025-05-01,11.83,False,E-coli__Third Generation Cephalosporins__North East,lstm
2025-06-01,13.04,False,E-coli__Third Generation Cephalosporins__North East,lstm
2025-07-01,11.04044738383032,True,E-coli__Third Generation Cephalosporins__North East,lstm
2025-08-01,11.235524291722466,True,E-coli__Third Generation Cephalosporins__North East,lstm
2025-09-01,11.41078839112844,True,E-coli__Third Generation Cephalosporins__North East,lstm
2025-10-01,11.488097824203443,True,E-coli__Third Generation Cephalosporins__North East,lstm
2025-11-01,11.475518025921145,True,E-coli__Third Generation Cephalosporins__North East,lstm
2025-12-01,11.43811350714893,True,E-coli__Third Generation Cephalosporins__North East,lstm
2020-10-01,13.709999999999999,False,E-coli__Third Generation Cephalosporins__North West,lstm
2020-11-01,13.37,False,E-coli__Third Generation Cephalosporins__North West,lstm
2020-12-01,14.62,False,E-coli__Third Generation Cephalosporins__North West,lstm
2021-01-01,14.750000000000002,False,E-coli__Third Generation Cephalosporins__North West,lstm
2021-02-01,14.769999999999998,False,E-coli__Third Generation Cephalosporins__North West,lstm
2021-03-01,13.23,False,E-coli__Third Generation Cephalosporins__North West,lstm
2021-04-01,12.52,False,E-coli__Third Generation Cephalosporins__North West,lstm
2021-05-01,12.5,False,E-coli__Third Generation Cephalosporins__North West,lstm
2021-06-01,13.019999999999998,False,E-coli__Third Generation Cephalosporins__North West,lstm
2021-07-01,14.47,False,E-coli__Third Generation Cephalosporins__North West,lstm
2021-08-01,15.33,False,E-coli__Third Generation Cephalosporins__North West,lstm
2021-09-01,15.51,False,E-coli__Third Generation Cephalosporins__North West,lstm
2021-10-01,13.530000000000001,False,E-coli__Third Generation Cephalosporins__North West,lstm
2021-11-01,13.930000000000001,False,E-coli__Third Generation Cephalosporins__North West,lstm
2021-12-01,15.31,False,E-coli__Third Generation Cephalosporins__North West,lstm
2022-01-01,16.64,False,E-coli__Third Generation Cephalosporins__North West,lstm
2022-02-01,16.06,False,E-coli__Third Generation Cephalosporins__North West,lstm
2022-03-01,15.79,False,E-coli__Third Generation Cephalosporins__North West,lstm
2022-04-01,15.73,False,E-coli__Third Generation Cephalosporins__North West,lstm
2022-05-01,15.96,False,E-coli__Third Generation Cephalosporins__North West,lstm
2022-06-01,15.43,False,E-coli__Third Generation Cephalosporins__North West,lstm
2022-07-01,16.32,False,E-coli__Third Generation Cephalosporins__North West,lstm
2022-08-01,16.3,False,E-coli__Third Generation Cephalosporins__North West,lstm
2022-09-01,15.51,False,E-coli__Third Generation Cephalosporins__North West,lstm
2022-10-01,15.189999999999998,False,E-coli__Third Generation Cephalosporins__North West,lstm
2022-11-01,13.32,False,E-coli__Third Generation Cephalosporins__North West,lstm
2022-12-01,13.890000000000002,False,E-coli__Third Generation Cephalosporins__North West,lstm
2023-01-01,13.399999999999999,False,E-coli__Third Generation Cephalosporins__North West,lstm
2023-02-01,14.3,False,E-coli__Third Generation Cephalosporins__North West,lstm
2023-03-01,13.560000000000002,False,E-coli__Third Generation Cephalosporins__North West,lstm
2023-04-01,13.32,False,E-coli__Third Generation Cephalosporins__North West,lstm
2023-05-01,14.219999999999999,False,E-coli__Third Generation Cephalosporins__North West,lstm
2023-06-01,14.92,False,E-coli__Third Generation Cephalosporins__North West,lstm
2023-07-01,15.23,False,E-coli__Third Generation Cephalosporins__North West,lstm
2023-08-01,14.91,False,E-coli__Third Generation Cephalosporins__North West,lstm
2023-09-01,14.08,False,E-coli__Third Generation Cephalosporins__North West,lstm
2023-10-01,15.2,False,E-coli__Third Generation Cephalosporins__North West,lstm
2023-11-01,15.680000000000001,False,E-coli__Third Generation Cephalosporins__North West,lstm
2023-12-01,16.91,False,E-coli__Third Generation Cephalosporins__North West,lstm
2024-01-01,14.860000000000001,False,E-coli__Third Generation Cephalosporins__North West,lstm
2024-02-01,13.890000000000002,False,E-coli__Third Generation Cephalosporins__North West,lstm
2024-03-01,14.239999999999998,False,E-coli__Third Generation Cephalosporins__North West,lstm
2024-04-01,15.53,False,E-coli__Third Generation Cephalosporins__North West,lstm
2024-05-01,16.38,False,E-coli__Third Generation Cephalosporins__North West,lstm
2024-06-01,15.56,False,E-coli__Third Generation Cephalosporins__North West,lstm
2024-07-01,15.81,False,E-coli__Third Generation Cephalosporins__North West,lstm
2024-08-01,15.39,False,E-coli__Third Generation Cephalosporins__North West,lstm
2024-09-01,17.03,False,E-coli__Third Generation Cephalosporins__North West,lstm
2024-10-01,17.35,False,E-coli__Third Generation Cephalosporins__North West,lstm
2024-11-01,18.24,False,E-coli__Third Generation Cephalosporins__North West,lstm
2024-12-01,17.66,False,E-coli__Third Generation Cephalosporins__North West,lstm
2025-01-01,17.12,False,E-coli__Third Generation Cephalosporins__North West,lstm
2025-02-01,17.17,False,E-coli__Third Generation Cephalosporins__North West,lstm
2025-03-01,16.98,False,E-coli__Third Generation Cephalosporins__North West,lstm
2025-04-01,18.16,False,E-coli__Third Generation Cephalosporins__North West,lstm
2025-05-01,18.41,False,E-coli__Third Generation Cephalosporins__North West,lstm
2025-06-01,18.36,False,E-coli__Third Generation Cephalosporins__North West,lstm
2025-07-01,15.752898455374721,True,E-coli__Third Generation Cephalosporins__North West,lstm
2025-08-01,15.880646830773125,True,E-coli__Third Generation Cephalosporins__North West,lstm
2025-09-01,15.919896953024516,True,E-coli__Third Generation Cephalosporins__North West,lstm
2025-10-01,15.920280649664797,True,E-coli__Third Generation Cephalosporins__North West,lstm
2025-11-01,15.840210000050446,True,E-coli__Third Generation Cephalosporins__North West,lstm
2025-12-01,15.70211883318832,True,E-coli__Third Generation Cephalosporins__North West,lstm
2020-10-01,14.4,False,E-coli__Third Generation Cephalosporins__South East,lstm
2020-11-01,14.08,False,E-coli__Third Generation Cephalosporins__South East,lstm
2020-12-01,14.23,False,E-coli__Third Generation Cephalosporins__South East,lstm
2021-01-01,14.640000000000002,False,E-coli__Third Generation Cephalosporins__South East,lstm
2021-02-01,14.76,False,E-coli__Third Generation Cephalosporins__South East,lstm
2021-03-01,15.0,False,E-coli__Third Generation Cephalosporins__South East,lstm
2021-04-01,14.16,False,E-coli__Third Generation Cephalosporins__South East,lstm
2021-05-01,13.2,False,E-coli__Third Generation Cephalosporins__South East,lstm
2021-06-01,13.61,False,E-coli__Third Generation Cephalosporins__South East,lstm
2021-07-01,13.47,False,E-coli__Third Generation Cephalosporins__South East,lstm
2021-08-01,13.559999999999999,False,E-coli__Third Generation Cephalosporins__South East,lstm
2021-09-01,12.62,False,E-coli__Third Generation Cephalosporins__South East,lstm
2021-10-01,12.77,False,E-coli__Third Generation Cephalosporins__South East,lstm
2021-11-01,13.45,False,E-coli__Third Generation Cephalosporins__South East,lstm
2021-12-01,13.83,False,E-coli__Third Generation Cephalosporins__South East,lstm
2022-01-01,13.89,False,E-coli__Third Generation Cephalosporins__South East,lstm
2022-02-01,14.1,False,E-coli__Third Generation Cephalosporins__South East,lstm
2022-03-01,14.29,False,E-coli__Third Generation Cephalosporins__South East,lstm
2022-04-01,14.68,False,E-coli__Third Generation Cephalosporins__South East,lstm
2022-05-01,14.049999999999999,False,E-coli__Third Generation Cephalosporins__South East,lstm
2022-06-01,13.49,False,E-coli__Third Generation Cephalosporins__South East,lstm
2022-07-01,13.81,False,E-coli__Third Generation Cephalosporins__South East,lstm
2022-08-01,14.04,False,E-coli__Third Generation Cephalosporins__South East,lstm
2022-09-01,15.54,False,E-coli__Third Generation Cephalosporins__South East,lstm
2022-10-01,15.61,False,E-coli__Third Generation Cephalosporins__South East,lstm
2022-11-01,15.53,False,E-coli__Third Generation Cephalosporins__South East,lstm
2022-12-01,15.88,False,E-coli__Third Generation Cephalosporins__South East,lstm
2023-01-01,15.929999999999998,False,E-coli__Third Generation Cephalosporins__South East,lstm
2023-02-01,16.89,False,E-coli__Third Generation Cephalosporins__South East,lstm
2023-03-01,16.83,False,E-coli__Third Generation Cephalosporins__South East,lstm
2023-04-01,16.8,False,E-coli__Third Generation Cephalosporins__South East,lstm
2023-05-01,16.23,False,E-coli__Third Generation Cephalosporins__South East,lstm
2023-06-01,16.23,False,E-coli__Third Generation Cephalosporins__South East,lstm
2023-07-01,16.96,False,E-coli__Third Generation Cephalosporins__South East,lstm
2023-08-01,17.27,False,E-coli__Third Generation Cephalosporins__South East,lstm
2023-09-01,15.96,False,E-coli__Third Generation Cephalosporins__South East,lstm
2023-10-01,15.030000000000001,False,E-coli__Third Generation Cephalosporins__South East,lstm
2023-11-01,15.68,False,E-coli__Third Generation Cephalosporins__South East,lstm
2023-12-01,16.98,False,E-coli__Third Generation Cephalosporins__South East,lstm
2024-01-01,16.51,False,E-coli__Third Generation Cephalosporins__South East,lstm
2024-02-01,16.5,False,E-coli__Third Generation Cephalosporins__South East,lstm
2024-03-01,15.73,False,E-coli__Third Generation Cephalosporins__South East,lstm
2024-04-01,16.79,False,E-coli__Third Generation Cephalosporins__South East,lstm
2024-05-01,17.13,False,E-coli__Third Generation Cephalosporins__South East,lstm
2024-06-01,17.99,False,E-coli__Third Generation Cephalosporins__South East,lstm
2024-07-01,17.98,False,E-coli__Third Generation Cephalosporins__South East,lstm
2024-08-01,17.48,False,E-coli__Third Generation Cephalosporins__South East,lstm
2024-09-01,17.47,False,E-coli__Third Generation Cephalosporins__South East,lstm
2024-10-01,17.3,False,E-coli__Third Generation Cephalosporins__South East,lstm
2024-11-01,17.03,False,E-coli__Third Generation Cephalosporins__South East,lstm
2024-12-01,17.94,False,E-coli__Third Generation Cephalosporins__South East,lstm
2025-01-01,17.18,False,E-coli__Third Generation Cephalosporins__South East,lstm
2025-02-01,17.93,False,E-coli__Third Generation Cephalosporins__South East,lstm
2025-03-01,16.7,False,E-coli__Third Generation Cephalosporins__South East,lstm
2025-04-01,17.8,False,E-coli__Third Generation Cephalosporins__South East,lstm
2025-05-01,17.3,False,E-coli__Third Generation Cephalosporins__South East,lstm
2025-06-01,16.08,False,E-coli__Third Generation Cephalosporins__South East,lstm
2025-07-01,16.17671565502098,True,E-coli__Third Generation Cephalosporins__South East,lstm
2025-08-01,16.297847246976822,True,E-coli__Third Generation Cephalosporins__South East,lstm
2025-09-01,16.258865148381396,True,E-coli__Third Generation Cephalosporins__South East,lstm
2025-10-01,16.213941147267928,True,E-coli__Third Generation Cephalosporins__South East,lstm
2025-11-01,16.09555766908442,True,E-coli__Third Generation Cephalosporins__South East,lstm
2025-12-01,15.87655139608644,True,E-coli__Third Generation Cephalosporins__South East,lstm
2020-10-01,12.21,False,E-coli__Third Generation Cephalosporins__South West,lstm
2020-11-01,11.46,False,E-coli__Third Generation Cephalosporins__South West,lstm
2020-12-01,11.54,False,E-coli__Third Generation Cephalosporins__South West,lstm
2021-01-01,9.82,False,E-coli__Third Generation Cephalosporins__South West,lstm
2021-02-01,9.33,False,E-coli__Third Generation Cephalosporins__South West,lstm
2021-03-01,10.0,False,E-coli__Third Generation Cephalosporins__South West,lstm
2021-04-01,10.24,False,E-coli__Third Generation Cephalosporins__South West,lstm
2021-05-01,10.940000000000001,False,E-coli__Third Generation Cephalosporins__South West,lstm
2021-06-01,10.0,False,E-coli__Third Generation Cephalosporins__South West,lstm
2021-07-01,8.91,False,E-coli__Third Generation Cephalosporins__South West,lstm
2021-08-01,9.45,False,E-coli__Third Generation Cephalosporins__South West,lstm
2021-09-01,11.18,False,E-coli__Third Generation Cephalosporins__South West,lstm
2021-10-01,11.590000000000002,False,E-coli__Third Generation Cephalosporins__South West,lstm
2021-11-01,10.17,False,E-coli__Third Generation Cephalosporins__South West,lstm
2021-12-01,8.1,False,E-coli__Third Generation Cephalosporins__South West,lstm
2022-01-01,8.99,False,E-coli__Third Generation Cephalosporins__South West,lstm
2022-02-01,9.81,False,E-coli__Third Generation Cephalosporins__South West,lstm
2022-03-01,10.06,False,E-coli__Third Generation Cephalosporins__South West,lstm
2022-04-01,9.17,False,E-coli__Third Generation Cephalosporins__South West,lstm
2022-05-01,9.86,False,E-coli__Third Generation Cephalosporins__South West,lstm
2022-06-01,10.01,False,E-coli__Third Generation Cephalosporins__South West,lstm
2022-07-01,8.9,False,E-coli__Third Generation Cephalosporins__South West,lstm
2022-08-01,8.81,False,E-coli__Third Generation Cephalosporins__South West,lstm
2022-09-01,10.19,False,E-coli__Third Generation Cephalosporins__South West,lstm
2022-10-01,11.67,False,E-coli__Third Generation Cephalosporins__South West,lstm
2022-11-01,11.56,False,E-coli__Third Generation Cephalosporins__South West,lstm
2022-12-01,10.98,False,E-coli__Third Generation Cephalosporins__South West,lstm
2023-01-01,11.23,False,E-coli__Third Generation Cephalosporins__South West,lstm
2023-02-01,10.840000000000002,False,E-coli__Third Generation Cephalosporins__South West,lstm
2023-03-01,10.649999999999999,False,E-coli__Third Generation Cephalosporins__South West,lstm
2023-04-01,11.08,False,E-coli__Third Generation Cephalosporins__South West,lstm
2023-05-01,11.93,False,E-coli__Third Generation Cephalosporins__South West,lstm
2023-06-01,12.56,False,E-coli__Third Generation Cephalosporins__South West,lstm
2023-07-01,11.68,False,E-coli__Third Generation Cephalosporins__South West,lstm
2023-08-01,11.44,False,E-coli__Third Generation Cephalosporins__South West,lstm
2023-09-01,11.33,False,E-coli__Third Generation Cephalosporins__South West,lstm
2023-10-01,11.68,False,E-coli__Third Generation Cephalosporins__South West,lstm
2023-11-01,10.849999999999998,False,E-coli__Third Generation Cephalosporins__South West,lstm
2023-12-01,10.559999999999999,False,E-coli__Third Generation Cephalosporins__South West,lstm
2024-01-01,10.98,False,E-coli__Third Generation Cephalosporins__South West,lstm
2024-02-01,11.409999999999998,False,E-coli__Third Generation Cephalosporins__South West,lstm
2024-03-01,11.500000000000002,False,E-coli__Third Generation Cephalosporins__South West,lstm
2024-04-01,9.93,False,E-coli__Third Generation Cephalosporins__South West,lstm
2024-05-01,10.68,False,E-coli__Third Generation Cephalosporins__South West,lstm
2024-06-01,11.02,False,E-coli__Third Generation Cephalosporins__South West,lstm
2024-07-01,12.369999999999997,False,E-coli__Third Generation Cephalosporins__South West,lstm
2024-08-01,12.629999999999999,False,E-coli__Third Generation Cephalosporins__South West,lstm
2024-09-01,12.67,False,E-coli__Third Generation Cephalosporins__South West,lstm
2024-10-01,12.33,False,E-coli__Third Generation Cephalosporins__South West,lstm
2024-11-01,11.63,False,E-coli__Third Generation Cephalosporins__South West,lstm
2024-12-01,10.54,False,E-coli__Third Generation Cephalosporins__South West,lstm
2025-01-01,11.1,False,E-coli__Third Generation Cephalosporins__South West,lstm
2025-02-01,11.75,False,E-coli__Third Generation Cephalosporins__South West,lstm
2025-03-01,13.299999999999999,False,E-coli__Third Generation Cephalosporins__South West,lstm
2025-04-01,11.99,False,E-coli__Third Generation Cephalosporins__South West,lstm
2025-05-01,12.829999999999998,False,E-coli__Third Generation Cephalosporins__South West,lstm
2025-06-01,12.7,False,E-coli__Third Generation Cephalosporins__South West,lstm
2025-07-01,11.607080726338957,True,E-coli__Third Generation Cephalosporins__South West,lstm
2025-08-01,11.736756907506384,True,E-coli__Third Generation Cephalosporins__South West,lstm
2025-09-01,11.841394066144703,True,E-coli__Third Generation Cephalosporins__South West,lstm
2025-10-01,11.784840764328901,True,E-coli__Third Generation Cephalosporins__South West,lstm
2025-11-01,11.672865912505301,True,E-coli__Third Generation Cephalosporins__South West,lstm
2025-12-01,11.519062932588307,True,E-coli__Third Generation Cephalosporins__South West,lstm
2020-10-01,10.93,False,E-coli__Third Generation Cephalosporins__West Midlands,lstm
2020-11-01,10.76,False,E-coli__Third Generation Cephalosporins__West Midlands,lstm
2020-12-01,11.31,False,E-coli__Third Generation Cephalosporins__West Midlands,lstm
2021-01-01,11.77,False,E-coli__Third Generation Cephalosporins__West Midlands,lstm
2021-02-01,12.88,False,E-coli__Third Generation Cephalosporins__West Midlands,lstm
2021-03-01,13.04,False,E-coli__Third Generation Cephalosporins__West Midlands,lstm
2021-04-01,12.84,False,E-coli__Third Generation Cephalosporins__West Midlands,lstm
2021-05-01,12.93,False,E-coli__Third Generation Cephalosporins__West Midlands,lstm
2021-06-01,12.99,False,E-coli__Third Generation Cephalosporins__West Midlands,lstm
2021-07-01,11.98,False,E-coli__Third Generation Cephalosporins__West Midlands,lstm
2021-08-01,11.58,False,E-coli__Third Generation Cephalosporins__West Midlands,lstm
2021-09-01,10.69,False,E-coli__Third Generation Cephalosporins__West Midlands,lstm
2021-10-01,11.84,False,E-coli__Third Generation Cephalosporins__West Midlands,lstm
2021-11-01,11.6,False,E-coli__Third Generation Cephalosporins__West Midlands,lstm
2021-12-01,12.39,False,E-coli__Third Generation Cephalosporins__West Midlands,lstm
2022-01-01,11.16,False,E-coli__Third Generation Cephalosporins__West Midlands,lstm
2022-02-01,10.36,False,E-coli__Third Generation Cephalosporins__West Midlands,lstm
2022-03-01,10.53,False,E-coli__Third Generation Cephalosporins__West Midlands,lstm
2022-04-01,11.76,False,E-coli__Third Generation Cephalosporins__West Midlands,lstm
2022-05-01,12.22,False,E-coli__Third Generation Cephalosporins__West Midlands,lstm
2022-06-01,12.31,False,E-coli__Third Generation Cephalosporins__West Midlands,lstm
2022-07-01,12.11,False,E-coli__Third Generation Cephalosporins__West Midlands,lstm
2022-08-01,12.88,False,E-coli__Third Generation Cephalosporins__West Midlands,lstm
2022-09-01,13.37,False,E-coli__Third Generation Cephalosporins__West Midlands,lstm
2022-10-01,13.96,False,E-coli__Third Generation Cephalosporins__West Midlands,lstm
2022-11-01,14.79,False,E-coli__Third Generation Cephalosporins__West Midlands,lstm
2022-12-01,15.68,False,E-coli__Third Generation Cephalosporins__West Midlands,lstm
2023-01-01,14.91,False,E-coli__Third Generation Cephalosporins__West Midlands,lstm
2023-02-01,13.42,False,E-coli__Third Generation Cephalosporins__West Midlands,lstm
2023-03-01,12.71,False,E-coli__Third Generation Cephalosporins__West Midlands,lstm
2023-04-01,13.63,False,E-coli__Third Generation Cephalosporins__West Midlands,lstm
2023-05-01,13.56,False,E-coli__Third Generation Cephalosporins__West Midlands,lstm
2023-06-01,13.72,False,E-coli__Third Generation Cephalosporins__West Midlands,lstm
2023-07-01,13.31,False,E-coli__Third Generation Cephalosporins__West Midlands,lstm
2023-08-01,14.09,False,E-coli__Third Generation Cephalosporins__West Midlands,lstm
2023-09-01,14.58,False,E-coli__Third Generation Cephalosporins__West Midlands,lstm
2023-10-01,14.79,False,E-coli__Third Generation Cephalosporins__West Midlands,lstm
2023-11-01,14.95,False,E-coli__Third Generation Cephalosporins__West Midlands,lstm
2023-12-01,15.449999999999998,False,E-coli__Third Generation Cephalosporins__West Midlands,lstm
2024-01-01,14.87,False,E-coli__Third Generation Cephalosporins__West Midlands,lstm
2024-02-01,15.2,False,E-coli__Third Generation Cephalosporins__West Midlands,lstm
2024-03-01,14.74,False,E-coli__Third Generation Cephalosporins__West Midlands,lstm
2024-04-01,15.420000000000002,False,E-coli__Third Generation Cephalosporins__West Midlands,lstm
2024-05-01,15.61,False,E-coli__Third Generation Cephalosporins__West Midlands,lstm
2024-06-01,15.36,False,E-coli__Third Generation Cephalosporins__West Midlands,lstm
2024-07-01,15.19,False,E-coli__Third Generation Cephalosporins__West Midlands,lstm
2024-08-01,14.83,False,E-coli__Third Generation Cephalosporins__West Midlands,lstm
2024-09-01,14.6,False,E-coli__Third Generation Cephalosporins__West Midlands,lstm
2024-10-01,15.3,False,E-coli__Third Generation Cephalosporins__West Midlands,lstm
2024-11-01,16.23,False,E-coli__Third Generation Cephalosporins__West Midlands,lstm
2024-12-01,17.64,False,E-coli__Third Generation Cephalosporins__West Midlands,lstm
2025-01-01,18.45,False,E-coli__Third Generation Cephalosporins__West Midlands,lstm
2025-02-01,17.99,False,E-coli__Third Generation Cephalosporins__West Midlands,lstm
2025-03-01,17.79,False,E-coli__Third Generation Cephalosporins__West Midlands,lstm
2025-04-01,17.34,False,E-coli__Third Generation Cephalosporins__West Midlands,lstm
2025-05-01,16.71,False,E-coli__Third Generation Cephalosporins__West Midlands,lstm
2025-06-01,16.2,False,E-coli__Third Generation Cephalosporins__West Midlands,lstm
2025-07-01,15.264334079839227,True,E-coli__Third Generation Cephalosporins__West Midlands,lstm
2025-08-01,15.734237698154653,True,E-coli__Third Generation Cephalosporins__West Midlands,lstm
2025-09-01,16.1370092282969,True,E-coli__Third Generation Cephalosporins__West Midlands,lstm
2025-10-01,16.4298213785733,True,E-coli__Third Generation Cephalosporins__West Midlands,lstm
2025-11-01,16.563251379497025,True,E-coli__Third Generation Cephalosporins__West Midlands,lstm
2025-12-01,16.542825657684375,True,E-coli__Third Generation Cephalosporins__West Midlands,lstm
2020-10-01,12.54,False,E-coli__Third Generation Cephalosporins__Yorkshire and Humber,lstm
2020-11-01,12.41,False,E-coli__Third Generation Cephalosporins__Yorkshire and Humber,lstm
2020-12-01,12.61,False,E-coli__Third Generation Cephalosporins__Yorkshire and Humber,lstm
2021-01-01,10.96,False,E-coli__Third Generation Cephalosporins__Yorkshire and Humber,lstm
2021-02-01,12.94,False,E-coli__Third Generation Cephalosporins__Yorkshire and Humber,lstm
2021-03-01,13.9,False,E-coli__Third Generation Cephalosporins__Yorkshire and Humber,lstm
2021-04-01,14.56,False,E-coli__Third Generation Cephalosporins__Yorkshire and Humber,lstm
2021-05-01,12.9,False,E-coli__Third Generation Cephalosporins__Yorkshire and Humber,lstm
2021-06-01,12.71,False,E-coli__Third Generation Cephalosporins__Yorkshire and Humber,lstm
2021-07-01,13.01,False,E-coli__Third Generation Cephalosporins__Yorkshire and Humber,lstm
2021-08-01,13.47,False,E-coli__Third Generation Cephalosporins__Yorkshire and Humber,lstm
2021-09-01,13.8,False,E-coli__Third Generation Cephalosporins__Yorkshire and Humber,lstm
2021-10-01,13.66,False,E-coli__Third Generation Cephalosporins__Yorkshire and Humber,lstm
2021-11-01,14.46,False,E-coli__Third Generation Cephalosporins__Yorkshire and Humber,lstm
2021-12-01,13.33,False,E-coli__Third Generation Cephalosporins__Yorkshire and Humber,lstm
2022-01-01,13.42,False,E-coli__Third Generation Cephalosporins__Yorkshire and Humber,lstm
2022-02-01,11.73,False,E-coli__Third Generation Cephalosporins__Yorkshire and Humber,lstm
2022-03-01,11.79,False,E-coli__Third Generation Cephalosporins__Yorkshire and Humber,lstm
2022-04-01,11.46,False,E-coli__Third Generation Cephalosporins__Yorkshire and Humber,lstm
2022-05-01,12.33,False,E-coli__Third Generation Cephalosporins__Yorkshire and Humber,lstm
2022-06-01,14.16,False,E-coli__Third Generation Cephalosporins__Yorkshire and Humber,lstm
2022-07-01,14.98,False,E-coli__Third Generation Cephalosporins__Yorkshire and Humber,lstm
2022-08-01,15.53,False,E-coli__Third Generation Cephalosporins__Yorkshire and Humber,lstm
2022-09-01,14.4,False,E-coli__Third Generation Cephalosporins__Yorkshire and Humber,lstm
2022-10-01,14.52,False,E-coli__Third Generation Cephalosporins__Yorkshire and Humber,lstm
2022-11-01,14.33,False,E-coli__Third Generation Cephalosporins__Yorkshire and Humber,lstm
2022-12-01,15.509999999999998,False,E-coli__Third Generation Cephalosporins__Yorkshire and Humber,lstm
2023-01-01,15.92,False,E-coli__Third Generation Cephalosporins__Yorkshire and Humber,lstm
2023-02-01,15.97,False,E-coli__Third Generation Cephalosporins__Yorkshire and Humber,lstm
2023-03-01,15.570000000000002,False,E-coli__Third Generation Cephalosporins__Yorkshire and Humber,lstm
2023-04-01,15.809999999999999,False,E-coli__Third Generation Cephalosporins__Yorkshire and Humber,lstm
2023-05-01,16.02,False,E-coli__Third Generation Cephalosporins__Yorkshire and Humber,lstm
2023-06-01,15.11,False,E-coli__Third Generation Cephalosporins__Yorkshire and Humber,lstm
2023-07-01,15.46,False,E-coli__Third Generation Cephalosporins__Yorkshire and Humber,lstm
2023-08-01,14.78,False,E-coli__Third Generation Cephalosporins__Yorkshire and Humber,lstm
2023-09-01,15.34,False,E-coli__Third Generation Cephalosporins__Yorkshire and Humber,lstm
2023-10-01,14.4,False,E-coli__Third Generation Cephalosporins__Yorkshire and Humber,lstm
2023-11-01,15.429999999999998,False,E-coli__Third Generation Cephalosporins__Yorkshire and Humber,lstm
2023-12-01,16.05,False,E-coli__Third Generation Cephalosporins__Yorkshire and Humber,lstm
2024-01-01,15.64,False,E-coli__Third Generation Cephalosporins__Yorkshire and Humber,lstm
2024-02-01,15.400000000000002,False,E-coli__Third Generation Cephalosporins__Yorkshire and Humber,lstm
2024-03-01,16.47,False,E-coli__Third Generation Cephalosporins__Yorkshire and Humber,lstm
2024-04-01,16.84,False,E-coli__Third Generation Cephalosporins__Yorkshire and Humber,lstm
2024-05-01,16.32,False,E-coli__Third Generation Cephalosporins__Yorkshire and Humber,lstm
2024-06-01,14.63,False,E-coli__Third Generation Cephalosporins__Yorkshire and Humber,lstm
2024-07-01,14.55,False,E-coli__Third Generation Cephalosporins__Yorkshire and Humber,lstm
2024-08-01,15.42,False,E-coli__Third Generation Cephalosporins__Yorkshire and Humber,lstm
2024-09-01,15.16,False,E-coli__Third Generation Cephalosporins__Yorkshire and Humber,lstm
2024-10-01,17.1,False,E-coli__Third Generation Cephalosporins__Yorkshire and Humber,lstm
2024-11-01,17.75,False,E-coli__Third Generation Cephalosporins__Yorkshire and Humber,lstm
2024-12-01,18.62,False,E-coli__Third Generation Cephalosporins__Yorkshire and Humber,lstm
2025-01-01,16.91,False,E-coli__Third Generation Cephalosporins__Yorkshire and Humber,lstm
2025-02-01,15.72,False,E-coli__Third Generation Cephalosporins__Yorkshire and Humber,lstm
2025-03-01,15.75,False,E-coli__Third Generation Cephalosporins__Yorkshire and Humber,lstm
2025-04-01,17.57,False,E-coli__Third Generation Cephalosporins__Yorkshire and Humber,lstm
2025-05-01,17.53,False,E-coli__Third Generation Cephalosporins__Yorkshire and Humber,lstm
2025-06-01,17.13,False,E-coli__Third Generation Cephalosporins__Yorkshire and Humber,lstm
2025-07-01,15.959985871799503,True,E-coli__Third Generation Cephalosporins__Yorkshire and Humber,lstm
2025-08-01,16.142848778164325,True,E-coli__Third Generation Cephalosporins__Yorkshire and Humber,lstm
2025-09-01,16.239343707559478,True,E-coli__Third Generation Cephalosporins__Yorkshire and Humber,lstm
2025-10-01,16.331562192165322,True,E-coli__Third Generation Cephalosporins__Yorkshire and Humber,lstm
2025-11-01,16.337337055193494,True,E-coli__Third Generation Cephalosporins__Yorkshire and Humber,lstm
2025-12-01,16.246827266602256,True,E-coli__Third Generation Cephalosporins__Yorkshire and Humber,lstm
2020-08-01,0.0,False,K-pneumoniae__Amikacin__East Midlands,lstm
2020-09-01,0.89,False,K-pneumoniae__Amikacin__East Midlands,lstm
2020-10-01,1.7399999999999998,False,K-pneumoniae__Amikacin__East Midlands,lstm
2020-11-01,1.6399999999999997,False,K-pneumoniae__Amikacin__East Midlands,lstm
2020-12-01,1.6099999999999999,False,K-pneumoniae__Amikacin__East Midlands,lstm
2021-01-01,0.68,False,K-pneumoniae__Amikacin__East Midlands,lstm
2021-02-01,0.71,False,K-pneumoniae__Amikacin__East Midlands,lstm
2021-03-01,0.71,False,K-pneumoniae__Amikacin__East Midlands,lstm
2021-04-01,0.79,False,K-pneumoniae__Amikacin__East Midlands,lstm
2021-05-01,0.76,False,K-pneumoniae__Amikacin__East Midlands,lstm
2021-06-01,0.0,False,K-pneumoniae__Amikacin__East Midlands,lstm
2021-07-01,0.71,False,K-pneumoniae__Amikacin__East Midlands,lstm
2021-08-01,2.34,False,K-pneumoniae__Amikacin__East Midlands,lstm
2021-09-01,2.68,False,K-pneumoniae__Amikacin__East Midlands,lstm
2021-10-01,1.55,False,K-pneumoniae__Amikacin__East Midlands,lstm
2021-11-01,0.74,False,K-pneumoniae__Amikacin__East Midlands,lstm
2021-12-01,0.73,False,K-pneumoniae__Amikacin__East Midlands,lstm
2022-01-01,1.83,False,K-pneumoniae__Amikacin__East Midlands,lstm
2022-02-01,1.0,False,K-pneumoniae__Amikacin__East Midlands,lstm
2022-03-01,1.05,False,K-pneumoniae__Amikacin__East Midlands,lstm
2022-04-01,0.0,False,K-pneumoniae__Amikacin__East Midlands,lstm
2022-05-01,0.88,False,K-pneumoniae__Amikacin__East Midlands,lstm
2022-06-01,0.79,False,K-pneumoniae__Amikacin__East Midlands,lstm
2022-07-01,2.36,False,K-pneumoniae__Amikacin__East Midlands,lstm
2022-08-01,2.26,False,K-pneumoniae__Amikacin__East Midlands,lstm
2022-09-01,2.16,False,K-pneumoniae__Amikacin__East Midlands,lstm
2022-10-01,0.75,False,K-pneumoniae__Amikacin__East Midlands,lstm
2022-11-01,0.0,False,K-pneumoniae__Amikacin__East Midlands,lstm
2022-12-01,0.0,False,K-pneumoniae__Amikacin__East Midlands,lstm
2023-01-01,0.78,False,K-pneumoniae__Amikacin__East Midlands,lstm
2023-02-01,0.8100000000000002,False,K-pneumoniae__Amikacin__East Midlands,lstm
2023-03-01,1.82,False,K-pneumoniae__Amikacin__East Midlands,lstm
2023-04-01,0.76,False,K-pneumoniae__Amikacin__East Midlands,lstm
2023-05-01,1.45,False,K-pneumoniae__Amikacin__East Midlands,lstm
2023-06-01,1.41,False,K-pneumoniae__Amikacin__East Midlands,lstm
2023-07-01,2.36,False,K-pneumoniae__Amikacin__East Midlands,lstm
2023-08-01,1.6099999999999999,False,K-pneumoniae__Amikacin__East Midlands,lstm
2023-09-01,0.75,False,K-pneumoniae__Amikacin__East Midlands,lstm
2023-10-01,0.0,False,K-pneumoniae__Amikacin__East Midlands,lstm
2023-11-01,0.0,False,K-pneumoniae__Amikacin__East Midlands,lstm
2023-12-01,2.07,False,K-pneumoniae__Amikacin__East Midlands,lstm
2024-01-01,2.26,False,K-pneumoniae__Amikacin__East Midlands,lstm
2024-02-01,2.29,False,K-pneumoniae__Amikacin__East Midlands,lstm
2024-03-01,0.0,False,K-pneumoniae__Amikacin__East Midlands,lstm
2024-04-01,1.45,False,K-pneumoniae__Amikacin__East Midlands,lstm
2024-05-01,2.24,False,K-pneumoniae__Amikacin__East Midlands,lstm
2024-06-01,3.17,False,K-pneumoniae__Amikacin__East Midlands,lstm
2024-07-01,1.6099999999999999,False,K-pneumoniae__Amikacin__East Midlands,lstm
2024-08-01,2.44,False,K-pneumoniae__Amikacin__East Midlands,lstm
2024-09-01,1.5,False,K-pneumoniae__Amikacin__East Midlands,lstm
2024-10-01,1.47,False,K-pneumoniae__Amikacin__East Midlands,lstm
2024-11-01,0.71,False,K-pneumoniae__Amikacin__East Midlands,lstm
2024-12-01,1.36,False,K-pneumoniae__Amikacin__East Midlands,lstm
2025-01-01,1.9699999999999998,False,K-pneumoniae__Amikacin__East Midlands,lstm
2025-02-01,1.35,False,K-pneumoniae__Amikacin__East Midlands,lstm
2025-03-01,2.13,False,K-pneumoniae__Amikacin__East Midlands,lstm
2025-04-01,1.47,False,K-pneumoniae__Amikacin__East Midlands,lstm
2025-05-01,1.45,False,K-pneumoniae__Amikacin__East Midlands,lstm
2025-06-01,0.0,False,K-pneumoniae__Amikacin__East Midlands,lstm
2025-07-01,1.848609229152886,True,K-pneumoniae__Amikacin__East Midlands,lstm
2025-08-01,1.7963399056757756,True,K-pneumoniae__Amikacin__East Midlands,lstm
2025-09-01,1.6962254844191276,True,K-pneumoniae__Amikacin__East Midlands,lstm
2025-10-01,1.5278858483458233,True,K-pneumoniae__Amikacin__East Midlands,lstm
2025-11-01,1.363068725907675,True,K-pneumoniae__Amikacin__East Midlands,lstm
2025-12-01,1.1922474850650515,True,K-pneumoniae__Amikacin__East Midlands,lstm
2020-08-01,0.64,False,K-pneumoniae__Amikacin__East of England,lstm
2020-09-01,1.23,False,K-pneumoniae__Amikacin__East of England,lstm
2020-10-01,0.61,False,K-pneumoniae__Amikacin__East of England,lstm
2020-11-01,1.37,False,K-pneumoniae__Amikacin__East of England,lstm
2020-12-01,1.42,False,K-pneumoniae__Amikacin__East of England,lstm
2021-01-01,1.29,False,K-pneumoniae__Amikacin__East of England,lstm
2021-02-01,1.19,False,K-pneumoniae__Amikacin__East of England,lstm
2021-03-01,0.58,False,K-pneumoniae__Amikacin__East of England,lstm
2021-04-01,0.66,False,K-pneumoniae__Amikacin__East of England,lstm
2021-05-01,0.0,False,K-pneumoniae__Amikacin__East of England,lstm
2021-06-01,0.0,False,K-pneumoniae__Amikacin__East of England,lstm
2021-07-01,1.23,False,K-pneumoniae__Amikacin__East of England,lstm
2021-08-01,2.4,False,K-pneumoniae__Amikacin__East of England,lstm
2021-09-01,4.29,False,K-pneumoniae__Amikacin__East of England,lstm
2021-10-01,3.75,False,K-pneumoniae__Amikacin__East of England,lstm
2021-11-01,2.86,False,K-pneumoniae__Amikacin__East of England,lstm
2021-12-01,1.88,False,K-pneumoniae__Amikacin__East of England,lstm
2022-01-01,1.84,False,K-pneumoniae__Amikacin__East of England,lstm
2022-02-01,2.58,False,K-pneumoniae__Amikacin__East of England,lstm
2022-03-01,1.85,False,K-pneumoniae__Amikacin__East of England,lstm
2022-04-01,1.95,False,K-pneumoniae__Amikacin__East of England,lstm
2022-05-01,0.67,False,K-pneumoniae__Amikacin__East of England,lstm
2022-06-01,0.6499999999999999,False,K-pneumoniae__Amikacin__East of England,lstm
2022-07-01,0.0,False,K-pneumoniae__Amikacin__East of England,lstm
2022-08-01,0.61,False,K-pneumoniae__Amikacin__East of England,lstm
2022-09-01,0.57,False,K-pneumoniae__Amikacin__East of England,lstm
2022-10-01,1.75,False,K-pneumoniae__Amikacin__East of England,lstm
2022-11-01,1.71,False,K-pneumoniae__Amikacin__East of England,lstm
2022-12-01,2.96,False,K-pneumoniae__Amikacin__East of England,lstm
2023-01-01,2.23,False,K-pneumoniae__Amikacin__East of England,lstm
2023-02-01,2.41,False,K-pneumoniae__Amikacin__East of England,lstm
2023-03-01,1.88,False,K-pneumoniae__Amikacin__East of England,lstm
2023-04-01,1.23,False,K-pneumoniae__Amikacin__East of England,lstm
2023-05-01,1.7000000000000002,False,K-pneumoniae__Amikacin__East of England,lstm
2023-06-01,3.06,False,K-pneumoniae__Amikacin__East of England,lstm
2023-07-01,3.83,False,K-pneumoniae__Amikacin__East of England,lstm
2023-08-01,3.59,False,K-pneumoniae__Amikacin__East of England,lstm
2023-09-01,2.27,False,K-pneumoniae__Amikacin__East of England,lstm
2023-10-01,1.73,False,K-pneumoniae__Amikacin__East of England,lstm
2023-11-01,1.2999999999999998,False,K-pneumoniae__Amikacin__East of England,lstm
2023-12-01,0.89,False,K-pneumoniae__Amikacin__East of England,lstm
2024-01-01,0.5,False,K-pneumoniae__Amikacin__East of England,lstm
2024-02-01,2.13,False,K-pneumoniae__Amikacin__East of England,lstm
2024-03-01,2.5999999999999996,False,K-pneumoniae__Amikacin__East of England,lstm
2024-04-01,3.3,False,K-pneumoniae__Amikacin__East of England,lstm
2024-05-01,1.61,False,K-pneumoniae__Amikacin__East of England,lstm
2024-06-01,1.66,False,K-pneumoniae__Amikacin__East of England,lstm
2024-07-01,2.88,False,K-pneumoniae__Amikacin__East of England,lstm
2024-08-01,2.09,False,K-pneumoniae__Amikacin__East of England,lstm
2024-09-01,2.76,False,K-pneumoniae__Amikacin__East of England,lstm
2024-10-01,1.61,False,K-pneumoniae__Amikacin__East of England,lstm
2024-11-01,4.0,False,K-pneumoniae__Amikacin__East of England,lstm
2024-12-01,3.98,False,K-pneumoniae__Amikacin__East of England,lstm
2025-01-01,4.44,False,K-pneumoniae__Amikacin__East of England,lstm
2025-02-01,3.35,False,K-pneumoniae__Amikacin__East of England,lstm
2025-03-01,2.99,False,K-pneumoniae__Amikacin__East of England,lstm
2025-04-01,3.24,False,K-pneumoniae__Amikacin__East of England,lstm
2025-05-01,3.17,False,K-pneumoniae__Amikacin__East of England,lstm
2025-06-01,3.45,False,K-pneumoniae__Amikacin__East of England,lstm
2025-07-01,2.3411387093213776,True,K-pneumoniae__Amikacin__East of England,lstm
2025-08-01,2.4578020130980422,True,K-pneumoniae__Amikacin__East of England,lstm
2025-09-01,2.5378095881788374,True,K-pneumoniae__Amikacin__East of England,lstm
2025-10-01,2.587210372390663,True,K-pneumoniae__Amikacin__East of England,lstm
2025-11-01,2.5886368968377966,True,K-pneumoniae__Amikacin__East of England,lstm
2025-12-01,2.5501965332777012,True,K-pneumoniae__Amikacin__East of England,lstm
2020-08-01,2.16,False,K-pneumoniae__Amikacin__London,lstm
2020-09-01,1.29,False,K-pneumoniae__Amikacin__London,lstm
2020-10-01,1.21,False,K-pneumoniae__Amikacin__London,lstm
2020-11-01,1.59,False,K-pneumoniae__Amikacin__London,lstm
2020-12-01,2.92,False,K-pneumoniae__Amikacin__London,lstm
2021-01-01,2.24,False,K-pneumoniae__Amikacin__London,lstm
2021-02-01,1.7400000000000002,False,K-pneumoniae__Amikacin__London,lstm
2021-03-01,1.71,False,K-pneumoniae__Amikacin__London,lstm
2021-04-01,2.38,False,K-pneumoniae__Amikacin__London,lstm
2021-05-01,4.56,False,K-pneumoniae__Amikacin__London,lstm
2021-06-01,3.19,False,K-pneumoniae__Amikacin__London,lstm
2021-07-01,3.19,False,K-pneumoniae__Amikacin__London,lstm
2021-08-01,2.1,False,K-pneumoniae__Amikacin__London,lstm
2021-09-01,2.57,False,K-pneumoniae__Amikacin__London,lstm
2021-10-01,3.37,False,K-pneumoniae__Amikacin__London,lstm
2021-11-01,4.6,False,K-pneumoniae__Amikacin__London,lstm
2021-12-01,5.33,False,K-pneumoniae__Amikacin__London,lstm
2022-01-01,7.07,False,K-pneumoniae__Amikacin__London,lstm
2022-02-01,6.55,False,K-pneumoniae__Amikacin__London,lstm
2022-03-01,6.55,False,K-pneumoniae__Amikacin__London,lstm
2022-04-01,4.26,False,K-pneumoniae__Amikacin__London,lstm
2022-05-01,3.42,False,K-pneumoniae__Amikacin__London,lstm
2022-06-01,2.9700000000000006,False,K-pneumoniae__Amikacin__London,lstm
2022-07-01,3.9400000000000004,False,K-pneumoniae__Amikacin__London,lstm
2022-08-01,4.95,False,K-pneumoniae__Amikacin__London,lstm
2022-09-01,8.0,False,K-pneumoniae__Amikacin__London,lstm
2022-10-01,6.28,False,K-pneumoniae__Amikacin__London,lstm
2022-11-01,6.03,False,K-pneumoniae__Amikacin__London,lstm
2022-12-01,2.39,False,K-pneumoniae__Amikacin__London,lstm
2023-01-01,3.4,False,K-pneumoniae__Amikacin__London,lstm
2023-02-01,2.55,False,K-pneumoniae__Amikacin__London,lstm
2023-03-01,3.4,False,K-pneumoniae__Amikacin__London,lstm
2023-04-01,3.56,False,K-pneumoniae__Amikacin__London,lstm
2023-05-01,3.57,False,K-pneumoniae__Amikacin__London,lstm
2023-06-01,4.47,False,K-pneumoniae__Amikacin__London,lstm
2023-07-01,3.6,False,K-pneumoniae__Amikacin__London,lstm
2023-08-01,3.7600000000000002,False,K-pneumoniae__Amikacin__London,lstm
2023-09-01,3.21,False,K-pneumoniae__Amikacin__London,lstm
2023-10-01,3.44,False,K-pneumoniae__Amikacin__London,lstm
2023-11-01,3.1,False,K-pneumoniae__Amikacin__London,lstm
2023-12-01,3.1800000000000006,False,K-pneumoniae__Amikacin__London,lstm
2024-01-01,3.15,False,K-pneumoniae__Amikacin__London,lstm
2024-02-01,4.9,False,K-pneumoniae__Amikacin__London,lstm
2024-03-01,4.86,False,K-pneumoniae__Amikacin__London,lstm
2024-04-01,4.26,False,K-pneumoniae__Amikacin__London,lstm
2024-05-01,3.36,False,K-pneumoniae__Amikacin__London,lstm
2024-06-01,4.49,False,K-pneumoniae__Amikacin__London,lstm
2024-07-01,5.56,False,K-pneumoniae__Amikacin__London,lstm
2024-08-01,5.88,False,K-pneumoniae__Amikacin__London,lstm
2024-09-01,4.84,False,K-pneumoniae__Amikacin__London,lstm
2024-10-01,5.14,False,K-pneumoniae__Amikacin__London,lstm
2024-11-01,4.35,False,K-pneumoniae__Amikacin__London,lstm
2024-12-01,4.72,False,K-pneumoniae__Amikacin__London,lstm
2025-01-01,4.04,False,K-pneumoniae__Amikacin__London,lstm
2025-02-01,5.14,False,K-pneumoniae__Amikacin__London,lstm
2025-03-01,4.26,False,K-pneumoniae__Amikacin__London,lstm
2025-04-01,4.1,False,K-pneumoniae__Amikacin__London,lstm
2025-05-01,2.93,False,K-pneumoniae__Amikacin__London,lstm
2025-06-01,2.45,False,K-pneumoniae__Amikacin__London,lstm
2025-07-01,4.4010840143217065,True,K-pneumoniae__Amikacin__London,lstm
2025-08-01,4.610731356774792,True,K-pneumoniae__Amikacin__London,lstm
2025-09-01,4.722668108702455,True,K-pneumoniae__Amikacin__London,lstm
2025-10-01,4.741056051345451,True,K-pneumoniae__Amikacin__London,lstm
2025-11-01,4.634016412148975,True,K-pneumoniae__Amikacin__London,lstm
2025-12-01,4.453443566166513,True,K-pneumoniae__Amikacin__London,lstm
2020-08-01,0.0,False,K-pneumoniae__Amikacin__North East,lstm
2020-09-01,0.0,False,K-pneumoniae__Amikacin__North East,lstm
2020-10-01,0.0,False,K-pneumoniae__Amikacin__North East,lstm
2020-11-01,0.0,False,K-pneumoniae__Amikacin__North East,lstm
2020-12-01,0.0,False,K-pneumoniae__Amikacin__North East,lstm
2021-01-01,0.0,False,K-pneumoniae__Amikacin__North East,lstm
2021-02-01,0.0,False,K-pneumoniae__Amikacin__North East,lstm
2021-03-01,0.0,False,K-pneumoniae__Amikacin__North East,lstm
2021-04-01,0.0,False,K-pneumoniae__Amikacin__North East,lstm
2021-05-01,0.0,False,K-pneumoniae__Amikacin__North East,lstm
2021-06-01,0.0,False,K-pneumoniae__Amikacin__North East,lstm
2021-07-01,4.76,False,K-pneumoniae__Amikacin__North East,lstm
2021-08-01,5.000000000000001,False,K-pneumoniae__Amikacin__North East,lstm
2021-09-01,4.35,False,K-pneumoniae__Amikacin__North East,lstm
2021-10-01,4.0,False,K-pneumoniae__Amikacin__North East,lstm
2021-11-01,4.17,False,K-pneumoniae__Amikacin__North East,lstm
2021-12-01,4.17,False,K-pneumoniae__Amikacin__North East,lstm
2022-01-01,4.17,False,K-pneumoniae__Amikacin__North East,lstm
2022-02-01,7.41,False,K-pneumoniae__Amikacin__North East,lstm
2022-03-01,5.5600000000000005,False,K-pneumoniae__Amikacin__North East,lstm
2022-04-01,6.98,False,K-pneumoniae__Amikacin__North East,lstm
2022-05-01,6.82,False,K-pneumoniae__Amikacin__North East,lstm
2022-06-01,9.09,False,K-pneumoniae__Amikacin__North East,lstm
2022-07-01,4.35,False,K-pneumoniae__Amikacin__North East,lstm
2022-08-01,5.36,False,K-pneumoniae__Amikacin__North East,lstm
2022-09-01,6.56,False,K-pneumoniae__Amikacin__North East,lstm
2022-10-01,9.26,False,K-pneumoniae__Amikacin__North East,lstm
2022-11-01,6.67,False,K-pneumoniae__Amikacin__North East,lstm
2022-12-01,7.02,False,K-pneumoniae__Amikacin__North East,lstm
2023-01-01,5.45,False,K-pneumoniae__Amikacin__North East,lstm
2023-02-01,4.35,False,K-pneumoniae__Amikacin__North East,lstm
2023-03-01,0.0,False,K-pneumoniae__Amikacin__North East,lstm
2023-04-01,0.0,False,K-pneumoniae__Amikacin__North East,lstm
2023-05-01,0.0,False,K-pneumoniae__Amikacin__North East,lstm
2023-06-01,5.13,False,K-pneumoniae__Amikacin__North East,lstm
2023-07-01,4.65,False,K-pneumoniae__Amikacin__North East,lstm
2023-08-01,4.88,False,K-pneumoniae__Amikacin__North East,lstm
2023-09-01,2.5000000000000004,False,K-pneumoniae__Amikacin__North East,lstm
2023-10-01,2.13,False,K-pneumoniae__Amikacin__North East,lstm
2023-11-01,2.17,False,K-pneumoniae__Amikacin__North East,lstm
2023-12-01,2.56,False,K-pneumoniae__Amikacin__North East,lstm
2024-01-01,3.45,False,K-pneumoniae__Amikacin__North East,lstm
2024-02-01,3.33,False,K-pneumoniae__Amikacin__North East,lstm
2024-03-01,0.0,False,K-pneumoniae__Amikacin__North East,lstm
2024-04-01,3.23,False,K-pneumoniae__Amikacin__North East,lstm
2024-05-01,9.38,False,K-pneumoniae__Amikacin__North East,lstm
2024-06-01,7.889999999999999,False,K-pneumoniae__Amikacin__North East,lstm
2024-07-01,3.85,False,K-pneumoniae__Amikacin__North East,lstm
2024-08-01,1.56,False,K-pneumoniae__Amikacin__North East,lstm
2024-09-01,1.4900000000000002,False,K-pneumoniae__Amikacin__North East,lstm
2024-10-01,1.52,False,K-pneumoniae__Amikacin__North East,lstm
2024-11-01,1.7899999999999998,False,K-pneumoniae__Amikacin__North East,lstm
2024-12-01,3.92,False,K-pneumoniae__Amikacin__North East,lstm
2025-01-01,8.89,False,K-pneumoniae__Amikacin__North East,lstm
2025-02-01,9.76,False,K-pneumoniae__Amikacin__North East,lstm
2025-03-01,7.319999999999999,False,K-pneumoniae__Amikacin__North East,lstm
2025-04-01,2.5000000000000004,False,K-pneumoniae__Amikacin__North East,lstm
2025-05-01,2.22,False,K-pneumoniae__Amikacin__North East,lstm
2025-06-01,5.000000000000001,False,K-pneumoniae__Amikacin__North East,lstm
2025-07-01,4.580747395245578,True,K-pneumoniae__Amikacin__North East,lstm
2025-08-01,4.964765209023424,True,K-pneumoniae__Amikacin__North East,lstm
2025-09-01,5.114960795016482,True,K-pneumoniae__Amikacin__North East,lstm
2025-10-01,4.964603735906202,True,K-pneumoniae__Amikacin__North East,lstm
2025-11-01,4.7664657008089995,True,K-pneumoniae__Amikacin__North East,lstm
2025-12-01,4.7133817311352715,True,K-pneumoniae__Amikacin__North East,lstm
2020-08-01,2.27,False,K-pneumoniae__Amikacin__North West,lstm
2020-09-01,1.4,False,K-pneumoniae__Amikacin__North West,lstm
2020-10-01,0.0,False,K-pneumoniae__Amikacin__North West,lstm
2020-11-01,0.61,False,K-pneumoniae__Amikacin__North West,lstm
2020-12-01,0.69,False,K-pneumoniae__Amikacin__North West,lstm
2021-01-01,0.7100000000000001,False,K-pneumoniae__Amikacin__North West,lstm
2021-02-01,0.7599999999999999,False,K-pneumoniae__Amikacin__North West,lstm
2021-03-01,0.6599999999999999,False,K-pneumoniae__Amikacin__North West,lstm
2021-04-01,1.38,False,K-pneumoniae__Amikacin__North West,lstm
2021-05-01,0.69,False,K-pneumoniae__Amikacin__North West,lstm
2021-06-01,1.56,False,K-pneumoniae__Amikacin__North West,lstm
2021-07-01,2.38,False,K-pneumoniae__Amikacin__North West,lstm
2021-08-01,3.2,False,K-pneumoniae__Amikacin__North West,lstm
2021-09-01,3.8799999999999994,False,K-pneumoniae__Amikacin__North West,lstm
2021-10-01,2.96,False,K-pneumoniae__Amikacin__North West,lstm
2021-11-01,3.77,False,K-pneumoniae__Amikacin__North West,lstm
2021-12-01,3.1100000000000003,False,K-pneumoniae__Amikacin__North West,lstm
2022-01-01,3.27,False,K-pneumoniae__Amikacin__North West,lstm
2022-02-01,3.12,False,K-pneumoniae__Amikacin__North West,lstm
2022-03-01,2.21,False,K-pneumoniae__Amikacin__North West,lstm
2022-04-01,2.05,False,K-pneumoniae__Amikacin__North West,lstm
2022-05-01,1.2,False,K-pneumoniae__Amikacin__North West,lstm
2022-06-01,1.3199999999999998,False,K-pneumoniae__Amikacin__North West,lstm
2022-07-01,0.75,False,K-pneumoniae__Amikacin__North West,lstm
2022-08-01,0.0,False,K-pneumoniae__Amikacin__North West,lstm
2022-09-01,0.0,False,K-pneumoniae__Amikacin__North West,lstm
2022-10-01,1.69,False,K-pneumoniae__Amikacin__North West,lstm
2022-11-01,3.4800000000000004,False,K-pneumoniae__Amikacin__North West,lstm
2022-12-01,3.59,False,K-pneumoniae__Amikacin__North West,lstm
2023-01-01,2.29,False,K-pneumoniae__Amikacin__North West,lstm
2023-02-01,0.0,False,K-pneumoniae__Amikacin__North West,lstm
2023-03-01,0.68,False,K-pneumoniae__Amikacin__North West,lstm
2023-04-01,1.9399999999999997,False,K-pneumoniae__Amikacin__North West,lstm
2023-05-01,2.53,False,K-pneumoniae__Amikacin__North West,lstm
2023-06-01,1.68,False,K-pneumoniae__Amikacin__North West,lstm
2023-07-01,0.56,False,K-pneumoniae__Amikacin__North West,lstm
2023-08-01,0.58,False,K-pneumoniae__Amikacin__North West,lstm
2023-09-01,1.13,False,K-pneumoniae__Amikacin__North West,lstm
2023-10-01,2.62,False,K-pneumoniae__Amikacin__North West,lstm
2023-11-01,2.9100000000000006,False,K-pneumoniae__Amikacin__North West,lstm
2023-12-01,2.9100000000000006,False,K-pneumoniae__Amikacin__North West,lstm
2024-01-01,1.5199999999999998,False,K-pneumoniae__Amikacin__North West,lstm
2024-02-01,1.9899999999999998,False,K-pneumoniae__Amikacin__North West,lstm
2024-03-01,1.9399999999999997,False,K-pneumoniae__Amikacin__North West,lstm
2024-04-01,2.93,False,K-pneumoniae__Amikacin__North West,lstm
2024-05-01,3.43,False,K-pneumoniae__Amikacin__North West,lstm
2024-06-01,3.8500000000000005,False,K-pneumoniae__Amikacin__North West,lstm
2024-07-01,3.27,False,K-pneumoniae__Amikacin__North West,lstm
2024-08-01,1.9,False,K-pneumoniae__Amikacin__North West,lstm
2024-09-01,1.9899999999999998,False,K-pneumoniae__Amikacin__North West,lstm
2024-10-01,2.58,False,K-pneumoniae__Amikacin__North West,lstm
2024-11-01,3.08,False,K-pneumoniae__Amikacin__North West,lstm
2024-12-01,3.3,False,K-pneumoniae__Amikacin__North West,lstm
2025-01-01,2.19,False,K-pneumoniae__Amikacin__North West,lstm
2025-02-01,2.26,False,K-pneumoniae__Amikacin__North West,lstm
2025-03-01,1.01,False,K-pneumoniae__Amikacin__North West,lstm
2025-04-01,2.41,False,K-pneumoniae__Amikacin__North West,lstm
2025-05-01,3.8,False,K-pneumoniae__Amikacin__North West,lstm
2025-06-01,4.9,False,K-pneumoniae__Amikacin__North West,lstm
2025-07-01,1.9685075312508555,True,K-pneumoniae__Amikacin__North West,lstm
2025-08-01,2.1077519078827764,True,K-pneumoniae__Amikacin__North West,lstm
2025-09-01,2.219434805812996,True,K-pneumoniae__Amikacin__North West,lstm
2025-10-01,2.3846144396341837,True,K-pneumoniae__Amikacin__North West,lstm
2025-11-01,2.520462264871939,True,K-pneumoniae__Amikacin__North West,lstm
2025-12-01,2.5713617150053785,True,K-pneumoniae__Amikacin__North West,lstm
2020-08-01,1.6799999999999997,False,K-pneumoniae__Amikacin__South East,lstm
2020-09-01,2.15,False,K-pneumoniae__Amikacin__South East,lstm
2020-10-01,1.48,False,K-pneumoniae__Amikacin__South East,lstm
2020-11-01,1.8299999999999998,False,K-pneumoniae__Amikacin__South East,lstm
2020-12-01,1.3,False,K-pneumoniae__Amikacin__South East,lstm
2021-01-01,0.87,False,K-pneumoniae__Amikacin__South East,lstm
2021-02-01,0.48,False,K-pneumoniae__Amikacin__South East,lstm
2021-03-01,0.9800000000000001,False,K-pneumoniae__Amikacin__South East,lstm
2021-04-01,2.19,False,K-pneumoniae__Amikacin__South East,lstm
2021-05-01,2.09,False,K-pneumoniae__Amikacin__South East,lstm
2021-06-01,1.6199999999999999,False,K-pneumoniae__Amikacin__South East,lstm
2021-07-01,0.96,False,K-pneumoniae__Amikacin__South East,lstm
2021-08-01,0.9800000000000001,False,K-pneumoniae__Amikacin__South East,lstm
2021-09-01,0.43,False,K-pneumoniae__Amikacin__South East,lstm
2021-10-01,0.45,False,K-pneumoniae__Amikacin__South East,lstm
2021-11-01,1.58,False,K-pneumoniae__Amikacin__South East,lstm
2021-12-01,1.6499999999999997,False,K-pneumoniae__Amikacin__South East,lstm
2022-01-01,1.31,False,K-pneumoniae__Amikacin__South East,lstm
2022-02-01,2.84,False,K-pneumoniae__Amikacin__South East,lstm
2022-03-01,5.26,False,K-pneumoniae__Amikacin__South East,lstm
2022-04-01,7.7299999999999995,False,K-pneumoniae__Amikacin__South East,lstm
2022-05-01,5.42,False,K-pneumoniae__Amikacin__South East,lstm
2022-06-01,3.26,False,K-pneumoniae__Amikacin__South East,lstm
2022-07-01,1.5499999999999998,False,K-pneumoniae__Amikacin__South East,lstm
2022-08-01,1.8400000000000003,False,K-pneumoniae__Amikacin__South East,lstm
2022-09-01,1.9600000000000002,False,K-pneumoniae__Amikacin__South East,lstm
2022-10-01,2.32,False,K-pneumoniae__Amikacin__South East,lstm
2022-11-01,3.14,False,K-pneumoniae__Amikacin__South East,lstm
2022-12-01,3.69,False,K-pneumoniae__Amikacin__South East,lstm
2023-01-01,2.52,False,K-pneumoniae__Amikacin__South East,lstm
2023-02-01,2.23,False,K-pneumoniae__Amikacin__South East,lstm
2023-03-01,2.19,False,K-pneumoniae__Amikacin__South East,lstm
2023-04-01,2.26,False,K-pneumoniae__Amikacin__South East,lstm
2023-05-01,1.7599999999999998,False,K-pneumoniae__Amikacin__South East,lstm
2023-06-01,1.36,False,K-pneumoniae__Amikacin__South East,lstm
2023-07-01,0.89,False,K-pneumoniae__Amikacin__South East,lstm
2023-08-01,1.59,False,K-pneumoniae__Amikacin__South East,lstm
2023-09-01,1.92,False,K-pneumoniae__Amikacin__South East,lstm
2023-10-01,2.14,False,K-pneumoniae__Amikacin__South East,lstm
2023-11-01,1.5399999999999998,False,K-pneumoniae__Amikacin__South East,lstm
2023-12-01,1.92,False,K-pneumoniae__Amikacin__South East,lstm
2024-01-01,2.42,False,K-pneumoniae__Amikacin__South East,lstm
2024-02-01,3.03,False,K-pneumoniae__Amikacin__South East,lstm
2024-03-01,1.72,False,K-pneumoniae__Amikacin__South East,lstm
2024-04-01,2.14,False,K-pneumoniae__Amikacin__South East,lstm
2024-05-01,1.94,False,K-pneumoniae__Amikacin__South East,lstm
2024-06-01,2.44,False,K-pneumoniae__Amikacin__South East,lstm
2024-07-01,2.11,False,K-pneumoniae__Amikacin__South East,lstm
2024-08-01,1.72,False,K-pneumoniae__Amikacin__South East,lstm
2024-09-01,2.75,False,K-pneumoniae__Amikacin__South East,lstm
2024-10-01,2.98,False,K-pneumoniae__Amikacin__South East,lstm
2024-11-01,3.53,False,K-pneumoniae__Amikacin__South East,lstm
2024-12-01,2.81,False,K-pneumoniae__Amikacin__South East,lstm
2025-01-01,2.49,False,K-pneumoniae__Amikacin__South East,lstm
2025-02-01,2.27,False,K-pneumoniae__Amikacin__South East,lstm
2025-03-01,2.71,False,K-pneumoniae__Amikacin__South East,lstm
2025-04-01,2.07,False,K-pneumoniae__Amikacin__South East,lstm
2025-05-01,1.25,False,K-pneumoniae__Amikacin__South East,lstm
2025-06-01,0.84,False,K-pneumoniae__Amikacin__South East,lstm
2025-07-01,2.615385718441094,True,K-pneumoniae__Amikacin__South East,lstm
2025-08-01,2.6349994330030886,True,K-pneumoniae__Amikacin__South East,lstm
2025-09-01,2.7341430235439677,True,K-pneumoniae__Amikacin__South East,lstm
2025-10-01,2.941626393585951,True,K-pneumoniae__Amikacin__South East,lstm
2025-11-01,3.250372708491232,True,K-pneumoniae__Amikacin__South East,lstm
2025-12-01,3.6337806984435033,True,K-pneumoniae__Amikacin__South East,lstm
2020-08-01,1.67,False,K-pneumoniae__Amikacin__South West,lstm
2020-09-01,0.81,False,K-pneumoniae__Amikacin__South West,lstm
2020-10-01,0.0,False,K-pneumoniae__Amikacin__South West,lstm
2020-11-01,0.0,False,K-pneumoniae__Amikacin__South West,lstm
2020-12-01,0.0,False,K-pneumoniae__Amikacin__South West,lstm
2021-01-01,0.0,False,K-pneumoniae__Amikacin__South West,lstm
2021-02-01,0.0,False,K-pneumoniae__Amikacin__South West,lstm
2021-03-01,0.0,False,K-pneumoniae__Amikacin__South West,lstm
2021-04-01,0.0,False,K-pneumoniae__Amikacin__South West,lstm
2021-05-01,0.0,False,K-pneumoniae__Amikacin__South West,lstm
2021-06-01,0.0,False,K-pneumoniae__Amikacin__South West,lstm
2021-07-01,0.0,False,K-pneumoniae__Amikacin__South West,lstm
2021-08-01,0.0,False,K-pneumoniae__Amikacin__South West,lstm
2021-09-01,0.0,False,K-pneumoniae__Amikacin__South West,lstm
2021-10-01,0.0,False,K-pneumoniae__Amikacin__South West,lstm
2021-11-01,0.0,False,K-pneumoniae__Amikacin__South West,lstm
2021-12-01,0.0,False,K-pneumoniae__Amikacin__South West,lstm
2022-01-01,0.0,False,K-pneumoniae__Amikacin__South West,lstm
2022-02-01,0.0,False,K-pneumoniae__Amikacin__South West,lstm
2022-03-01,1.0,False,K-pneumoniae__Amikacin__South West,lstm
2022-04-01,1.08,False,K-pneumoniae__Amikacin__South West,lstm
2022-05-01,0.95,False,K-pneumoniae__Amikacin__South West,lstm
2022-06-01,0.93,False,K-pneumoniae__Amikacin__South West,lstm
2022-07-01,0.88,False,K-pneumoniae__Amikacin__South West,lstm
2022-08-01,0.85,False,K-pneumoniae__Amikacin__South West,lstm
2022-09-01,0.0,False,K-pneumoniae__Amikacin__South West,lstm
2022-10-01,0.0,False,K-pneumoniae__Amikacin__South West,lstm
2022-11-01,0.89,False,K-pneumoniae__Amikacin__South West,lstm
2022-12-01,0.89,False,K-pneumoniae__Amikacin__South West,lstm
2023-01-01,0.82,False,K-pneumoniae__Amikacin__South West,lstm
2023-02-01,0.0,False,K-pneumoniae__Amikacin__South West,lstm
2023-03-01,0.0,False,K-pneumoniae__Amikacin__South West,lstm
2023-04-01,1.05,False,K-pneumoniae__Amikacin__South West,lstm
2023-05-01,2.04,False,K-pneumoniae__Amikacin__South West,lstm
2023-06-01,1.94,False,K-pneumoniae__Amikacin__South West,lstm
2023-07-01,0.8,False,K-pneumoniae__Amikacin__South West,lstm
2023-08-01,0.0,False,K-pneumoniae__Amikacin__South West,lstm
2023-09-01,0.0,False,K-pneumoniae__Amikacin__South West,lstm
2023-10-01,0.0,False,K-pneumoniae__Amikacin__South West,lstm
2023-11-01,0.0,False,K-pneumoniae__Amikacin__South West,lstm
2023-12-01,0.65,False,K-pneumoniae__Amikacin__South West,lstm
2024-01-01,0.63,False,K-pneumoniae__Amikacin__South West,lstm
2024-02-01,0.74,False,K-pneumoniae__Amikacin__South West,lstm
2024-03-01,0.0,False,K-pneumoniae__Amikacin__South West,lstm
2024-04-01,0.79,False,K-pneumoniae__Amikacin__South West,lstm
2024-05-01,1.49,False,K-pneumoniae__Amikacin__South West,lstm
2024-06-01,1.59,False,K-pneumoniae__Amikacin__South West,lstm
2024-07-01,0.78,False,K-pneumoniae__Amikacin__South West,lstm
2024-08-01,0.0,False,K-pneumoniae__Amikacin__South West,lstm
2024-09-01,0.0,False,K-pneumoniae__Amikacin__South West,lstm
2024-10-01,0.0,False,K-pneumoniae__Amikacin__South West,lstm
2024-11-01,0.0,False,K-pneumoniae__Amikacin__South West,lstm
2024-12-01,0.0,False,K-pneumoniae__Amikacin__South West,lstm
2025-01-01,0.0,False,K-pneumoniae__Amikacin__South West,lstm
2025-02-01,0.0,False,K-pneumoniae__Amikacin__South West,lstm
2025-03-01,0.0,False,K-pneumoniae__Amikacin__South West,lstm
2025-04-01,1.11,False,K-pneumoniae__Amikacin__South West,lstm
2025-05-01,0.95,False,K-pneumoniae__Amikacin__South West,lstm
2025-06-01,0.91,False,K-pneumoniae__Amikacin__South West,lstm
2025-07-01,0.7330802602227903,True,K-pneumoniae__Amikacin__South West,lstm
2025-08-01,0.4214836865327046,True,K-pneumoniae__Amikacin__South West,lstm
2025-09-01,0.1351757460911831,True,K-pneumoniae__Amikacin__South West,lstm
2025-10-01,-0.011296315330316513,True,K-pneumoniae__Amikacin__South West,lstm
2025-11-01,-0.05644907261452437,True,K-pneumoniae__Amikacin__South West,lstm
2025-12-01,0.006603536058847068,True,K-pneumoniae__Amikacin__South West,lstm
2020-08-01,0.0,False,K-pneumoniae__Amikacin__West Midlands,lstm
2020-09-01,0.0,False,K-pneumoniae__Amikacin__West Midlands,lstm
2020-10-01,0.0,False,K-pneumoniae__Amikacin__West Midlands,lstm
2020-11-01,0.58,False,K-pneumoniae__Amikacin__West Midlands,lstm
2020-12-01,0.55,False,K-pneumoniae__Amikacin__West Midlands,lstm
2021-01-01,0.5,False,K-pneumoniae__Amikacin__West Midlands,lstm
2021-02-01,0.0,False,K-pneumoniae__Amikacin__West Midlands,lstm
2021-03-01,0.0,False,K-pneumoniae__Amikacin__West Midlands,lstm
2021-04-01,0.0,False,K-pneumoniae__Amikacin__West Midlands,lstm
2021-05-01,0.0,False,K-pneumoniae__Amikacin__West Midlands,lstm
2021-06-01,0.0,False,K-pneumoniae__Amikacin__West Midlands,lstm
2021-07-01,0.0,False,K-pneumoniae__Amikacin__West Midlands,lstm
2021-08-01,0.6,False,K-pneumoniae__Amikacin__West Midlands,lstm
2021-09-01,1.04,False,K-pneumoniae__Amikacin__West Midlands,lstm
2021-10-01,1.49,False,K-pneumoniae__Amikacin__West Midlands,lstm
2021-11-01,1.4599999999999997,False,K-pneumoniae__Amikacin__West Midlands,lstm
2021-12-01,1.0,False,K-pneumoniae__Amikacin__West Midlands,lstm
2022-01-01,0.53,False,K-pneumoniae__Amikacin__West Midlands,lstm
2022-02-01,0.0,False,K-pneumoniae__Amikacin__West Midlands,lstm
2022-03-01,0.0,False,K-pneumoniae__Amikacin__West Midlands,lstm
2022-04-01,0.0,False,K-pneumoniae__Amikacin__West Midlands,lstm
2022-05-01,0.0,False,K-pneumoniae__Amikacin__West Midlands,lstm
2022-06-01,0.0,False,K-pneumoniae__Amikacin__West Midlands,lstm
2022-07-01,0.0,False,K-pneumoniae__Amikacin__West Midlands,lstm
2022-08-01,0.0,False,K-pneumoniae__Amikacin__West Midlands,lstm
2022-09-01,0.0,False,K-pneumoniae__Amikacin__West Midlands,lstm
2022-10-01,0.52,False,K-pneumoniae__Amikacin__West Midlands,lstm
2022-11-01,0.48,False,K-pneumoniae__Amikacin__West Midlands,lstm
2022-12-01,0.52,False,K-pneumoniae__Amikacin__West Midlands,lstm
2023-01-01,0.52,False,K-pneumoniae__Amikacin__West Midlands,lstm
2023-02-01,0.56,False,K-pneumoniae__Amikacin__West Midlands,lstm
2023-03-01,2.26,False,K-pneumoniae__Amikacin__West Midlands,lstm
2023-04-01,2.31,False,K-pneumoniae__Amikacin__West Midlands,lstm
2023-05-01,2.6,False,K-pneumoniae__Amikacin__West Midlands,lstm
2023-06-01,1.88,False,K-pneumoniae__Amikacin__West Midlands,lstm
2023-07-01,1.7900000000000003,False,K-pneumoniae__Amikacin__West Midlands,lstm
2023-08-01,1.74,False,K-pneumoniae__Amikacin__West Midlands,lstm
2023-09-01,0.91,False,K-pneumoniae__Amikacin__West Midlands,lstm
2023-10-01,0.44,False,K-pneumoniae__Amikacin__West Midlands,lstm
2023-11-01,0.0,False,K-pneumoniae__Amikacin__West Midlands,lstm
2023-12-01,0.0,False,K-pneumoniae__Amikacin__West Midlands,lstm
2024-01-01,0.0,False,K-pneumoniae__Amikacin__West Midlands,lstm
2024-02-01,0.52,False,K-pneumoniae__Amikacin__West Midlands,lstm
2024-03-01,1.01,False,K-pneumoniae__Amikacin__West Midlands,lstm
2024-04-01,1.0,False,K-pneumoniae__Amikacin__West Midlands,lstm
2024-05-01,1.55,False,K-pneumoniae__Amikacin__West Midlands,lstm
2024-06-01,1.06,False,K-pneumoniae__Amikacin__West Midlands,lstm
2024-07-01,1.08,False,K-pneumoniae__Amikacin__West Midlands,lstm
2024-08-01,0.97,False,K-pneumoniae__Amikacin__West Midlands,lstm
2024-09-01,0.9499999999999998,False,K-pneumoniae__Amikacin__West Midlands,lstm
2024-10-01,1.74,False,K-pneumoniae__Amikacin__West Midlands,lstm
2024-11-01,1.31,False,K-pneumoniae__Amikacin__West Midlands,lstm
2024-12-01,1.74,False,K-pneumoniae__Amikacin__West Midlands,lstm
2025-01-01,0.93,False,K-pneumoniae__Amikacin__West Midlands,lstm
2025-02-01,1.81,False,K-pneumoniae__Amikacin__West Midlands,lstm
2025-03-01,1.95,False,K-pneumoniae__Amikacin__West Midlands,lstm
2025-04-01,2.08,False,K-pneumoniae__Amikacin__West Midlands,lstm
2025-05-01,0.6,False,K-pneumoniae__Amikacin__West Midlands,lstm
2025-06-01,1.66,False,K-pneumoniae__Amikacin__West Midlands,lstm
2025-07-01,0.8911267320545425,True,K-pneumoniae__Amikacin__West Midlands,lstm
2025-08-01,0.7653648751687537,True,K-pneumoniae__Amikacin__West Midlands,lstm
2025-09-01,0.5877332682763439,True,K-pneumoniae__Amikacin__West Midlands,lstm
2025-10-01,0.40191534371803167,True,K-pneumoniae__Amikacin__West Midlands,lstm
2025-11-01,0.31565666876615106,True,K-pneumoniae__Amikacin__West Midlands,lstm
2025-12-01,0.2610135012381855,True,K-pneumoniae__Amikacin__West Midlands,lstm
2020-08-01,0.0,False,K-pneumoniae__Amikacin__Yorkshire and Humber,lstm
2020-09-01,0.0,False,K-pneumoniae__Amikacin__Yorkshire and Humber,lstm
2020-10-01,0.0,False,K-pneumoniae__Amikacin__Yorkshire and Humber,lstm
2020-11-01,0.0,False,K-pneumoniae__Amikacin__Yorkshire and Humber,lstm
2020-12-01,0.0,False,K-pneumoniae__Amikacin__Yorkshire and Humber,lstm
2021-01-01,0.0,False,K-pneumoniae__Amikacin__Yorkshire and Humber,lstm
2021-02-01,0.0,False,K-pneumoniae__Amikacin__Yorkshire and Humber,lstm
2021-03-01,0.0,False,K-pneumoniae__Amikacin__Yorkshire and Humber,lstm
2021-04-01,0.0,False,K-pneumoniae__Amikacin__Yorkshire and Humber,lstm
2021-05-01,2.63,False,K-pneumoniae__Amikacin__Yorkshire and Humber,lstm
2021-06-01,2.86,False,K-pneumoniae__Amikacin__Yorkshire and Humber,lstm
2021-07-01,4.0,False,K-pneumoniae__Amikacin__Yorkshire and Humber,lstm
2021-08-01,0.0,False,K-pneumoniae__Amikacin__Yorkshire and Humber,lstm
2021-09-01,2.78,False,K-pneumoniae__Amikacin__Yorkshire and Humber,lstm
2021-10-01,3.85,False,K-pneumoniae__Amikacin__Yorkshire and Humber,lstm
2021-11-01,6.52,False,K-pneumoniae__Amikacin__Yorkshire and Humber,lstm
2021-12-01,4.44,False,K-pneumoniae__Amikacin__Yorkshire and Humber,lstm
2022-01-01,5.56,False,K-pneumoniae__Amikacin__Yorkshire and Humber,lstm
2022-02-01,2.7,False,K-pneumoniae__Amikacin__Yorkshire and Humber,lstm
2022-03-01,5.13,False,K-pneumoniae__Amikacin__Yorkshire and Humber,lstm
2022-04-01,6.45,False,K-pneumoniae__Amikacin__Yorkshire and Humber,lstm
2022-05-01,6.9,False,K-pneumoniae__Amikacin__Yorkshire and Humber,lstm
2022-06-01,4.76,False,K-pneumoniae__Amikacin__Yorkshire and Humber,lstm
2022-07-01,0.0,False,K-pneumoniae__Amikacin__Yorkshire and Humber,lstm
2022-08-01,3.57,False,K-pneumoniae__Amikacin__Yorkshire and Humber,lstm
2022-09-01,3.23,False,K-pneumoniae__Amikacin__Yorkshire and Humber,lstm
2022-10-01,10.71,False,K-pneumoniae__Amikacin__Yorkshire and Humber,lstm
2022-11-01,9.52,False,K-pneumoniae__Amikacin__Yorkshire and Humber,lstm
2022-12-01,18.75,False,K-pneumoniae__Amikacin__Yorkshire and Humber,lstm
2023-01-01,15.0,False,K-pneumoniae__Amikacin__Yorkshire and Humber,lstm
2023-02-01,12.0,False,K-pneumoniae__Amikacin__Yorkshire and Humber,lstm
2023-03-01,15.380000000000003,False,K-pneumoniae__Amikacin__Yorkshire and Humber,lstm
2023-04-01,14.29,False,K-pneumoniae__Amikacin__Yorkshire and Humber,lstm
2023-05-01,15.789999999999997,False,K-pneumoniae__Amikacin__Yorkshire and Humber,lstm
2023-06-01,5.0,False,K-pneumoniae__Amikacin__Yorkshire and Humber,lstm
2023-07-01,0.0,False,K-pneumoniae__Amikacin__Yorkshire and Humber,lstm
2023-08-01,0.0,False,K-pneumoniae__Amikacin__Yorkshire and Humber,lstm
2023-09-01,6.52,False,K-pneumoniae__Amikacin__Yorkshire and Humber,lstm
2023-10-01,8.0,False,K-pneumoniae__Amikacin__Yorkshire and Humber,lstm
2023-11-01,11.63,False,K-pneumoniae__Amikacin__Yorkshire and Humber,lstm
2023-12-01,6.9,False,K-pneumoniae__Amikacin__Yorkshire and Humber,lstm
2024-01-01,3.45,False,K-pneumoniae__Amikacin__Yorkshire and Humber,lstm
2024-02-01,3.57,False,K-pneumoniae__Amikacin__Yorkshire and Humber,lstm
2024-03-01,6.67,False,K-pneumoniae__Amikacin__Yorkshire and Humber,lstm
2024-04-01,7.14,False,K-pneumoniae__Amikacin__Yorkshire and Humber,lstm
2024-05-01,6.06,False,K-pneumoniae__Amikacin__Yorkshire and Humber,lstm
2024-06-01,3.23,False,K-pneumoniae__Amikacin__Yorkshire and Humber,lstm
2024-07-01,4.76,False,K-pneumoniae__Amikacin__Yorkshire and Humber,lstm
2024-08-01,5.879999999999999,False,K-pneumoniae__Amikacin__Yorkshire and Humber,lstm
2024-09-01,5.08,False,K-pneumoniae__Amikacin__Yorkshire and Humber,lstm
2024-10-01,5.56,False,K-pneumoniae__Amikacin__Yorkshire and Humber,lstm
2024-11-01,4.55,False,K-pneumoniae__Amikacin__Yorkshire and Humber,lstm
2024-12-01,7.32,False,K-pneumoniae__Amikacin__Yorkshire and Humber,lstm
2025-01-01,5.56,False,K-pneumoniae__Amikacin__Yorkshire and Humber,lstm
2025-02-01,10.0,False,K-pneumoniae__Amikacin__Yorkshire and Humber,lstm
2025-03-01,7.690000000000001,False,K-pneumoniae__Amikacin__Yorkshire and Humber,lstm
2025-04-01,8.7,False,K-pneumoniae__Amikacin__Yorkshire and Humber,lstm
2025-05-01,2.17,False,K-pneumoniae__Amikacin__Yorkshire and Humber,lstm
2025-06-01,2.04,False,K-pneumoniae__Amikacin__Yorkshire and Humber,lstm
2025-07-01,4.280550729937603,True,K-pneumoniae__Amikacin__Yorkshire and Humber,lstm
2025-08-01,4.445276728688856,True,K-pneumoniae__Amikacin__Yorkshire and Humber,lstm
2025-09-01,4.91460207792831,True,K-pneumoniae__Amikacin__Yorkshire and Humber,lstm
2025-10-01,5.748619652846833,True,K-pneumoniae__Amikacin__Yorkshire and Humber,lstm
2025-11-01,6.6146142678572755,True,K-pneumoniae__Amikacin__Yorkshire and Humber,lstm
2025-12-01,7.507555165315241,True,K-pneumoniae__Amikacin__Yorkshire and Humber,lstm
2020-08-01,0.0,False,K-pneumoniae__Carbapenems__East Midlands,lstm
2020-09-01,0.0,False,K-pneumoniae__Carbapenems__East Midlands,lstm
2020-10-01,0.0,False,K-pneumoniae__Carbapenems__East Midlands,lstm
2020-11-01,0.0,False,K-pneumoniae__Carbapenems__East Midlands,lstm
2020-12-01,0.66,False,K-pneumoniae__Carbapenems__East Midlands,lstm
2021-01-01,0.59,False,K-pneumoniae__Carbapenems__East Midlands,lstm
2021-02-01,1.25,False,K-pneumoniae__Carbapenems__East Midlands,lstm
2021-03-01,1.84,False,K-pneumoniae__Carbapenems__East Midlands,lstm
2021-04-01,2.03,False,K-pneumoniae__Carbapenems__East Midlands,lstm
2021-05-01,1.26,False,K-pneumoniae__Carbapenems__East Midlands,lstm
2021-06-01,0.0,False,K-pneumoniae__Carbapenems__East Midlands,lstm
2021-07-01,0.0,False,K-pneumoniae__Carbapenems__East Midlands,lstm
2021-08-01,1.24,False,K-pneumoniae__Carbapenems__East Midlands,lstm
2021-09-01,1.46,False,K-pneumoniae__Carbapenems__East Midlands,lstm
2021-10-01,1.9900000000000002,False,K-pneumoniae__Carbapenems__East Midlands,lstm
2021-11-01,0.62,False,K-pneumoniae__Carbapenems__East Midlands,lstm
2021-12-01,0.58,False,K-pneumoniae__Carbapenems__East Midlands,lstm
2022-01-01,0.0,False,K-pneumoniae__Carbapenems__East Midlands,lstm
2022-02-01,0.0,False,K-pneumoniae__Carbapenems__East Midlands,lstm
2022-03-01,0.0,False,K-pneumoniae__Carbapenems__East Midlands,lstm
2022-04-01,0.0,False,K-pneumoniae__Carbapenems__East Midlands,lstm
2022-05-01,0.0,False,K-pneumoniae__Carbapenems__East Midlands,lstm
2022-06-01,0.66,False,K-pneumoniae__Carbapenems__East Midlands,lstm
2022-07-01,0.65,False,K-pneumoniae__Carbapenems__East Midlands,lstm
2022-08-01,0.61,False,K-pneumoniae__Carbapenems__East Midlands,lstm
2022-09-01,0.58,False,K-pneumoniae__Carbapenems__East Midlands,lstm
2022-10-01,0.57,False,K-pneumoniae__Carbapenems__East Midlands,lstm
2022-11-01,1.7,False,K-pneumoniae__Carbapenems__East Midlands,lstm
2022-12-01,1.69,False,K-pneumoniae__Carbapenems__East Midlands,lstm
2023-01-01,1.79,False,K-pneumoniae__Carbapenems__East Midlands,lstm
2023-02-01,0.65,False,K-pneumoniae__Carbapenems__East Midlands,lstm
2023-03-01,0.0,False,K-pneumoniae__Carbapenems__East Midlands,lstm
2023-04-01,0.0,False,K-pneumoniae__Carbapenems__East Midlands,lstm
2023-05-01,0.58,False,K-pneumoniae__Carbapenems__East Midlands,lstm
2023-06-01,0.55,False,K-pneumoniae__Carbapenems__East Midlands,lstm
2023-07-01,0.56,False,K-pneumoniae__Carbapenems__East Midlands,lstm
2023-08-01,0.0,False,K-pneumoniae__Carbapenems__East Midlands,lstm
2023-09-01,0.54,False,K-pneumoniae__Carbapenems__East Midlands,lstm
2023-10-01,0.48999999999999994,False,K-pneumoniae__Carbapenems__East Midlands,lstm
2023-11-01,0.48,False,K-pneumoniae__Carbapenems__East Midlands,lstm
2023-12-01,1.49,False,K-pneumoniae__Carbapenems__East Midlands,lstm
2024-01-01,2.17,False,K-pneumoniae__Carbapenems__East Midlands,lstm
2024-02-01,2.81,False,K-pneumoniae__Carbapenems__East Midlands,lstm
2024-03-01,1.1,False,K-pneumoniae__Carbapenems__East Midlands,lstm
2024-04-01,1.01,False,K-pneumoniae__Carbapenems__East Midlands,lstm
2024-05-01,1.47,False,K-pneumoniae__Carbapenems__East Midlands,lstm
2024-06-01,2.25,False,K-pneumoniae__Carbapenems__East Midlands,lstm
2024-07-01,1.81,False,K-pneumoniae__Carbapenems__East Midlands,lstm
2024-08-01,2.18,False,K-pneumoniae__Carbapenems__East Midlands,lstm
2024-09-01,1.79,False,K-pneumoniae__Carbapenems__East Midlands,lstm
2024-10-01,3.59,False,K-pneumoniae__Carbapenems__East Midlands,lstm
2024-11-01,3.14,False,K-pneumoniae__Carbapenems__East Midlands,lstm
2024-12-01,3.17,False,K-pneumoniae__Carbapenems__East Midlands,lstm
2025-01-01,2.18,False,K-pneumoniae__Carbapenems__East Midlands,lstm
2025-02-01,1.28,False,K-pneumoniae__Carbapenems__East Midlands,lstm
2025-03-01,1.71,False,K-pneumoniae__Carbapenems__East Midlands,lstm
2025-04-01,0.88,False,K-pneumoniae__Carbapenems__East Midlands,lstm
2025-05-01,1.32,False,K-pneumoniae__Carbapenems__East Midlands,lstm
2025-06-01,0.94,False,K-pneumoniae__Carbapenems__East Midlands,lstm
2025-07-01,1.6846108592351445,True,K-pneumoniae__Carbapenems__East Midlands,lstm
2025-08-01,1.8901233743611419,True,K-pneumoniae__Carbapenems__East Midlands,lstm
2025-09-01,2.13573032382381,True,K-pneumoniae__Carbapenems__East Midlands,lstm
2025-10-01,2.2805258061530473,True,K-pneumoniae__Carbapenems__East Midlands,lstm
2025-11-01,2.327243701653848,True,K-pneumoniae__Carbapenems__East Midlands,lstm
2025-12-01,2.1742762346474014,True,K-pneumoniae__Carbapenems__East Midlands,lstm
2020-08-01,0.0,False,K-pneumoniae__Carbapenems__East of England,lstm
2020-09-01,0.93,False,K-pneumoniae__Carbapenems__East of England,lstm
2020-10-01,1.47,False,K-pneumoniae__Carbapenems__East of England,lstm
2020-11-01,2.13,False,K-pneumoniae__Carbapenems__East of England,lstm
2020-12-01,2.15,False,K-pneumoniae__Carbapenems__East of England,lstm
2021-01-01,1.43,False,K-pneumoniae__Carbapenems__East of England,lstm
2021-02-01,0.8700000000000001,False,K-pneumoniae__Carbapenems__East of England,lstm
2021-03-01,0.43999999999999995,False,K-pneumoniae__Carbapenems__East of England,lstm
2021-04-01,0.5,False,K-pneumoniae__Carbapenems__East of England,lstm
2021-05-01,0.54,False,K-pneumoniae__Carbapenems__East of England,lstm
2021-06-01,0.0,False,K-pneumoniae__Carbapenems__East of England,lstm
2021-07-01,0.0,False,K-pneumoniae__Carbapenems__East of England,lstm
2021-08-01,0.0,False,K-pneumoniae__Carbapenems__East of England,lstm
2021-09-01,0.0,False,K-pneumoniae__Carbapenems__East of England,lstm
2021-10-01,0.0,False,K-pneumoniae__Carbapenems__East of England,lstm
2021-11-01,0.0,False,K-pneumoniae__Carbapenems__East of England,lstm
2021-12-01,0.0,False,K-pneumoniae__Carbapenems__East of England,lstm
2022-01-01,0.0,False,K-pneumoniae__Carbapenems__East of England,lstm
2022-02-01,0.0,False,K-pneumoniae__Carbapenems__East of England,lstm
2022-03-01,0.0,False,K-pneumoniae__Carbapenems__East of England,lstm
2022-04-01,0.0,False,K-pneumoniae__Carbapenems__East of England,lstm
2022-05-01,0.0,False,K-pneumoniae__Carbapenems__East of England,lstm
2022-06-01,0.0,False,K-pneumoniae__Carbapenems__East of England,lstm
2022-07-01,0.0,False,K-pneumoniae__Carbapenems__East of England,lstm
2022-08-01,0.0,False,K-pneumoniae__Carbapenems__East of England,lstm
2022-09-01,0.0,False,K-pneumoniae__Carbapenems__East of England,lstm
2022-10-01,0.0,False,K-pneumoniae__Carbapenems__East of England,lstm
2022-11-01,0.91,False,K-pneumoniae__Carbapenems__East of England,lstm
2022-12-01,0.92,False,K-pneumoniae__Carbapenems__East of England,lstm
2023-01-01,1.23,False,K-pneumoniae__Carbapenems__East of England,lstm
2023-02-01,0.4,False,K-pneumoniae__Carbapenems__East of England,lstm
2023-03-01,0.82,False,K-pneumoniae__Carbapenems__East of England,lstm
2023-04-01,0.42,False,K-pneumoniae__Carbapenems__East of England,lstm
2023-05-01,0.43000000000000005,False,K-pneumoniae__Carbapenems__East of England,lstm
2023-06-01,0.0,False,K-pneumoniae__Carbapenems__East of England,lstm
2023-07-01,0.0,False,K-pneumoniae__Carbapenems__East of England,lstm
2023-08-01,0.36,False,K-pneumoniae__Carbapenems__East of England,lstm
2023-09-01,1.48,False,K-pneumoniae__Carbapenems__East of England,lstm
2023-10-01,2.87,False,K-pneumoniae__Carbapenems__East of England,lstm
2023-11-01,2.9,False,K-pneumoniae__Carbapenems__East of England,lstm
2023-12-01,2.17,False,K-pneumoniae__Carbapenems__East of England,lstm
2024-01-01,0.78,False,K-pneumoniae__Carbapenems__East of England,lstm
2024-02-01,1.58,False,K-pneumoniae__Carbapenems__East of England,lstm
2024-03-01,1.6100000000000003,False,K-pneumoniae__Carbapenems__East of England,lstm
2024-04-01,1.68,False,K-pneumoniae__Carbapenems__East of England,lstm
2024-05-01,0.82,False,K-pneumoniae__Carbapenems__East of England,lstm
2024-06-01,1.21,False,K-pneumoniae__Carbapenems__East of England,lstm
2024-07-01,1.81,False,K-pneumoniae__Carbapenems__East of England,lstm
2024-08-01,1.29,False,K-pneumoniae__Carbapenems__East of England,lstm
2024-09-01,1.19,False,K-pneumoniae__Carbapenems__East of England,lstm
2024-10-01,1.45,False,K-pneumoniae__Carbapenems__East of England,lstm
2024-11-01,2.15,False,K-pneumoniae__Carbapenems__East of England,lstm
2024-12-01,1.8799999999999997,False,K-pneumoniae__Carbapenems__East of England,lstm
2025-01-01,1.99,False,K-pneumoniae__Carbapenems__East of England,lstm
2025-02-01,2.14,False,K-pneumoniae__Carbapenems__East of England,lstm
2025-03-01,2.19,False,K-pneumoniae__Carbapenems__East of England,lstm
2025-04-01,1.93,False,K-pneumoniae__Carbapenems__East of England,lstm
2025-05-01,1.09,False,K-pneumoniae__Carbapenems__East of England,lstm
2025-06-01,0.79,False,K-pneumoniae__Carbapenems__East of England,lstm
2025-07-01,1.0266236098595012,True,K-pneumoniae__Carbapenems__East of England,lstm
2025-08-01,1.1773755533717927,True,K-pneumoniae__Carbapenems__East of England,lstm
2025-09-01,1.3695174023388612,True,K-pneumoniae__Carbapenems__East of England,lstm
2025-10-01,1.5479465452984709,True,K-pneumoniae__Carbapenems__East of England,lstm
2025-11-01,1.6246365165537542,True,K-pneumoniae__Carbapenems__East of England,lstm
2025-12-01,1.5686605030203369,True,K-pneumoniae__Carbapenems__East of England,lstm
2020-08-01,1.9699999999999998,False,K-pneumoniae__Carbapenems__London,lstm
2020-09-01,1.18,False,K-pneumoniae__Carbapenems__London,lstm
2020-10-01,1.14,False,K-pneumoniae__Carbapenems__London,lstm
2020-11-01,1.5100000000000002,False,K-pneumoniae__Carbapenems__London,lstm
2020-12-01,2.39,False,K-pneumoniae__Carbapenems__London,lstm
2021-01-01,1.77,False,K-pneumoniae__Carbapenems__London,lstm
2021-02-01,1.64,False,K-pneumoniae__Carbapenems__London,lstm
2021-03-01,1.95,False,K-pneumoniae__Carbapenems__London,lstm
2021-04-01,3.0399999999999996,False,K-pneumoniae__Carbapenems__London,lstm
2021-05-01,3.5700000000000003,False,K-pneumoniae__Carbapenems__London,lstm
2021-06-01,2.64,False,K-pneumoniae__Carbapenems__London,lstm
2021-07-01,2.36,False,K-pneumoniae__Carbapenems__London,lstm
2021-08-01,1.72,False,K-pneumoniae__Carbapenems__London,lstm
2021-09-01,1.6,False,K-pneumoniae__Carbapenems__London,lstm
2021-10-01,2.15,False,K-pneumoniae__Carbapenems__London,lstm
2021-11-01,3.93,False,K-pneumoniae__Carbapenems__London,lstm
2021-12-01,4.92,False,K-pneumoniae__Carbapenems__London,lstm
2022-01-01,5.989999999999999,False,K-pneumoniae__Carbapenems__London,lstm
2022-02-01,4.36,False,K-pneumoniae__Carbapenems__London,lstm
2022-03-01,3.64,False,K-pneumoniae__Carbapenems__London,lstm
2022-04-01,1.92,False,K-pneumoniae__Carbapenems__London,lstm
2022-05-01,1.88,False,K-pneumoniae__Carbapenems__London,lstm
2022-06-01,3.66,False,K-pneumoniae__Carbapenems__London,lstm
2022-07-01,4.91,False,K-pneumoniae__Carbapenems__London,lstm
2022-08-01,5.14,False,K-pneumoniae__Carbapenems__London,lstm
2022-09-01,6.65,False,K-pneumoniae__Carbapenems__London,lstm
2022-10-01,6.040000000000001,False,K-pneumoniae__Carbapenems__London,lstm
2022-11-01,6.61,False,K-pneumoniae__Carbapenems__London,lstm
2022-12-01,4.6,False,K-pneumoniae__Carbapenems__London,lstm
2023-01-01,5.42,False,K-pneumoniae__Carbapenems__London,lstm
2023-02-01,5.17,False,K-pneumoniae__Carbapenems__London,lstm
2023-03-01,4.18,False,K-pneumoniae__Carbapenems__London,lstm
2023-04-01,2.62,False,K-pneumoniae__Carbapenems__London,lstm
2023-05-01,2.6700000000000004,False,K-pneumoniae__Carbapenems__London,lstm
2023-06-01,3.33,False,K-pneumoniae__Carbapenems__London,lstm
2023-07-01,4.11,False,K-pneumoniae__Carbapenems__London,lstm
2023-08-01,4.52,False,K-pneumoniae__Carbapenems__London,lstm
2023-09-01,3.95,False,K-pneumoniae__Carbapenems__London,lstm
2023-10-01,3.32,False,K-pneumoniae__Carbapenems__London,lstm
2023-11-01,2.45,False,K-pneumoniae__Carbapenems__London,lstm
2023-12-01,1.9600000000000002,False,K-pneumoniae__Carbapenems__London,lstm
2024-01-01,2.1,False,K-pneumoniae__Carbapenems__London,lstm
2024-02-01,3.3,False,K-pneumoniae__Carbapenems__London,lstm
2024-03-01,4.67,False,K-pneumoniae__Carbapenems__London,lstm
2024-04-01,3.82,False,K-pneumoniae__Carbapenems__London,lstm
2024-05-01,3.8300000000000005,False,K-pneumoniae__Carbapenems__London,lstm
2024-06-01,3.66,False,K-pneumoniae__Carbapenems__London,lstm
2024-07-01,4.97,False,K-pneumoniae__Carbapenems__London,lstm
2024-08-01,3.7,False,K-pneumoniae__Carbapenems__London,lstm
2024-09-01,4.25,False,K-pneumoniae__Carbapenems__London,lstm
2024-10-01,3.79,False,K-pneumoniae__Carbapenems__London,lstm
2024-11-01,3.59,False,K-pneumoniae__Carbapenems__London,lstm
2024-12-01,2.86,False,K-pneumoniae__Carbapenems__London,lstm
2025-01-01,1.79,False,K-pneumoniae__Carbapenems__London,lstm
2025-02-01,2.27,False,K-pneumoniae__Carbapenems__London,lstm
2025-03-01,2.8099999999999996,False,K-pneumoniae__Carbapenems__London,lstm
2025-04-01,3.91,False,K-pneumoniae__Carbapenems__London,lstm
2025-05-01,3.12,False,K-pneumoniae__Carbapenems__London,lstm
2025-06-01,2.62,False,K-pneumoniae__Carbapenems__London,lstm
2025-07-01,3.7934111202159633,True,K-pneumoniae__Carbapenems__London,lstm
2025-08-01,3.964629657558377,True,K-pneumoniae__Carbapenems__London,lstm
2025-09-01,4.075854620237518,True,K-pneumoniae__Carbapenems__London,lstm
2025-10-01,4.111767751199734,True,K-pneumoniae__Carbapenems__London,lstm
2025-11-01,4.016115367654161,True,K-pneumoniae__Carbapenems__London,lstm
2025-12-01,3.8302418505755407,True,K-pneumoniae__Carbapenems__London,lstm
2020-08-01,0.0,False,K-pneumoniae__Carbapenems__North East,lstm
2020-09-01,0.0,False,K-pneumoniae__Carbapenems__North East,lstm
2020-10-01,0.0,False,K-pneumoniae__Carbapenems__North East,lstm
2020-11-01,0.0,False,K-pneumoniae__Carbapenems__North East,lstm
2020-12-01,1.14,False,K-pneumoniae__Carbapenems__North East,lstm
2021-01-01,1.06,False,K-pneumoniae__Carbapenems__North East,lstm
2021-02-01,0.9200000000000002,False,K-pneumoniae__Carbapenems__North East,lstm
2021-03-01,0.0,False,K-pneumoniae__Carbapenems__North East,lstm
2021-04-01,0.0,False,K-pneumoniae__Carbapenems__North East,lstm
2021-05-01,0.0,False,K-pneumoniae__Carbapenems__North East,lstm
2021-06-01,0.0,False,K-pneumoniae__Carbapenems__North East,lstm
2021-07-01,0.0,False,K-pneumoniae__Carbapenems__North East,lstm
2021-08-01,0.0,False,K-pneumoniae__Carbapenems__North East,lstm
2021-09-01,0.0,False,K-pneumoniae__Carbapenems__North East,lstm
2021-10-01,0.0,False,K-pneumoniae__Carbapenems__North East,lstm
2021-11-01,0.0,False,K-pneumoniae__Carbapenems__North East,lstm
2021-12-01,1.49,False,K-pneumoniae__Carbapenems__North East,lstm
2022-01-01,2.5,False,K-pneumoniae__Carbapenems__North East,lstm
2022-02-01,2.97,False,K-pneumoniae__Carbapenems__North East,lstm
2022-03-01,1.01,False,K-pneumoniae__Carbapenems__North East,lstm
2022-04-01,0.0,False,K-pneumoniae__Carbapenems__North East,lstm
2022-05-01,0.0,False,K-pneumoniae__Carbapenems__North East,lstm
2022-06-01,0.0,False,K-pneumoniae__Carbapenems__North East,lstm
2022-07-01,0.0,False,K-pneumoniae__Carbapenems__North East,lstm
2022-08-01,0.0,False,K-pneumoniae__Carbapenems__North East,lstm
2022-09-01,0.0,False,K-pneumoniae__Carbapenems__North East,lstm
2022-10-01,0.0,False,K-pneumoniae__Carbapenems__North East,lstm
2022-11-01,0.0,False,K-pneumoniae__Carbapenems__North East,lstm
2022-12-01,0.89,False,K-pneumoniae__Carbapenems__North East,lstm
2023-01-01,1.9599999999999997,False,K-pneumoniae__Carbapenems__North East,lstm
2023-02-01,2.27,False,K-pneumoniae__Carbapenems__North East,lstm
2023-03-01,1.03,False,K-pneumoniae__Carbapenems__North East,lstm
2023-04-01,0.0,False,K-pneumoniae__Carbapenems__North East,lstm
2023-05-01,0.0,False,K-pneumoniae__Carbapenems__North East,lstm
2023-06-01,0.0,False,K-pneumoniae__Carbapenems__North East,lstm
2023-07-01,0.0,False,K-pneumoniae__Carbapenems__North East,lstm
2023-08-01,0.0,False,K-pneumoniae__Carbapenems__North East,lstm
2023-09-01,0.0,False,K-pneumoniae__Carbapenems__North East,lstm
2023-10-01,0.0,False,K-pneumoniae__Carbapenems__North East,lstm
2023-11-01,0.0,False,K-pneumoniae__Carbapenems__North East,lstm
2023-12-01,0.0,False,K-pneumoniae__Carbapenems__North East,lstm
2024-01-01,0.0,False,K-pneumoniae__Carbapenems__North East,lstm
2024-02-01,0.0,False,K-pneumoniae__Carbapenems__North East,lstm
2024-03-01,0.0,False,K-pneumoniae__Carbapenems__North East,lstm
2024-04-01,0.8699999999999999,False,K-pneumoniae__Carbapenems__North East,lstm
2024-05-01,0.8800000000000001,False,K-pneumoniae__Carbapenems__North East,lstm
2024-06-01,0.8699999999999999,False,K-pneumoniae__Carbapenems__North East,lstm
2024-07-01,0.0,False,K-pneumoniae__Carbapenems__North East,lstm
2024-08-01,0.0,False,K-pneumoniae__Carbapenems__North East,lstm
2024-09-01,0.0,False,K-pneumoniae__Carbapenems__North East,lstm
2024-10-01,0.0,False,K-pneumoniae__Carbapenems__North East,lstm
2024-11-01,0.0,False,K-pneumoniae__Carbapenems__North East,lstm
2024-12-01,0.0,False,K-pneumoniae__Carbapenems__North East,lstm
2025-01-01,0.0,False,K-pneumoniae__Carbapenems__North East,lstm
2025-02-01,0.0,False,K-pneumoniae__Carbapenems__North East,lstm
2025-03-01,2.14,False,K-pneumoniae__Carbapenems__North East,lstm
2025-04-01,2.42,False,K-pneumoniae__Carbapenems__North East,lstm
2025-05-01,3.12,False,K-pneumoniae__Carbapenems__North East,lstm
2025-06-01,0.79,False,K-pneumoniae__Carbapenems__North East,lstm
2025-07-01,-0.046872991947273825,True,K-pneumoniae__Carbapenems__North East,lstm
2025-08-01,-0.10647377092784233,True,K-pneumoniae__Carbapenems__North East,lstm
2025-09-01,-0.22579117232039797,True,K-pneumoniae__Carbapenems__North East,lstm
2025-10-01,-0.24483608535282414,True,K-pneumoniae__Carbapenems__North East,lstm
2025-11-01,-0.17814551663427097,True,K-pneumoniae__Carbapenems__North East,lstm
2025-12-01,0.17646236296133036,True,K-pneumoniae__Carbapenems__North East,lstm
2020-08-01,0.51,False,K-pneumoniae__Carbapenems__North West,lstm
2020-09-01,0.43,False,K-pneumoniae__Carbapenems__North West,lstm
2020-10-01,0.0,False,K-pneumoniae__Carbapenems__North West,lstm
2020-11-01,1.16,False,K-pneumoniae__Carbapenems__North West,lstm
2020-12-01,2.21,False,K-pneumoniae__Carbapenems__North West,lstm
2021-01-01,2.38,False,K-pneumoniae__Carbapenems__North West,lstm
2021-02-01,1.9,False,K-pneumoniae__Carbapenems__North West,lstm
2021-03-01,0.9000000000000001,False,K-pneumoniae__Carbapenems__North West,lstm
2021-04-01,0.87,False,K-pneumoniae__Carbapenems__North West,lstm
2021-05-01,0.0,False,K-pneumoniae__Carbapenems__North West,lstm
2021-06-01,0.0,False,K-pneumoniae__Carbapenems__North West,lstm
2021-07-01,0.94,False,K-pneumoniae__Carbapenems__North West,lstm
2021-08-01,1.4,False,K-pneumoniae__Carbapenems__North West,lstm
2021-09-01,1.4,False,K-pneumoniae__Carbapenems__North West,lstm
2021-10-01,1.35,False,K-pneumoniae__Carbapenems__North West,lstm
2021-11-01,2.02,False,K-pneumoniae__Carbapenems__North West,lstm
2021-12-01,2.81,False,K-pneumoniae__Carbapenems__North West,lstm
2022-01-01,2.05,False,K-pneumoniae__Carbapenems__North West,lstm
2022-02-01,1.4,False,K-pneumoniae__Carbapenems__North West,lstm
2022-03-01,1.39,False,K-pneumoniae__Carbapenems__North West,lstm
2022-04-01,3.56,False,K-pneumoniae__Carbapenems__North West,lstm
2022-05-01,4.44,False,K-pneumoniae__Carbapenems__North West,lstm
2022-06-01,4.8,False,K-pneumoniae__Carbapenems__North West,lstm
2022-07-01,4.29,False,K-pneumoniae__Carbapenems__North West,lstm
2022-08-01,3.0,False,K-pneumoniae__Carbapenems__North West,lstm
2022-09-01,1.72,False,K-pneumoniae__Carbapenems__North West,lstm
2022-10-01,1.43,False,K-pneumoniae__Carbapenems__North West,lstm
2022-11-01,1.33,False,K-pneumoniae__Carbapenems__North West,lstm
2022-12-01,1.99,False,K-pneumoniae__Carbapenems__North West,lstm
2023-01-01,1.49,False,K-pneumoniae__Carbapenems__North West,lstm
2023-02-01,3.02,False,K-pneumoniae__Carbapenems__North West,lstm
2023-03-01,2.86,False,K-pneumoniae__Carbapenems__North West,lstm
2023-04-01,4.89,False,K-pneumoniae__Carbapenems__North West,lstm
2023-05-01,3.41,False,K-pneumoniae__Carbapenems__North West,lstm
2023-06-01,4.0,False,K-pneumoniae__Carbapenems__North West,lstm
2023-07-01,1.87,False,K-pneumoniae__Carbapenems__North West,lstm
2023-08-01,2.99,False,K-pneumoniae__Carbapenems__North West,lstm
2023-09-01,1.75,False,K-pneumoniae__Carbapenems__North West,lstm
2023-10-01,2.01,False,K-pneumoniae__Carbapenems__North West,lstm
2023-11-01,1.6900000000000002,False,K-pneumoniae__Carbapenems__North West,lstm
2023-12-01,2.78,False,K-pneumoniae__Carbapenems__North West,lstm
2024-01-01,2.49,False,K-pneumoniae__Carbapenems__North West,lstm
2024-02-01,1.78,False,K-pneumoniae__Carbapenems__North West,lstm
2024-03-01,1.09,False,K-pneumoniae__Carbapenems__North West,lstm
2024-04-01,1.4,False,K-pneumoniae__Carbapenems__North West,lstm
2024-05-01,2.1,False,K-pneumoniae__Carbapenems__North West,lstm
2024-06-01,2.0,False,K-pneumoniae__Carbapenems__North West,lstm
2024-07-01,2.09,False,K-pneumoniae__Carbapenems__North West,lstm
2024-08-01,1.34,False,K-pneumoniae__Carbapenems__North West,lstm
2024-09-01,2.05,False,K-pneumoniae__Carbapenems__North West,lstm
2024-10-01,1.98,False,K-pneumoniae__Carbapenems__North West,lstm
2024-11-01,1.6900000000000002,False,K-pneumoniae__Carbapenems__North West,lstm
2024-12-01,0.96,False,K-pneumoniae__Carbapenems__North West,lstm
2025-01-01,0.3,False,K-pneumoniae__Carbapenems__North West,lstm
2025-02-01,0.62,False,K-pneumoniae__Carbapenems__North West,lstm
2025-03-01,0.99,False,K-pneumoniae__Carbapenems__North West,lstm
2025-04-01,1.8099999999999998,False,K-pneumoniae__Carbapenems__North West,lstm
2025-05-01,2.24,False,K-pneumoniae__Carbapenems__North West,lstm
2025-06-01,2.08,False,K-pneumoniae__Carbapenems__North West,lstm
2025-07-01,2.569288778332854,True,K-pneumoniae__Carbapenems__North West,lstm
2025-08-01,2.348593556421606,True,K-pneumoniae__Carbapenems__North West,lstm
2025-09-01,2.03627659761333,True,K-pneumoniae__Carbapenems__North West,lstm
2025-10-01,1.7396203502927297,True,K-pneumoniae__Carbapenems__North West,lstm
2025-11-01,1.539364207208653,True,K-pneumoniae__Carbapenems__North West,lstm
2025-12-01,1.4776564696180206,True,K-pneumoniae__Carbapenems__North West,lstm
2020-08-01,0.0,False,K-pneumoniae__Carbapenems__South East,lstm
2020-09-01,0.44,False,K-pneumoniae__Carbapenems__South East,lstm
2020-10-01,0.4,False,K-pneumoniae__Carbapenems__South East,lstm
2020-11-01,0.39,False,K-pneumoniae__Carbapenems__South East,lstm
2020-12-01,0.74,False,K-pneumoniae__Carbapenems__South East,lstm
2021-01-01,0.75,False,K-pneumoniae__Carbapenems__South East,lstm
2021-02-01,1.66,False,K-pneumoniae__Carbapenems__South East,lstm
2021-03-01,0.84,False,K-pneumoniae__Carbapenems__South East,lstm
2021-04-01,1.4199999999999997,False,K-pneumoniae__Carbapenems__South East,lstm
2021-05-01,0.45,False,K-pneumoniae__Carbapenems__South East,lstm
2021-06-01,0.47,False,K-pneumoniae__Carbapenems__South East,lstm
2021-07-01,0.42,False,K-pneumoniae__Carbapenems__South East,lstm
2021-08-01,0.42,False,K-pneumoniae__Carbapenems__South East,lstm
2021-09-01,0.38,False,K-pneumoniae__Carbapenems__South East,lstm
2021-10-01,0.0,False,K-pneumoniae__Carbapenems__South East,lstm
2021-11-01,0.0,False,K-pneumoniae__Carbapenems__South East,lstm
2021-12-01,0.0,False,K-pneumoniae__Carbapenems__South East,lstm
2022-01-01,0.0,False,K-pneumoniae__Carbapenems__South East,lstm
2022-02-01,0.0,False,K-pneumoniae__Carbapenems__South East,lstm
2022-03-01,0.41,False,K-pneumoniae__Carbapenems__South East,lstm
2022-04-01,0.78,False,K-pneumoniae__Carbapenems__South East,lstm
2022-05-01,0.82,False,K-pneumoniae__Carbapenems__South East,lstm
2022-06-01,0.43,False,K-pneumoniae__Carbapenems__South East,lstm
2022-07-01,0.0,False,K-pneumoniae__Carbapenems__South East,lstm
2022-08-01,0.36,False,K-pneumoniae__Carbapenems__South East,lstm
2022-09-01,0.31999999999999995,False,K-pneumoniae__Carbapenems__South East,lstm
2022-10-01,0.31999999999999995,False,K-pneumoniae__Carbapenems__South East,lstm
2022-11-01,0.0,False,K-pneumoniae__Carbapenems__South East,lstm
2022-12-01,0.0,False,K-pneumoniae__Carbapenems__South East,lstm
2023-01-01,0.31999999999999995,False,K-pneumoniae__Carbapenems__South East,lstm
2023-02-01,0.35,False,K-pneumoniae__Carbapenems__South East,lstm
2023-03-01,1.08,False,K-pneumoniae__Carbapenems__South East,lstm
2023-04-01,1.11,False,K-pneumoniae__Carbapenems__South East,lstm
2023-05-01,1.82,False,K-pneumoniae__Carbapenems__South East,lstm
2023-06-01,1.1,False,K-pneumoniae__Carbapenems__South East,lstm
2023-07-01,0.72,False,K-pneumoniae__Carbapenems__South East,lstm
2023-08-01,0.99,False,K-pneumoniae__Carbapenems__South East,lstm
2023-09-01,0.95,False,K-pneumoniae__Carbapenems__South East,lstm
2023-10-01,1.45,False,K-pneumoniae__Carbapenems__South East,lstm
2023-11-01,1.55,False,K-pneumoniae__Carbapenems__South East,lstm
2023-12-01,2.18,False,K-pneumoniae__Carbapenems__South East,lstm
2024-01-01,1.94,False,K-pneumoniae__Carbapenems__South East,lstm
2024-02-01,1.72,False,K-pneumoniae__Carbapenems__South East,lstm
2024-03-01,1.34,False,K-pneumoniae__Carbapenems__South East,lstm
2024-04-01,1.34,False,K-pneumoniae__Carbapenems__South East,lstm
2024-05-01,0.61,False,K-pneumoniae__Carbapenems__South East,lstm
2024-06-01,0.33,False,K-pneumoniae__Carbapenems__South East,lstm
2024-07-01,0.0,False,K-pneumoniae__Carbapenems__South East,lstm
2024-08-01,0.89,False,K-pneumoniae__Carbapenems__South East,lstm
2024-09-01,1.55,False,K-pneumoniae__Carbapenems__South East,lstm
2024-10-01,2.09,False,K-pneumoniae__Carbapenems__South East,lstm
2024-11-01,1.2799999999999998,False,K-pneumoniae__Carbapenems__South East,lstm
2024-12-01,1.41,False,K-pneumoniae__Carbapenems__South East,lstm
2025-01-01,0.89,False,K-pneumoniae__Carbapenems__South East,lstm
2025-02-01,1.29,False,K-pneumoniae__Carbapenems__South East,lstm
2025-03-01,1.29,False,K-pneumoniae__Carbapenems__South East,lstm
2025-04-01,1.34,False,K-pneumoniae__Carbapenems__South East,lstm
2025-05-01,0.98,False,K-pneumoniae__Carbapenems__South East,lstm
2025-06-01,0.0,False,K-pneumoniae__Carbapenems__South East,lstm
2025-07-01,0.31029804577933057,True,K-pneumoniae__Carbapenems__South East,lstm
2025-08-01,0.24335161692718743,True,K-pneumoniae__Carbapenems__South East,lstm
2025-09-01,0.18508121593486224,True,K-pneumoniae__Carbapenems__South East,lstm
2025-10-01,0.13666494668628523,True,K-pneumoniae__Carbapenems__South East,lstm
2025-11-01,0.08650002404823964,True,K-pneumoniae__Carbapenems__South East,lstm
2025-12-01,0.016812546911947928,True,K-pneumoniae__Carbapenems__South East,lstm
2020-08-01,0.0,False,K-pneumoniae__Carbapenems__South West,lstm
2020-09-01,0.0,False,K-pneumoniae__Carbapenems__South West,lstm
2020-10-01,0.0,False,K-pneumoniae__Carbapenems__South West,lstm
2020-11-01,0.86,False,K-pneumoniae__Carbapenems__South West,lstm
2020-12-01,0.84,False,K-pneumoniae__Carbapenems__South West,lstm
2021-01-01,0.73,False,K-pneumoniae__Carbapenems__South West,lstm
2021-02-01,0.0,False,K-pneumoniae__Carbapenems__South West,lstm
2021-03-01,0.0,False,K-pneumoniae__Carbapenems__South West,lstm
2021-04-01,0.66,False,K-pneumoniae__Carbapenems__South West,lstm
2021-05-01,0.65,False,K-pneumoniae__Carbapenems__South West,lstm
2021-06-01,0.7499999999999999,False,K-pneumoniae__Carbapenems__South West,lstm
2021-07-01,0.0,False,K-pneumoniae__Carbapenems__South West,lstm
2021-08-01,0.0,False,K-pneumoniae__Carbapenems__South West,lstm
2021-09-01,0.0,False,K-pneumoniae__Carbapenems__South West,lstm
2021-10-01,0.0,False,K-pneumoniae__Carbapenems__South West,lstm
2021-11-01,0.55,False,K-pneumoniae__Carbapenems__South West,lstm
2021-12-01,0.52,False,K-pneumoniae__Carbapenems__South West,lstm
2022-01-01,0.6,False,K-pneumoniae__Carbapenems__South West,lstm
2022-02-01,0.0,False,K-pneumoniae__Carbapenems__South West,lstm
2022-03-01,0.0,False,K-pneumoniae__Carbapenems__South West,lstm
2022-04-01,0.0,False,K-pneumoniae__Carbapenems__South West,lstm
2022-05-01,0.69,False,K-pneumoniae__Carbapenems__South West,lstm
2022-06-01,1.43,False,K-pneumoniae__Carbapenems__South West,lstm
2022-07-01,2.1,False,K-pneumoniae__Carbapenems__South West,lstm
2022-08-01,1.96,False,K-pneumoniae__Carbapenems__South West,lstm
2022-09-01,1.27,False,K-pneumoniae__Carbapenems__South West,lstm
2022-10-01,0.63,False,K-pneumoniae__Carbapenems__South West,lstm
2022-11-01,0.0,False,K-pneumoniae__Carbapenems__South West,lstm
2022-12-01,0.0,False,K-pneumoniae__Carbapenems__South West,lstm
2023-01-01,0.0,False,K-pneumoniae__Carbapenems__South West,lstm
2023-02-01,0.0,False,K-pneumoniae__Carbapenems__South West,lstm
2023-03-01,0.0,False,K-pneumoniae__Carbapenems__South West,lstm
2023-04-01,0.0,False,K-pneumoniae__Carbapenems__South West,lstm
2023-05-01,0.0,False,K-pneumoniae__Carbapenems__South West,lstm
2023-06-01,0.0,False,K-pneumoniae__Carbapenems__South West,lstm
2023-07-01,0.56,False,K-pneumoniae__Carbapenems__South West,lstm
2023-08-01,0.5,False,K-pneumoniae__Carbapenems__South West,lstm
2023-09-01,0.92,False,K-pneumoniae__Carbapenems__South West,lstm
2023-10-01,0.4799999999999999,False,K-pneumoniae__Carbapenems__South West,lstm
2023-11-01,0.47,False,K-pneumoniae__Carbapenems__South West,lstm
2023-12-01,0.0,False,K-pneumoniae__Carbapenems__South West,lstm
2024-01-01,0.47,False,K-pneumoniae__Carbapenems__South West,lstm
2024-02-01,0.5400000000000001,False,K-pneumoniae__Carbapenems__South West,lstm
2024-03-01,0.61,False,K-pneumoniae__Carbapenems__South West,lstm
2024-04-01,0.0,False,K-pneumoniae__Carbapenems__South West,lstm
2024-05-01,0.0,False,K-pneumoniae__Carbapenems__South West,lstm
2024-06-01,0.0,False,K-pneumoniae__Carbapenems__South West,lstm
2024-07-01,0.0,False,K-pneumoniae__Carbapenems__South West,lstm
2024-08-01,0.0,False,K-pneumoniae__Carbapenems__South West,lstm
2024-09-01,0.53,False,K-pneumoniae__Carbapenems__South West,lstm
2024-10-01,1.1,False,K-pneumoniae__Carbapenems__South West,lstm
2024-11-01,1.74,False,K-pneumoniae__Carbapenems__South West,lstm
2024-12-01,1.1,False,K-pneumoniae__Carbapenems__South West,lstm
2025-01-01,0.58,False,K-pneumoniae__Carbapenems__South West,lstm
2025-02-01,0.0,False,K-pneumoniae__Carbapenems__South West,lstm
2025-03-01,0.0,False,K-pneumoniae__Carbapenems__South West,lstm
2025-04-01,0.0,False,K-pneumoniae__Carbapenems__South West,lstm
2025-05-01,0.0,False,K-pneumoniae__Carbapenems__South West,lstm
2025-06-01,0.0,False,K-pneumoniae__Carbapenems__South West,lstm
2025-07-01,0.4284847492826233,True,K-pneumoniae__Carbapenems__South West,lstm
2025-08-01,0.5663197684671201,True,K-pneumoniae__Carbapenems__South West,lstm
2025-09-01,0.6650187517066798,True,K-pneumoniae__Carbapenems__South West,lstm
2025-10-01,0.6858255423887247,True,K-pneumoniae__Carbapenems__South West,lstm
2025-11-01,0.6229370449044634,True,K-pneumoniae__Carbapenems__South West,lstm
2025-12-01,0.5052516046338685,True,K-pneumoniae__Carbapenems__South West,lstm
2020-08-01,0.0,False,K-pneumoniae__Carbapenems__West Midlands,lstm
2020-09-01,0.0,False,K-pneumoniae__Carbapenems__West Midlands,lstm
2020-10-01,0.57,False,K-pneumoniae__Carbapenems__West Midlands,lstm
2020-11-01,0.53,False,K-pneumoniae__Carbapenems__West Midlands,lstm
2020-12-01,1.04,False,K-pneumoniae__Carbapenems__West Midlands,lstm
2021-01-01,0.9399999999999998,False,K-pneumoniae__Carbapenems__West Midlands,lstm
2021-02-01,0.9500000000000001,False,K-pneumoniae__Carbapenems__West Midlands,lstm
2021-03-01,0.51,False,K-pneumoniae__Carbapenems__West Midlands,lstm
2021-04-01,0.58,False,K-pneumoniae__Carbapenems__West Midlands,lstm
2021-05-01,0.6,False,K-pneumoniae__Carbapenems__West Midlands,lstm
2021-06-01,1.28,False,K-pneumoniae__Carbapenems__West Midlands,lstm
2021-07-01,0.63,False,K-pneumoniae__Carbapenems__West Midlands,lstm
2021-08-01,0.57,False,K-pneumoniae__Carbapenems__West Midlands,lstm
2021-09-01,0.5,False,K-pneumoniae__Carbapenems__West Midlands,lstm
2021-10-01,0.93,False,K-pneumoniae__Carbapenems__West Midlands,lstm
2021-11-01,1.8399999999999999,False,K-pneumoniae__Carbapenems__West Midlands,lstm
2021-12-01,1.43,False,K-pneumoniae__Carbapenems__West Midlands,lstm
2022-01-01,1.03,False,K-pneumoniae__Carbapenems__West Midlands,lstm
2022-02-01,0.0,False,K-pneumoniae__Carbapenems__West Midlands,lstm
2022-03-01,0.0,False,K-pneumoniae__Carbapenems__West Midlands,lstm
2022-04-01,0.0,False,K-pneumoniae__Carbapenems__West Midlands,lstm
2022-05-01,0.56,False,K-pneumoniae__Carbapenems__West Midlands,lstm
2022-06-01,1.14,False,K-pneumoniae__Carbapenems__West Midlands,lstm
2022-07-01,1.05,False,K-pneumoniae__Carbapenems__West Midlands,lstm
2022-08-01,1.12,False,K-pneumoniae__Carbapenems__West Midlands,lstm
2022-09-01,1.52,False,K-pneumoniae__Carbapenems__West Midlands,lstm
2022-10-01,2.91,False,K-pneumoniae__Carbapenems__West Midlands,lstm
2022-11-01,2.18,False,K-pneumoniae__Carbapenems__West Midlands,lstm
2022-12-01,1.42,False,K-pneumoniae__Carbapenems__West Midlands,lstm
2023-01-01,0.48,False,K-pneumoniae__Carbapenems__West Midlands,lstm
2023-02-01,1.04,False,K-pneumoniae__Carbapenems__West Midlands,lstm
2023-03-01,1.04,False,K-pneumoniae__Carbapenems__West Midlands,lstm
2023-04-01,1.06,False,K-pneumoniae__Carbapenems__West Midlands,lstm
2023-05-01,0.48999999999999994,False,K-pneumoniae__Carbapenems__West Midlands,lstm
2023-06-01,0.43999999999999995,False,K-pneumoniae__Carbapenems__West Midlands,lstm
2023-07-01,0.8500000000000001,False,K-pneumoniae__Carbapenems__West Midlands,lstm
2023-08-01,1.24,False,K-pneumoniae__Carbapenems__West Midlands,lstm
2023-09-01,2.17,False,K-pneumoniae__Carbapenems__West Midlands,lstm
2023-10-01,1.24,False,K-pneumoniae__Carbapenems__West Midlands,lstm
2023-11-01,0.82,False,K-pneumoniae__Carbapenems__West Midlands,lstm
2023-12-01,0.0,False,K-pneumoniae__Carbapenems__West Midlands,lstm
2024-01-01,0.43999999999999995,False,K-pneumoniae__Carbapenems__West Midlands,lstm
2024-02-01,1.44,False,K-pneumoniae__Carbapenems__West Midlands,lstm
2024-03-01,2.31,False,K-pneumoniae__Carbapenems__West Midlands,lstm
2024-04-01,1.87,False,K-pneumoniae__Carbapenems__West Midlands,lstm
2024-05-01,1.46,False,K-pneumoniae__Carbapenems__West Midlands,lstm
2024-06-01,0.99,False,K-pneumoniae__Carbapenems__West Midlands,lstm
2024-07-01,1.92,False,K-pneumoniae__Carbapenems__West Midlands,lstm
2024-08-01,1.31,False,K-pneumoniae__Carbapenems__West Midlands,lstm
2024-09-01,0.87,False,K-pneumoniae__Carbapenems__West Midlands,lstm
2024-10-01,0.41,False,K-pneumoniae__Carbapenems__West Midlands,lstm
2024-11-01,1.65,False,K-pneumoniae__Carbapenems__West Midlands,lstm
2024-12-01,1.65,False,K-pneumoniae__Carbapenems__West Midlands,lstm
2025-01-01,2.13,False,K-pneumoniae__Carbapenems__West Midlands,lstm
2025-02-01,2.07,False,K-pneumoniae__Carbapenems__West Midlands,lstm
2025-03-01,2.68,False,K-pneumoniae__Carbapenems__West Midlands,lstm
2025-04-01,1.95,False,K-pneumoniae__Carbapenems__West Midlands,lstm
2025-05-01,1.11,False,K-pneumoniae__Carbapenems__West Midlands,lstm
2025-06-01,1.4899999999999998,False,K-pneumoniae__Carbapenems__West Midlands,lstm
2025-07-01,1.3649158519626383,True,K-pneumoniae__Carbapenems__West Midlands,lstm
2025-08-01,1.456534074812133,True,K-pneumoniae__Carbapenems__West Midlands,lstm
2025-09-01,1.5265626804278043,True,K-pneumoniae__Carbapenems__West Midlands,lstm
2025-10-01,1.5433480268296162,True,K-pneumoniae__Carbapenems__West Midlands,lstm
2025-11-01,1.5020953482703396,True,K-pneumoniae__Carbapenems__West Midlands,lstm
2025-12-01,1.435840489488362,True,K-pneumoniae__Carbapenems__West Midlands,lstm
2020-08-01,0.71,False,K-pneumoniae__Carbapenems__Yorkshire and Humber,lstm
2020-09-01,0.0,False,K-pneumoniae__Carbapenems__Yorkshire and Humber,lstm
2020-10-01,0.0,False,K-pneumoniae__Carbapenems__Yorkshire and Humber,lstm
2020-11-01,0.0,False,K-pneumoniae__Carbapenems__Yorkshire and Humber,lstm
2020-12-01,0.0,False,K-pneumoniae__Carbapenems__Yorkshire and Humber,lstm
2021-01-01,0.0,False,K-pneumoniae__Carbapenems__Yorkshire and Humber,lstm
2021-02-01,0.0,False,K-pneumoniae__Carbapenems__Yorkshire and Humber,lstm
2021-03-01,0.0,False,K-pneumoniae__Carbapenems__Yorkshire and Humber,lstm
2021-04-01,0.0,False,K-pneumoniae__Carbapenems__Yorkshire and Humber,lstm
2021-05-01,0.53,False,K-pneumoniae__Carbapenems__Yorkshire and Humber,lstm
2021-06-01,1.16,False,K-pneumoniae__Carbapenems__Yorkshire and Humber,lstm
2021-07-01,1.16,False,K-pneumoniae__Carbapenems__Yorkshire and Humber,lstm
2021-08-01,0.59,False,K-pneumoniae__Carbapenems__Yorkshire and Humber,lstm
2021-09-01,1.04,False,K-pneumoniae__Carbapenems__Yorkshire and Humber,lstm
2021-10-01,1.9000000000000001,False,K-pneumoniae__Carbapenems__Yorkshire and Humber,lstm
2021-11-01,2.29,False,K-pneumoniae__Carbapenems__Yorkshire and Humber,lstm
2021-12-01,1.4900000000000002,False,K-pneumoniae__Carbapenems__Yorkshire and Humber,lstm
2022-01-01,1.04,False,K-pneumoniae__Carbapenems__Yorkshire and Humber,lstm
2022-02-01,0.56,False,K-pneumoniae__Carbapenems__Yorkshire and Humber,lstm
2022-03-01,1.02,False,K-pneumoniae__Carbapenems__Yorkshire and Humber,lstm
2022-04-01,1.04,False,K-pneumoniae__Carbapenems__Yorkshire and Humber,lstm
2022-05-01,1.02,False,K-pneumoniae__Carbapenems__Yorkshire and Humber,lstm
2022-06-01,0.55,False,K-pneumoniae__Carbapenems__Yorkshire and Humber,lstm
2022-07-01,0.52,False,K-pneumoniae__Carbapenems__Yorkshire and Humber,lstm
2022-08-01,0.46,False,K-pneumoniae__Carbapenems__Yorkshire and Humber,lstm
2022-09-01,0.46,False,K-pneumoniae__Carbapenems__Yorkshire and Humber,lstm
2022-10-01,0.0,False,K-pneumoniae__Carbapenems__Yorkshire and Humber,lstm
2022-11-01,0.0,False,K-pneumoniae__Carbapenems__Yorkshire and Humber,lstm
2022-12-01,0.0,False,K-pneumoniae__Carbapenems__Yorkshire and Humber,lstm
2023-01-01,0.0,False,K-pneumoniae__Carbapenems__Yorkshire and Humber,lstm
2023-02-01,0.0,False,K-pneumoniae__Carbapenems__Yorkshire and Humber,lstm
2023-03-01,1.55,False,K-pneumoniae__Carbapenems__Yorkshire and Humber,lstm
2023-04-01,1.61,False,K-pneumoniae__Carbapenems__Yorkshire and Humber,lstm
2023-05-01,1.61,False,K-pneumoniae__Carbapenems__Yorkshire and Humber,lstm
2023-06-01,0.0,False,K-pneumoniae__Carbapenems__Yorkshire and Humber,lstm
2023-07-01,0.0,False,K-pneumoniae__Carbapenems__Yorkshire and Humber,lstm
2023-08-01,0.0,False,K-pneumoniae__Carbapenems__Yorkshire and Humber,lstm
2023-09-01,1.21,False,K-pneumoniae__Carbapenems__Yorkshire and Humber,lstm
2023-10-01,1.98,False,K-pneumoniae__Carbapenems__Yorkshire and Humber,lstm
2023-11-01,2.16,False,K-pneumoniae__Carbapenems__Yorkshire and Humber,lstm
2023-12-01,1.0,False,K-pneumoniae__Carbapenems__Yorkshire and Humber,lstm
2024-01-01,0.49,False,K-pneumoniae__Carbapenems__Yorkshire and Humber,lstm
2024-02-01,0.49,False,K-pneumoniae__Carbapenems__Yorkshire and Humber,lstm
2024-03-01,0.47,False,K-pneumoniae__Carbapenems__Yorkshire and Humber,lstm
2024-04-01,0.0,False,K-pneumoniae__Carbapenems__Yorkshire and Humber,lstm
2024-05-01,0.0,False,K-pneumoniae__Carbapenems__Yorkshire and Humber,lstm
2024-06-01,0.0,False,K-pneumoniae__Carbapenems__Yorkshire and Humber,lstm
2024-07-01,0.46,False,K-pneumoniae__Carbapenems__Yorkshire and Humber,lstm
2024-08-01,0.44,False,K-pneumoniae__Carbapenems__Yorkshire and Humber,lstm
2024-09-01,0.46,False,K-pneumoniae__Carbapenems__Yorkshire and Humber,lstm
2024-10-01,0.0,False,K-pneumoniae__Carbapenems__Yorkshire and Humber,lstm
2024-11-01,0.47,False,K-pneumoniae__Carbapenems__Yorkshire and Humber,lstm
2024-12-01,0.87,False,K-pneumoniae__Carbapenems__Yorkshire and Humber,lstm
2025-01-01,0.91,False,K-pneumoniae__Carbapenems__Yorkshire and Humber,lstm
2025-02-01,0.97,False,K-pneumoniae__Carbapenems__Yorkshire and Humber,lstm
2025-03-01,0.58,False,K-pneumoniae__Carbapenems__Yorkshire and Humber,lstm
2025-04-01,1.09,False,K-pneumoniae__Carbapenems__Yorkshire and Humber,lstm
2025-05-01,0.51,False,K-pneumoniae__Carbapenems__Yorkshire and Humber,lstm
2025-06-01,0.47,False,K-pneumoniae__Carbapenems__Yorkshire and Humber,lstm
2025-07-01,0.6142669796641335,True,K-pneumoniae__Carbapenems__Yorkshire and Humber,lstm
2025-08-01,0.6742216056629451,True,K-pneumoniae__Carbapenems__Yorkshire and Humber,lstm
2025-09-01,0.7259321554740106,True,K-pneumoniae__Carbapenems__Yorkshire and Humber,lstm
2025-10-01,0.7953917446538343,True,K-pneumoniae__Carbapenems__Yorkshire and Humber,lstm
2025-11-01,0.8109730596113917,True,K-pneumoniae__Carbapenems__Yorkshire and Humber,lstm
2025-12-01,0.8021274996640149,True,K-pneumoniae__Carbapenems__Yorkshire and Humber,lstm
2020-08-01,7.38,False,K-pneumoniae__Ciprofloxacin__East Midlands,lstm
2020-09-01,6.82,False,K-pneumoniae__Ciprofloxacin__East Midlands,lstm
2020-10-01,7.14,False,K-pneumoniae__Ciprofloxacin__East Midlands,lstm
2020-11-01,7.589999999999999,False,K-pneumoniae__Ciprofloxacin__East Midlands,lstm
2020-12-01,9.59,False,K-pneumoniae__Ciprofloxacin__East Midlands,lstm
2021-01-01,8.43,False,K-pneumoniae__Ciprofloxacin__East Midlands,lstm
2021-02-01,10.76,False,K-pneumoniae__Ciprofloxacin__East Midlands,lstm
2021-03-01,11.18,False,K-pneumoniae__Ciprofloxacin__East Midlands,lstm
2021-04-01,15.170000000000002,False,K-pneumoniae__Ciprofloxacin__East Midlands,lstm
2021-05-01,12.18,False,K-pneumoniae__Ciprofloxacin__East Midlands,lstm
2021-06-01,12.1,False,K-pneumoniae__Ciprofloxacin__East Midlands,lstm
2021-07-01,8.14,False,K-pneumoniae__Ciprofloxacin__East Midlands,lstm
2021-08-01,10.78,False,K-pneumoniae__Ciprofloxacin__East Midlands,lstm
2021-09-01,9.4,False,K-pneumoniae__Ciprofloxacin__East Midlands,lstm
2021-10-01,15.38,False,K-pneumoniae__Ciprofloxacin__East Midlands,lstm
2021-11-01,13.119999999999997,False,K-pneumoniae__Ciprofloxacin__East Midlands,lstm
2021-12-01,12.2,False,K-pneumoniae__Ciprofloxacin__East Midlands,lstm
2022-01-01,10.0,False,K-pneumoniae__Ciprofloxacin__East Midlands,lstm
2022-02-01,13.6,False,K-pneumoniae__Ciprofloxacin__East Midlands,lstm
2022-03-01,16.67,False,K-pneumoniae__Ciprofloxacin__East Midlands,lstm
2022-04-01,16.54,False,K-pneumoniae__Ciprofloxacin__East Midlands,lstm
2022-05-01,13.990000000000002,False,K-pneumoniae__Ciprofloxacin__East Midlands,lstm
2022-06-01,11.56,False,K-pneumoniae__Ciprofloxacin__East Midlands,lstm
2022-07-01,12.5,False,K-pneumoniae__Ciprofloxacin__East Midlands,lstm
2022-08-01,11.88,False,K-pneumoniae__Ciprofloxacin__East Midlands,lstm
2022-09-01,13.529999999999998,False,K-pneumoniae__Ciprofloxacin__East Midlands,lstm
2022-10-01,9.94,False,K-pneumoniae__Ciprofloxacin__East Midlands,lstm
2022-11-01,16.57,False,K-pneumoniae__Ciprofloxacin__East Midlands,lstm
2022-12-01,16.95,False,K-pneumoniae__Ciprofloxacin__East Midlands,lstm
2023-01-01,19.76,False,K-pneumoniae__Ciprofloxacin__East Midlands,lstm
2023-02-01,12.99,False,K-pneumoniae__Ciprofloxacin__East Midlands,lstm
2023-03-01,15.109999999999998,False,K-pneumoniae__Ciprofloxacin__East Midlands,lstm
2023-04-01,12.99,False,K-pneumoniae__Ciprofloxacin__East Midlands,lstm
2023-05-01,14.79,False,K-pneumoniae__Ciprofloxacin__East Midlands,lstm
2023-06-01,10.86,False,K-pneumoniae__Ciprofloxacin__East Midlands,lstm
2023-07-01,11.45,False,K-pneumoniae__Ciprofloxacin__East Midlands,lstm
2023-08-01,8.5,False,K-pneumoniae__Ciprofloxacin__East Midlands,lstm
2023-09-01,12.64,False,K-pneumoniae__Ciprofloxacin__East Midlands,lstm
2023-10-01,12.89,False,K-pneumoniae__Ciprofloxacin__East Midlands,lstm
2023-11-01,15.76,False,K-pneumoniae__Ciprofloxacin__East Midlands,lstm
2023-12-01,14.29,False,K-pneumoniae__Ciprofloxacin__East Midlands,lstm
2024-01-01,17.06,False,K-pneumoniae__Ciprofloxacin__East Midlands,lstm
2024-02-01,15.06,False,K-pneumoniae__Ciprofloxacin__East Midlands,lstm
2024-03-01,17.65,False,K-pneumoniae__Ciprofloxacin__East Midlands,lstm
2024-04-01,15.340000000000002,False,K-pneumoniae__Ciprofloxacin__East Midlands,lstm
2024-05-01,17.37,False,K-pneumoniae__Ciprofloxacin__East Midlands,lstm
2024-06-01,15.46,False,K-pneumoniae__Ciprofloxacin__East Midlands,lstm
2024-07-01,14.499999999999998,False,K-pneumoniae__Ciprofloxacin__East Midlands,lstm
2024-08-01,14.35,False,K-pneumoniae__Ciprofloxacin__East Midlands,lstm
2024-09-01,13.589999999999998,False,K-pneumoniae__Ciprofloxacin__East Midlands,lstm
2024-10-01,17.79,False,K-pneumoniae__Ciprofloxacin__East Midlands,lstm
2024-11-01,16.91,False,K-pneumoniae__Ciprofloxacin__East Midlands,lstm
2024-12-01,18.14,False,K-pneumoniae__Ciprofloxacin__East Midlands,lstm
2025-01-01,17.84,False,K-pneumoniae__Ciprofloxacin__East Midlands,lstm
2025-02-01,17.19,False,K-pneumoniae__Ciprofloxacin__East Midlands,lstm
2025-03-01,15.84,False,K-pneumoniae__Ciprofloxacin__East Midlands,lstm
2025-04-01,11.43,False,K-pneumoniae__Ciprofloxacin__East Midlands,lstm
2025-05-01,11.39,False,K-pneumoniae__Ciprofloxacin__East Midlands,lstm
2025-06-01,12.43,False,K-pneumoniae__Ciprofloxacin__East Midlands,lstm
2025-07-01,14.371546142843304,True,K-pneumoniae__Ciprofloxacin__East Midlands,lstm
2025-08-01,14.782939521198198,True,K-pneumoniae__Ciprofloxacin__East Midlands,lstm
2025-09-01,15.159875321377204,True,K-pneumoniae__Ciprofloxacin__East Midlands,lstm
2025-10-01,15.376392121431396,True,K-pneumoniae__Ciprofloxacin__East Midlands,lstm
2025-11-01,15.512586572585015,True,K-pneumoniae__Ciprofloxacin__East Midlands,lstm
2025-12-01,15.573211499362852,True,K-pneumoniae__Ciprofloxacin__East Midlands,lstm
2020-08-01,11.06,False,K-pneumoniae__Ciprofloxacin__East of England,lstm
2020-09-01,13.46,False,K-pneumoniae__Ciprofloxacin__East of England,lstm
2020-10-01,14.56,False,K-pneumoniae__Ciprofloxacin__East of England,lstm
2020-11-01,17.99,False,K-pneumoniae__Ciprofloxacin__East of England,lstm
2020-12-01,15.59,False,K-pneumoniae__Ciprofloxacin__East of England,lstm
2021-01-01,15.61,False,K-pneumoniae__Ciprofloxacin__East of England,lstm
2021-02-01,16.3,False,K-pneumoniae__Ciprofloxacin__East of England,lstm
2021-03-01,16.07,False,K-pneumoniae__Ciprofloxacin__East of England,lstm
2021-04-01,17.09,False,K-pneumoniae__Ciprofloxacin__East of England,lstm
2021-05-01,14.36,False,K-pneumoniae__Ciprofloxacin__East of England,lstm
2021-06-01,13.27,False,K-pneumoniae__Ciprofloxacin__East of England,lstm
2021-07-01,12.22,False,K-pneumoniae__Ciprofloxacin__East of England,lstm
2021-08-01,13.81,False,K-pneumoniae__Ciprofloxacin__East of England,lstm
2021-09-01,16.52,False,K-pneumoniae__Ciprofloxacin__East of England,lstm
2021-10-01,17.78,False,K-pneumoniae__Ciprofloxacin__East of England,lstm
2021-11-01,17.73,False,K-pneumoniae__Ciprofloxacin__East of England,lstm
2021-12-01,16.1,False,K-pneumoniae__Ciprofloxacin__East of England,lstm
2022-01-01,14.0,False,K-pneumoniae__Ciprofloxacin__East of England,lstm
2022-02-01,13.85,False,K-pneumoniae__Ciprofloxacin__East of England,lstm
2022-03-01,13.79,False,K-pneumoniae__Ciprofloxacin__East of England,lstm
2022-04-01,15.27,False,K-pneumoniae__Ciprofloxacin__East of England,lstm
2022-05-01,13.13,False,K-pneumoniae__Ciprofloxacin__East of England,lstm
2022-06-01,15.58,False,K-pneumoniae__Ciprofloxacin__East of England,lstm
2022-07-01,17.82,False,K-pneumoniae__Ciprofloxacin__East of England,lstm
2022-08-01,18.02,False,K-pneumoniae__Ciprofloxacin__East of England,lstm
2022-09-01,19.07,False,K-pneumoniae__Ciprofloxacin__East of England,lstm
2022-10-01,16.96,False,K-pneumoniae__Ciprofloxacin__East of England,lstm
2022-11-01,21.13,False,K-pneumoniae__Ciprofloxacin__East of England,lstm
2022-12-01,18.48,False,K-pneumoniae__Ciprofloxacin__East of England,lstm
2023-01-01,22.84,False,K-pneumoniae__Ciprofloxacin__East of England,lstm
2023-02-01,24.47,False,K-pneumoniae__Ciprofloxacin__East of England,lstm
2023-03-01,25.85,False,K-pneumoniae__Ciprofloxacin__East of England,lstm
2023-04-01,22.22,False,K-pneumoniae__Ciprofloxacin__East of England,lstm
2023-05-01,20.36,False,K-pneumoniae__Ciprofloxacin__East of England,lstm
2023-06-01,22.88,False,K-pneumoniae__Ciprofloxacin__East of England,lstm
2023-07-01,25.39,False,K-pneumoniae__Ciprofloxacin__East of England,lstm
2023-08-01,22.39,False,K-pneumoniae__Ciprofloxacin__East of England,lstm
2023-09-01,19.85,False,K-pneumoniae__Ciprofloxacin__East of England,lstm
2023-10-01,19.33,False,K-pneumoniae__Ciprofloxacin__East of England,lstm
2023-11-01,22.1,False,K-pneumoniae__Ciprofloxacin__East of England,lstm
2023-12-01,21.93,False,K-pneumoniae__Ciprofloxacin__East of England,lstm
2024-01-01,23.29,False,K-pneumoniae__Ciprofloxacin__East of England,lstm
2024-02-01,24.59,False,K-pneumoniae__Ciprofloxacin__East of England,lstm
2024-03-01,28.03,False,K-pneumoniae__Ciprofloxacin__East of England,lstm
2024-04-01,23.89,False,K-pneumoniae__Ciprofloxacin__East of England,lstm
2024-05-01,19.23,False,K-pneumoniae__Ciprofloxacin__East of England,lstm
2024-06-01,17.65,False,K-pneumoniae__Ciprofloxacin__East of England,lstm
2024-07-01,21.29,False,K-pneumoniae__Ciprofloxacin__East of England,lstm
2024-08-01,22.53,False,K-pneumoniae__Ciprofloxacin__East of England,lstm
2024-09-01,24.68,False,K-pneumoniae__Ciprofloxacin__East of England,lstm
2024-10-01,24.84,False,K-pneumoniae__Ciprofloxacin__East of England,lstm
2024-11-01,26.37,False,K-pneumoniae__Ciprofloxacin__East of England,lstm
2024-12-01,24.04,False,K-pneumoniae__Ciprofloxacin__East of England,lstm
2025-01-01,22.99,False,K-pneumoniae__Ciprofloxacin__East of England,lstm
2025-02-01,21.71,False,K-pneumoniae__Ciprofloxacin__East of England,lstm
2025-03-01,19.47,False,K-pneumoniae__Ciprofloxacin__East of England,lstm
2025-04-01,20.16,False,K-pneumoniae__Ciprofloxacin__East of England,lstm
2025-05-01,20.15,False,K-pneumoniae__Ciprofloxacin__East of England,lstm
2025-06-01,23.63,False,K-pneumoniae__Ciprofloxacin__East of England,lstm
2025-07-01,22.233250567871526,True,K-pneumoniae__Ciprofloxacin__East of England,lstm
2025-08-01,22.526742902619816,True,K-pneumoniae__Ciprofloxacin__East of England,lstm
2025-09-01,22.54436350121552,True,K-pneumoniae__Ciprofloxacin__East of England,lstm
2025-10-01,22.432194104488993,True,K-pneumoniae__Ciprofloxacin__East of England,lstm
2025-11-01,22.178618138933427,True,K-pneumoniae__Ciprofloxacin__East of England,lstm
2025-12-01,21.98760093438812,True,K-pneumoniae__Ciprofloxacin__East of England,lstm
2020-08-01,22.83,False,K-pneumoniae__Ciprofloxacin__London,lstm
2020-09-01,20.16,False,K-pneumoniae__Ciprofloxacin__London,lstm
2020-10-01,22.69,False,K-pneumoniae__Ciprofloxacin__London,lstm
2020-11-01,20.149999999999995,False,K-pneumoniae__Ciprofloxacin__London,lstm
2020-12-01,22.58,False,K-pneumoniae__Ciprofloxacin__London,lstm
2021-01-01,21.0,False,K-pneumoniae__Ciprofloxacin__London,lstm
2021-02-01,24.01,False,K-pneumoniae__Ciprofloxacin__London,lstm
2021-03-01,23.15,False,K-pneumoniae__Ciprofloxacin__London,lstm
2021-04-01,22.01,False,K-pneumoniae__Ciprofloxacin__London,lstm
2021-05-01,24.620000000000005,False,K-pneumoniae__Ciprofloxacin__London,lstm
2021-06-01,26.79,False,K-pneumoniae__Ciprofloxacin__London,lstm
2021-07-01,28.769999999999996,False,K-pneumoniae__Ciprofloxacin__London,lstm
2021-08-01,27.37,False,K-pneumoniae__Ciprofloxacin__London,lstm
2021-09-01,22.26,False,K-pneumoniae__Ciprofloxacin__London,lstm
2021-10-01,23.01,False,K-pneumoniae__Ciprofloxacin__London,lstm
2021-11-01,23.81,False,K-pneumoniae__Ciprofloxacin__London,lstm
2021-12-01,27.22,False,K-pneumoniae__Ciprofloxacin__London,lstm
2022-01-01,26.02,False,K-pneumoniae__Ciprofloxacin__London,lstm
2022-02-01,27.17,False,K-pneumoniae__Ciprofloxacin__London,lstm
2022-03-01,27.84,False,K-pneumoniae__Ciprofloxacin__London,lstm
2022-04-01,27.17,False,K-pneumoniae__Ciprofloxacin__London,lstm
2022-05-01,27.59,False,K-pneumoniae__Ciprofloxacin__London,lstm
2022-06-01,24.35,False,K-pneumoniae__Ciprofloxacin__London,lstm
2022-07-01,24.570000000000004,False,K-pneumoniae__Ciprofloxacin__London,lstm
2022-08-01,22.83,False,K-pneumoniae__Ciprofloxacin__London,lstm
2022-09-01,24.51,False,K-pneumoniae__Ciprofloxacin__London,lstm
2022-10-01,24.46,False,K-pneumoniae__Ciprofloxacin__London,lstm
2022-11-01,26.85,False,K-pneumoniae__Ciprofloxacin__London,lstm
2022-12-01,25.3,False,K-pneumoniae__Ciprofloxacin__London,lstm
2023-01-01,27.3,False,K-pneumoniae__Ciprofloxacin__London,lstm
2023-02-01,24.12,False,K-pneumoniae__Ciprofloxacin__London,lstm
2023-03-01,24.670000000000005,False,K-pneumoniae__Ciprofloxacin__London,lstm
2023-04-01,24.0,False,K-pneumoniae__Ciprofloxacin__London,lstm
2023-05-01,26.35,False,K-pneumoniae__Ciprofloxacin__London,lstm
2023-06-01,28.57,False,K-pneumoniae__Ciprofloxacin__London,lstm
2023-07-01,28.779999999999998,False,K-pneumoniae__Ciprofloxacin__London,lstm
2023-08-01,26.42,False,K-pneumoniae__Ciprofloxacin__London,lstm
2023-09-01,26.3,False,K-pneumoniae__Ciprofloxacin__London,lstm
2023-10-01,25.78,False,K-pneumoniae__Ciprofloxacin__London,lstm
2023-11-01,26.29,False,K-pneumoniae__Ciprofloxacin__London,lstm
2023-12-01,25.74,False,K-pneumoniae__Ciprofloxacin__London,lstm
2024-01-01,23.23,False,K-pneumoniae__Ciprofloxacin__London,lstm
2024-02-01,22.73,False,K-pneumoniae__Ciprofloxacin__London,lstm
2024-03-01,20.92,False,K-pneumoniae__Ciprofloxacin__London,lstm
2024-04-01,22.22,False,K-pneumoniae__Ciprofloxacin__London,lstm
2024-05-01,21.45,False,K-pneumoniae__Ciprofloxacin__London,lstm
2024-06-01,23.36,False,K-pneumoniae__Ciprofloxacin__London,lstm
2024-07-01,23.31,False,K-pneumoniae__Ciprofloxacin__London,lstm
2024-08-01,26.18,False,K-pneumoniae__Ciprofloxacin__London,lstm
2024-09-01,24.479999999999997,False,K-pneumoniae__Ciprofloxacin__London,lstm
2024-10-01,26.559999999999995,False,K-pneumoniae__Ciprofloxacin__London,lstm
2024-11-01,25.83,False,K-pneumoniae__Ciprofloxacin__London,lstm
2024-12-01,26.689999999999998,False,K-pneumoniae__Ciprofloxacin__London,lstm
2025-01-01,26.3,False,K-pneumoniae__Ciprofloxacin__London,lstm
2025-02-01,26.5,False,K-pneumoniae__Ciprofloxacin__London,lstm
2025-03-01,25.51,False,K-pneumoniae__Ciprofloxacin__London,lstm
2025-04-01,22.94,False,K-pneumoniae__Ciprofloxacin__London,lstm
2025-05-01,20.93,False,K-pneumoniae__Ciprofloxacin__London,lstm
2025-06-01,22.380000000000003,False,K-pneumoniae__Ciprofloxacin__London,lstm
2025-07-01,25.08936097023708,True,K-pneumoniae__Ciprofloxacin__London,lstm
2025-08-01,25.459155350723783,True,K-pneumoniae__Ciprofloxacin__London,lstm
2025-09-01,25.69887466281503,True,K-pneumoniae__Ciprofloxacin__London,lstm
2025-10-01,25.731058053675977,True,K-pneumoniae__Ciprofloxacin__London,lstm
2025-11-01,25.579209996314116,True,K-pneumoniae__Ciprofloxacin__London,lstm
2025-12-01,25.374759527390875,True,K-pneumoniae__Ciprofloxacin__London,lstm
2020-08-01,16.84,False,K-pneumoniae__Ciprofloxacin__North East,lstm
2020-09-01,16.98,False,K-pneumoniae__Ciprofloxacin__North East,lstm
2020-10-01,17.76,False,K-pneumoniae__Ciprofloxacin__North East,lstm
2020-11-01,18.82,False,K-pneumoniae__Ciprofloxacin__North East,lstm
2020-12-01,16.47,False,K-pneumoniae__Ciprofloxacin__North East,lstm
2021-01-01,21.74,False,K-pneumoniae__Ciprofloxacin__North East,lstm
2021-02-01,18.87,False,K-pneumoniae__Ciprofloxacin__North East,lstm
2021-03-01,21.78,False,K-pneumoniae__Ciprofloxacin__North East,lstm
2021-04-01,13.83,False,K-pneumoniae__Ciprofloxacin__North East,lstm
2021-05-01,13.83,False,K-pneumoniae__Ciprofloxacin__North East,lstm
2021-06-01,12.87,False,K-pneumoniae__Ciprofloxacin__North East,lstm
2021-07-01,15.65,False,K-pneumoniae__Ciprofloxacin__North East,lstm
2021-08-01,15.44,False,K-pneumoniae__Ciprofloxacin__North East,lstm
2021-09-01,15.909999999999998,False,K-pneumoniae__Ciprofloxacin__North East,lstm
2021-10-01,18.44,False,K-pneumoniae__Ciprofloxacin__North East,lstm
2021-11-01,22.31,False,K-pneumoniae__Ciprofloxacin__North East,lstm
2021-12-01,21.97,False,K-pneumoniae__Ciprofloxacin__North East,lstm
2022-01-01,22.69,False,K-pneumoniae__Ciprofloxacin__North East,lstm
2022-02-01,21.78,False,K-pneumoniae__Ciprofloxacin__North East,lstm
2022-03-01,20.41,False,K-pneumoniae__Ciprofloxacin__North East,lstm
2022-04-01,21.43,False,K-pneumoniae__Ciprofloxacin__North East,lstm
2022-05-01,25.96,False,K-pneumoniae__Ciprofloxacin__North East,lstm
2022-06-01,25.0,False,K-pneumoniae__Ciprofloxacin__North East,lstm
2022-07-01,19.27,False,K-pneumoniae__Ciprofloxacin__North East,lstm
2022-08-01,11.67,False,K-pneumoniae__Ciprofloxacin__North East,lstm
2022-09-01,12.77,False,K-pneumoniae__Ciprofloxacin__North East,lstm
2022-10-01,16.79,False,K-pneumoniae__Ciprofloxacin__North East,lstm
2022-11-01,20.61,False,K-pneumoniae__Ciprofloxacin__North East,lstm
2022-12-01,23.85,False,K-pneumoniae__Ciprofloxacin__North East,lstm
2023-01-01,19.0,False,K-pneumoniae__Ciprofloxacin__North East,lstm
2023-02-01,16.67,False,K-pneumoniae__Ciprofloxacin__North East,lstm
2023-03-01,17.2,False,K-pneumoniae__Ciprofloxacin__North East,lstm
2023-04-01,20.0,False,K-pneumoniae__Ciprofloxacin__North East,lstm
2023-05-01,21.88,False,K-pneumoniae__Ciprofloxacin__North East,lstm
2023-06-01,20.0,False,K-pneumoniae__Ciprofloxacin__North East,lstm
2023-07-01,19.47,False,K-pneumoniae__Ciprofloxacin__North East,lstm
2023-08-01,14.52,False,K-pneumoniae__Ciprofloxacin__North East,lstm
2023-09-01,19.49,False,K-pneumoniae__Ciprofloxacin__North East,lstm
2023-10-01,20.31,False,K-pneumoniae__Ciprofloxacin__North East,lstm
2023-11-01,23.28,False,K-pneumoniae__Ciprofloxacin__North East,lstm
2023-12-01,20.54,False,K-pneumoniae__Ciprofloxacin__North East,lstm
2024-01-01,16.0,False,K-pneumoniae__Ciprofloxacin__North East,lstm
2024-02-01,18.92,False,K-pneumoniae__Ciprofloxacin__North East,lstm
2024-03-01,15.130000000000003,False,K-pneumoniae__Ciprofloxacin__North East,lstm
2024-04-01,20.54,False,K-pneumoniae__Ciprofloxacin__North East,lstm
2024-05-01,22.94,False,K-pneumoniae__Ciprofloxacin__North East,lstm
2024-06-01,22.22,False,K-pneumoniae__Ciprofloxacin__North East,lstm
2024-07-01,17.05,False,K-pneumoniae__Ciprofloxacin__North East,lstm
2024-08-01,16.15,False,K-pneumoniae__Ciprofloxacin__North East,lstm
2024-09-01,21.58,False,K-pneumoniae__Ciprofloxacin__North East,lstm
2024-10-01,25.0,False,K-pneumoniae__Ciprofloxacin__North East,lstm
2024-11-01,22.6,False,K-pneumoniae__Ciprofloxacin__North East,lstm
2024-12-01,19.29,False,K-pneumoniae__Ciprofloxacin__North East,lstm
2025-01-01,17.14,False,K-pneumoniae__Ciprofloxacin__North East,lstm
2025-02-01,15.600000000000001,False,K-pneumoniae__Ciprofloxacin__North East,lstm
2025-03-01,19.23,False,K-pneumoniae__Ciprofloxacin__North East,lstm
2025-04-01,21.01,False,K-pneumoniae__Ciprofloxacin__North East,lstm
2025-05-01,22.4,False,K-pneumoniae__Ciprofloxacin__North East,lstm
2025-06-01,20.97,False,K-pneumoniae__Ciprofloxacin__North East,lstm
2025-07-01,19.452028930832988,True,K-pneumoniae__Ciprofloxacin__North East,lstm
2025-08-01,19.669596827926085,True,K-pneumoniae__Ciprofloxacin__North East,lstm
2025-09-01,19.961688304592915,True,K-pneumoniae__Ciprofloxacin__North East,lstm
2025-10-01,20.165433130141682,True,K-pneumoniae__Ciprofloxacin__North East,lstm
2025-11-01,20.25879535063268,True,K-pneumoniae__Ciprofloxacin__North East,lstm
2025-12-01,20.16981450381845,True,K-pneumoniae__Ciprofloxacin__North East,lstm
2020-08-01,17.19,False,K-pneumoniae__Ciprofloxacin__North West,lstm
2020-09-01,16.59,False,K-pneumoniae__Ciprofloxacin__North West,lstm
2020-10-01,18.43,False,K-pneumoniae__Ciprofloxacin__North West,lstm
2020-11-01,18.4,False,K-pneumoniae__Ciprofloxacin__North West,lstm
2020-12-01,18.18,False,K-pneumoniae__Ciprofloxacin__North West,lstm
2021-01-01,12.14,False,K-pneumoniae__Ciprofloxacin__North West,lstm
2021-02-01,11.65,False,K-pneumoniae__Ciprofloxacin__North West,lstm
2021-03-01,13.76,False,K-pneumoniae__Ciprofloxacin__North West,lstm
2021-04-01,17.49,False,K-pneumoniae__Ciprofloxacin__North West,lstm
2021-05-01,16.28,False,K-pneumoniae__Ciprofloxacin__North West,lstm
2021-06-01,13.36,False,K-pneumoniae__Ciprofloxacin__North West,lstm
2021-07-01,13.53,False,K-pneumoniae__Ciprofloxacin__North West,lstm
2021-08-01,16.59,False,K-pneumoniae__Ciprofloxacin__North West,lstm
2021-09-01,18.78,False,K-pneumoniae__Ciprofloxacin__North West,lstm
2021-10-01,18.55,False,K-pneumoniae__Ciprofloxacin__North West,lstm
2021-11-01,16.87,False,K-pneumoniae__Ciprofloxacin__North West,lstm
2021-12-01,17.21,False,K-pneumoniae__Ciprofloxacin__North West,lstm
2022-01-01,15.97,False,K-pneumoniae__Ciprofloxacin__North West,lstm
2022-02-01,17.06,False,K-pneumoniae__Ciprofloxacin__North West,lstm
2022-03-01,16.82,False,K-pneumoniae__Ciprofloxacin__North West,lstm
2022-04-01,18.75,False,K-pneumoniae__Ciprofloxacin__North West,lstm
2022-05-01,17.07,False,K-pneumoniae__Ciprofloxacin__North West,lstm
2022-06-01,16.67,False,K-pneumoniae__Ciprofloxacin__North West,lstm
2022-07-01,17.16,False,K-pneumoniae__Ciprofloxacin__North West,lstm
2022-08-01,16.41,False,K-pneumoniae__Ciprofloxacin__North West,lstm
2022-09-01,14.85,False,K-pneumoniae__Ciprofloxacin__North West,lstm
2022-10-01,15.38,False,K-pneumoniae__Ciprofloxacin__North West,lstm
2022-11-01,17.36,False,K-pneumoniae__Ciprofloxacin__North West,lstm
2022-12-01,21.2,False,K-pneumoniae__Ciprofloxacin__North West,lstm
2023-01-01,21.6,False,K-pneumoniae__Ciprofloxacin__North West,lstm
2023-02-01,20.8,False,K-pneumoniae__Ciprofloxacin__North West,lstm
2023-03-01,18.22,False,K-pneumoniae__Ciprofloxacin__North West,lstm
2023-04-01,20.99,False,K-pneumoniae__Ciprofloxacin__North West,lstm
2023-05-01,20.61,False,K-pneumoniae__Ciprofloxacin__North West,lstm
2023-06-01,19.41,False,K-pneumoniae__Ciprofloxacin__North West,lstm
2023-07-01,13.41,False,K-pneumoniae__Ciprofloxacin__North West,lstm
2023-08-01,15.500000000000002,False,K-pneumoniae__Ciprofloxacin__North West,lstm
2023-09-01,16.49,False,K-pneumoniae__Ciprofloxacin__North West,lstm
2023-10-01,18.56,False,K-pneumoniae__Ciprofloxacin__North West,lstm
2023-11-01,18.49,False,K-pneumoniae__Ciprofloxacin__North West,lstm
2023-12-01,20.36,False,K-pneumoniae__Ciprofloxacin__North West,lstm
2024-01-01,19.34,False,K-pneumoniae__Ciprofloxacin__North West,lstm
2024-02-01,15.02,False,K-pneumoniae__Ciprofloxacin__North West,lstm
2024-03-01,13.91,False,K-pneumoniae__Ciprofloxacin__North West,lstm
2024-04-01,16.0,False,K-pneumoniae__Ciprofloxacin__North West,lstm
2024-05-01,22.43,False,K-pneumoniae__Ciprofloxacin__North West,lstm
2024-06-01,21.83,False,K-pneumoniae__Ciprofloxacin__North West,lstm
2024-07-01,22.96,False,K-pneumoniae__Ciprofloxacin__North West,lstm
2024-08-01,19.08,False,K-pneumoniae__Ciprofloxacin__North West,lstm
2024-09-01,20.0,False,K-pneumoniae__Ciprofloxacin__North West,lstm
2024-10-01,18.86,False,K-pneumoniae__Ciprofloxacin__North West,lstm
2024-11-01,18.75,False,K-pneumoniae__Ciprofloxacin__North West,lstm
2024-12-01,19.58,False,K-pneumoniae__Ciprofloxacin__North West,lstm
2025-01-01,16.78,False,K-pneumoniae__Ciprofloxacin__North West,lstm
2025-02-01,17.06,False,K-pneumoniae__Ciprofloxacin__North West,lstm
2025-03-01,14.389999999999999,False,K-pneumoniae__Ciprofloxacin__North West,lstm
2025-04-01,19.92,False,K-pneumoniae__Ciprofloxacin__North West,lstm
2025-05-01,20.07,False,K-pneumoniae__Ciprofloxacin__North West,lstm
2025-06-01,20.39,False,K-pneumoniae__Ciprofloxacin__North West,lstm
2025-07-01,18.361432232614046,True,K-pneumoniae__Ciprofloxacin__North West,lstm
2025-08-01,18.486456173895245,True,K-pneumoniae__Ciprofloxacin__North West,lstm
2025-09-01,18.410274927618403,True,K-pneumoniae__Ciprofloxacin__North West,lstm
2025-10-01,18.405629488031032,True,K-pneumoniae__Ciprofloxacin__North West,lstm
2025-11-01,18.32041191574695,True,K-pneumoniae__Ciprofloxacin__North West,lstm
2025-12-01,18.191397138659223,True,K-pneumoniae__Ciprofloxacin__North West,lstm
2020-08-01,17.21,False,K-pneumoniae__Ciprofloxacin__South East,lstm
2020-09-01,14.159999999999998,False,K-pneumoniae__Ciprofloxacin__South East,lstm
2020-10-01,16.46,False,K-pneumoniae__Ciprofloxacin__South East,lstm
2020-11-01,15.019999999999998,False,K-pneumoniae__Ciprofloxacin__South East,lstm
2020-12-01,17.49,False,K-pneumoniae__Ciprofloxacin__South East,lstm
2021-01-01,14.889999999999999,False,K-pneumoniae__Ciprofloxacin__South East,lstm
2021-02-01,15.19,False,K-pneumoniae__Ciprofloxacin__South East,lstm
2021-03-01,11.34,False,K-pneumoniae__Ciprofloxacin__South East,lstm
2021-04-01,14.22,False,K-pneumoniae__Ciprofloxacin__South East,lstm
2021-05-01,15.07,False,K-pneumoniae__Ciprofloxacin__South East,lstm
2021-06-01,16.75,False,K-pneumoniae__Ciprofloxacin__South East,lstm
2021-07-01,15.45,False,K-pneumoniae__Ciprofloxacin__South East,lstm
2021-08-01,15.88,False,K-pneumoniae__Ciprofloxacin__South East,lstm
2021-09-01,16.41,False,K-pneumoniae__Ciprofloxacin__South East,lstm
2021-10-01,16.28,False,K-pneumoniae__Ciprofloxacin__South East,lstm
2021-11-01,18.75,False,K-pneumoniae__Ciprofloxacin__South East,lstm
2021-12-01,21.38,False,K-pneumoniae__Ciprofloxacin__South East,lstm
2022-01-01,20.83,False,K-pneumoniae__Ciprofloxacin__South East,lstm
2022-02-01,17.55,False,K-pneumoniae__Ciprofloxacin__South East,lstm
2022-03-01,18.33,False,K-pneumoniae__Ciprofloxacin__South East,lstm
2022-04-01,20.0,False,K-pneumoniae__Ciprofloxacin__South East,lstm
2022-05-01,20.68,False,K-pneumoniae__Ciprofloxacin__South East,lstm
2022-06-01,18.22,False,K-pneumoniae__Ciprofloxacin__South East,lstm
2022-07-01,13.98,False,K-pneumoniae__Ciprofloxacin__South East,lstm
2022-08-01,13.91,False,K-pneumoniae__Ciprofloxacin__South East,lstm
2022-09-01,12.13,False,K-pneumoniae__Ciprofloxacin__South East,lstm
2022-10-01,12.66,False,K-pneumoniae__Ciprofloxacin__South East,lstm
2022-11-01,13.530000000000001,False,K-pneumoniae__Ciprofloxacin__South East,lstm
2022-12-01,12.999999999999998,False,K-pneumoniae__Ciprofloxacin__South East,lstm
2023-01-01,12.24,False,K-pneumoniae__Ciprofloxacin__South East,lstm
2023-02-01,10.95,False,K-pneumoniae__Ciprofloxacin__South East,lstm
2023-03-01,13.64,False,K-pneumoniae__Ciprofloxacin__South East,lstm
2023-04-01,16.8,False,K-pneumoniae__Ciprofloxacin__South East,lstm
2023-05-01,18.11,False,K-pneumoniae__Ciprofloxacin__South East,lstm
2023-06-01,16.17,False,K-pneumoniae__Ciprofloxacin__South East,lstm
2023-07-01,15.69,False,K-pneumoniae__Ciprofloxacin__South East,lstm
2023-08-01,16.38,False,K-pneumoniae__Ciprofloxacin__South East,lstm
2023-09-01,19.16,False,K-pneumoniae__Ciprofloxacin__South East,lstm
2023-10-01,18.98,False,K-pneumoniae__Ciprofloxacin__South East,lstm
2023-11-01,17.2,False,K-pneumoniae__Ciprofloxacin__South East,lstm
2023-12-01,15.26,False,K-pneumoniae__Ciprofloxacin__South East,lstm
2024-01-01,14.24,False,K-pneumoniae__Ciprofloxacin__South East,lstm
2024-02-01,14.03,False,K-pneumoniae__Ciprofloxacin__South East,lstm
2024-03-01,15.68,False,K-pneumoniae__Ciprofloxacin__South East,lstm
2024-04-01,15.17,False,K-pneumoniae__Ciprofloxacin__South East,lstm
2024-05-01,17.98,False,K-pneumoniae__Ciprofloxacin__South East,lstm
2024-06-01,19.18,False,K-pneumoniae__Ciprofloxacin__South East,lstm
2024-07-01,19.09,False,K-pneumoniae__Ciprofloxacin__South East,lstm
2024-08-01,18.07,False,K-pneumoniae__Ciprofloxacin__South East,lstm
2024-09-01,17.89,False,K-pneumoniae__Ciprofloxacin__South East,lstm
2024-10-01,17.49,False,K-pneumoniae__Ciprofloxacin__South East,lstm
2024-11-01,17.26,False,K-pneumoniae__Ciprofloxacin__South East,lstm
2024-12-01,14.42,False,K-pneumoniae__Ciprofloxacin__South East,lstm
2025-01-01,14.75,False,K-pneumoniae__Ciprofloxacin__South East,lstm
2025-02-01,14.03,False,K-pneumoniae__Ciprofloxacin__South East,lstm
2025-03-01,13.29,False,K-pneumoniae__Ciprofloxacin__South East,lstm
2025-04-01,12.5,False,K-pneumoniae__Ciprofloxacin__South East,lstm
2025-05-01,10.45,False,K-pneumoniae__Ciprofloxacin__South East,lstm
2025-06-01,11.51,False,K-pneumoniae__Ciprofloxacin__South East,lstm
2025-07-01,17.42705195989382,True,K-pneumoniae__Ciprofloxacin__South East,lstm
2025-08-01,17.70454203294244,True,K-pneumoniae__Ciprofloxacin__South East,lstm
2025-09-01,17.738546091042473,True,K-pneumoniae__Ciprofloxacin__South East,lstm
2025-10-01,17.560269236295387,True,K-pneumoniae__Ciprofloxacin__South East,lstm
2025-11-01,17.235036998132543,True,K-pneumoniae__Ciprofloxacin__South East,lstm
2025-12-01,16.942437096983664,True,K-pneumoniae__Ciprofloxacin__South East,lstm
2020-08-01,9.77,False,K-pneumoniae__Ciprofloxacin__South West,lstm
2020-09-01,6.670000000000001,False,K-pneumoniae__Ciprofloxacin__South West,lstm
2020-10-01,7.76,False,K-pneumoniae__Ciprofloxacin__South West,lstm
2020-11-01,4.76,False,K-pneumoniae__Ciprofloxacin__South West,lstm
2020-12-01,8.18,False,K-pneumoniae__Ciprofloxacin__South West,lstm
2021-01-01,12.0,False,K-pneumoniae__Ciprofloxacin__South West,lstm
2021-02-01,12.4,False,K-pneumoniae__Ciprofloxacin__South West,lstm
2021-03-01,13.77,False,K-pneumoniae__Ciprofloxacin__South West,lstm
2021-04-01,13.240000000000002,False,K-pneumoniae__Ciprofloxacin__South West,lstm
2021-05-01,11.76,False,K-pneumoniae__Ciprofloxacin__South West,lstm
2021-06-01,9.48,False,K-pneumoniae__Ciprofloxacin__South West,lstm
2021-07-01,5.98,False,K-pneumoniae__Ciprofloxacin__South West,lstm
2021-08-01,6.14,False,K-pneumoniae__Ciprofloxacin__South West,lstm
2021-09-01,6.720000000000001,False,K-pneumoniae__Ciprofloxacin__South West,lstm
2021-10-01,9.46,False,K-pneumoniae__Ciprofloxacin__South West,lstm
2021-11-01,11.33,False,K-pneumoniae__Ciprofloxacin__South West,lstm
2021-12-01,10.49,False,K-pneumoniae__Ciprofloxacin__South West,lstm
2022-01-01,10.49,False,K-pneumoniae__Ciprofloxacin__South West,lstm
2022-02-01,9.56,False,K-pneumoniae__Ciprofloxacin__South West,lstm
2022-03-01,12.7,False,K-pneumoniae__Ciprofloxacin__South West,lstm
2022-04-01,9.92,False,K-pneumoniae__Ciprofloxacin__South West,lstm
2022-05-01,8.89,False,K-pneumoniae__Ciprofloxacin__South West,lstm
2022-06-01,8.4,False,K-pneumoniae__Ciprofloxacin__South West,lstm
2022-07-01,8.89,False,K-pneumoniae__Ciprofloxacin__South West,lstm
2022-08-01,11.03,False,K-pneumoniae__Ciprofloxacin__South West,lstm
2022-09-01,8.45,False,K-pneumoniae__Ciprofloxacin__South West,lstm
2022-10-01,7.97,False,K-pneumoniae__Ciprofloxacin__South West,lstm
2022-11-01,7.429999999999999,False,K-pneumoniae__Ciprofloxacin__South West,lstm
2022-12-01,10.2,False,K-pneumoniae__Ciprofloxacin__South West,lstm
2023-01-01,11.11,False,K-pneumoniae__Ciprofloxacin__South West,lstm
2023-02-01,9.22,False,K-pneumoniae__Ciprofloxacin__South West,lstm
2023-03-01,6.56,False,K-pneumoniae__Ciprofloxacin__South West,lstm
2023-04-01,6.31,False,K-pneumoniae__Ciprofloxacin__South West,lstm
2023-05-01,11.57,False,K-pneumoniae__Ciprofloxacin__South West,lstm
2023-06-01,14.840000000000002,False,K-pneumoniae__Ciprofloxacin__South West,lstm
2023-07-01,14.940000000000001,False,K-pneumoniae__Ciprofloxacin__South West,lstm
2023-08-01,11.86,False,K-pneumoniae__Ciprofloxacin__South West,lstm
2023-09-01,9.18,False,K-pneumoniae__Ciprofloxacin__South West,lstm
2023-10-01,9.9,False,K-pneumoniae__Ciprofloxacin__South West,lstm
2023-11-01,11.52,False,K-pneumoniae__Ciprofloxacin__South West,lstm
2023-12-01,14.290000000000001,False,K-pneumoniae__Ciprofloxacin__South West,lstm
2024-01-01,15.850000000000001,False,K-pneumoniae__Ciprofloxacin__South West,lstm
2024-02-01,13.94,False,K-pneumoniae__Ciprofloxacin__South West,lstm
2024-03-01,12.0,False,K-pneumoniae__Ciprofloxacin__South West,lstm
2024-04-01,8.7,False,K-pneumoniae__Ciprofloxacin__South West,lstm
2024-05-01,9.82,False,K-pneumoniae__Ciprofloxacin__South West,lstm
2024-06-01,10.6,False,K-pneumoniae__Ciprofloxacin__South West,lstm
2024-07-01,12.24,False,K-pneumoniae__Ciprofloxacin__South West,lstm
2024-08-01,13.38,False,K-pneumoniae__Ciprofloxacin__South West,lstm
2024-09-01,12.79,False,K-pneumoniae__Ciprofloxacin__South West,lstm
2024-10-01,10.43,False,K-pneumoniae__Ciprofloxacin__South West,lstm
2024-11-01,10.81,False,K-pneumoniae__Ciprofloxacin__South West,lstm
2024-12-01,16.34,False,K-pneumoniae__Ciprofloxacin__South West,lstm
2025-01-01,16.44,False,K-pneumoniae__Ciprofloxacin__South West,lstm
2025-02-01,17.61,False,K-pneumoniae__Ciprofloxacin__South West,lstm
2025-03-01,12.06,False,K-pneumoniae__Ciprofloxacin__South West,lstm
2025-04-01,13.61,False,K-pneumoniae__Ciprofloxacin__South West,lstm
2025-05-01,13.66,False,K-pneumoniae__Ciprofloxacin__South West,lstm
2025-06-01,16.27,False,K-pneumoniae__Ciprofloxacin__South West,lstm
2025-07-01,11.98925853209841,True,K-pneumoniae__Ciprofloxacin__South West,lstm
2025-08-01,12.496375048500708,True,K-pneumoniae__Ciprofloxacin__South West,lstm
2025-09-01,12.65684855862378,True,K-pneumoniae__Ciprofloxacin__South West,lstm
2025-10-01,12.806389525480867,True,K-pneumoniae__Ciprofloxacin__South West,lstm
2025-11-01,12.83229834686078,True,K-pneumoniae__Ciprofloxacin__South West,lstm
2025-12-01,12.887596156896548,True,K-pneumoniae__Ciprofloxacin__South West,lstm
2020-08-01,7.38,False,K-pneumoniae__Ciprofloxacin__West Midlands,lstm
2020-09-01,5.84,False,K-pneumoniae__Ciprofloxacin__West Midlands,lstm
2020-10-01,6.4,False,K-pneumoniae__Ciprofloxacin__West Midlands,lstm
2020-11-01,8.7,False,K-pneumoniae__Ciprofloxacin__West Midlands,lstm
2020-12-01,10.16,False,K-pneumoniae__Ciprofloxacin__West Midlands,lstm
2021-01-01,9.27,False,K-pneumoniae__Ciprofloxacin__West Midlands,lstm
2021-02-01,7.32,False,K-pneumoniae__Ciprofloxacin__West Midlands,lstm
2021-03-01,5.21,False,K-pneumoniae__Ciprofloxacin__West Midlands,lstm
2021-04-01,5.92,False,K-pneumoniae__Ciprofloxacin__West Midlands,lstm
2021-05-01,9.15,False,K-pneumoniae__Ciprofloxacin__West Midlands,lstm
2021-06-01,11.69,False,K-pneumoniae__Ciprofloxacin__West Midlands,lstm
2021-07-01,15.379999999999999,False,K-pneumoniae__Ciprofloxacin__West Midlands,lstm
2021-08-01,10.0,False,K-pneumoniae__Ciprofloxacin__West Midlands,lstm
2021-09-01,9.28,False,K-pneumoniae__Ciprofloxacin__West Midlands,lstm
2021-10-01,5.83,False,K-pneumoniae__Ciprofloxacin__West Midlands,lstm
2021-11-01,10.53,False,K-pneumoniae__Ciprofloxacin__West Midlands,lstm
2021-12-01,10.78,False,K-pneumoniae__Ciprofloxacin__West Midlands,lstm
2022-01-01,15.43,False,K-pneumoniae__Ciprofloxacin__West Midlands,lstm
2022-02-01,13.45,False,K-pneumoniae__Ciprofloxacin__West Midlands,lstm
2022-03-01,14.45,False,K-pneumoniae__Ciprofloxacin__West Midlands,lstm
2022-04-01,12.5,False,K-pneumoniae__Ciprofloxacin__West Midlands,lstm
2022-05-01,9.83,False,K-pneumoniae__Ciprofloxacin__West Midlands,lstm
2022-06-01,7.65,False,K-pneumoniae__Ciprofloxacin__West Midlands,lstm
2022-07-01,7.450000000000001,False,K-pneumoniae__Ciprofloxacin__West Midlands,lstm
2022-08-01,11.73,False,K-pneumoniae__Ciprofloxacin__West Midlands,lstm
2022-09-01,14.43,False,K-pneumoniae__Ciprofloxacin__West Midlands,lstm
2022-10-01,16.5,False,K-pneumoniae__Ciprofloxacin__West Midlands,lstm
2022-11-01,13.06,False,K-pneumoniae__Ciprofloxacin__West Midlands,lstm
2022-12-01,9.71,False,K-pneumoniae__Ciprofloxacin__West Midlands,lstm
2023-01-01,7.39,False,K-pneumoniae__Ciprofloxacin__West Midlands,lstm
2023-02-01,8.24,False,K-pneumoniae__Ciprofloxacin__West Midlands,lstm
2023-03-01,12.22,False,K-pneumoniae__Ciprofloxacin__West Midlands,lstm
2023-04-01,11.24,False,K-pneumoniae__Ciprofloxacin__West Midlands,lstm
2023-05-01,13.469999999999999,False,K-pneumoniae__Ciprofloxacin__West Midlands,lstm
2023-06-01,14.75,False,K-pneumoniae__Ciprofloxacin__West Midlands,lstm
2023-07-01,15.11,False,K-pneumoniae__Ciprofloxacin__West Midlands,lstm
2023-08-01,13.98,False,K-pneumoniae__Ciprofloxacin__West Midlands,lstm
2023-09-01,14.859999999999998,False,K-pneumoniae__Ciprofloxacin__West Midlands,lstm
2023-10-01,12.93,False,K-pneumoniae__Ciprofloxacin__West Midlands,lstm
2023-11-01,14.89,False,K-pneumoniae__Ciprofloxacin__West Midlands,lstm
2023-12-01,14.410000000000002,False,K-pneumoniae__Ciprofloxacin__West Midlands,lstm
2024-01-01,16.9,False,K-pneumoniae__Ciprofloxacin__West Midlands,lstm
2024-02-01,15.66,False,K-pneumoniae__Ciprofloxacin__West Midlands,lstm
2024-03-01,14.85,False,K-pneumoniae__Ciprofloxacin__West Midlands,lstm
2024-04-01,17.33,False,K-pneumoniae__Ciprofloxacin__West Midlands,lstm
2024-05-01,17.99,False,K-pneumoniae__Ciprofloxacin__West Midlands,lstm
2024-06-01,15.960000000000003,False,K-pneumoniae__Ciprofloxacin__West Midlands,lstm
2024-07-01,14.949999999999998,False,K-pneumoniae__Ciprofloxacin__West Midlands,lstm
2024-08-01,13.43,False,K-pneumoniae__Ciprofloxacin__West Midlands,lstm
2024-09-01,13.739999999999998,False,K-pneumoniae__Ciprofloxacin__West Midlands,lstm
2024-10-01,15.859999999999998,False,K-pneumoniae__Ciprofloxacin__West Midlands,lstm
2024-11-01,16.59,False,K-pneumoniae__Ciprofloxacin__West Midlands,lstm
2024-12-01,17.11,False,K-pneumoniae__Ciprofloxacin__West Midlands,lstm
2025-01-01,15.739999999999998,False,K-pneumoniae__Ciprofloxacin__West Midlands,lstm
2025-02-01,15.84,False,K-pneumoniae__Ciprofloxacin__West Midlands,lstm
2025-03-01,15.350000000000001,False,K-pneumoniae__Ciprofloxacin__West Midlands,lstm
2025-04-01,12.829999999999998,False,K-pneumoniae__Ciprofloxacin__West Midlands,lstm
2025-05-01,12.94,False,K-pneumoniae__Ciprofloxacin__West Midlands,lstm
2025-06-01,14.949999999999998,False,K-pneumoniae__Ciprofloxacin__West Midlands,lstm
2025-07-01,15.040579954845688,True,K-pneumoniae__Ciprofloxacin__West Midlands,lstm
2025-08-01,15.45806593322302,True,K-pneumoniae__Ciprofloxacin__West Midlands,lstm
2025-09-01,15.651092557159519,True,K-pneumoniae__Ciprofloxacin__West Midlands,lstm
2025-10-01,15.519361666259606,True,K-pneumoniae__Ciprofloxacin__West Midlands,lstm
2025-11-01,15.22098030739175,True,K-pneumoniae__Ciprofloxacin__West Midlands,lstm
2025-12-01,14.9554784890717,True,K-pneumoniae__Ciprofloxacin__West Midlands,lstm
2020-08-01,14.29,False,K-pneumoniae__Ciprofloxacin__Yorkshire and Humber,lstm
2020-09-01,14.01,False,K-pneumoniae__Ciprofloxacin__Yorkshire and Humber,lstm
2020-10-01,9.94,False,K-pneumoniae__Ciprofloxacin__Yorkshire and Humber,lstm
2020-11-01,7.61,False,K-pneumoniae__Ciprofloxacin__Yorkshire and Humber,lstm
2020-12-01,7.14,False,K-pneumoniae__Ciprofloxacin__Yorkshire and Humber,lstm
2021-01-01,7.3,False,K-pneumoniae__Ciprofloxacin__Yorkshire and Humber,lstm
2021-02-01,8.02,False,K-pneumoniae__Ciprofloxacin__Yorkshire and Humber,lstm
2021-03-01,6.36,False,K-pneumoniae__Ciprofloxacin__Yorkshire and Humber,lstm
2021-04-01,8.86,False,K-pneumoniae__Ciprofloxacin__Yorkshire and Humber,lstm
2021-05-01,11.35,False,K-pneumoniae__Ciprofloxacin__Yorkshire and Humber,lstm
2021-06-01,11.45,False,K-pneumoniae__Ciprofloxacin__Yorkshire and Humber,lstm
2021-07-01,10.12,False,K-pneumoniae__Ciprofloxacin__Yorkshire and Humber,lstm
2021-08-01,9.58,False,K-pneumoniae__Ciprofloxacin__Yorkshire and Humber,lstm
2021-09-01,13.98,False,K-pneumoniae__Ciprofloxacin__Yorkshire and Humber,lstm
2021-10-01,13.79,False,K-pneumoniae__Ciprofloxacin__Yorkshire and Humber,lstm
2021-11-01,12.86,False,K-pneumoniae__Ciprofloxacin__Yorkshire and Humber,lstm
2021-12-01,12.12,False,K-pneumoniae__Ciprofloxacin__Yorkshire and Humber,lstm
2022-01-01,13.23,False,K-pneumoniae__Ciprofloxacin__Yorkshire and Humber,lstm
2022-02-01,13.22,False,K-pneumoniae__Ciprofloxacin__Yorkshire and Humber,lstm
2022-03-01,11.64,False,K-pneumoniae__Ciprofloxacin__Yorkshire and Humber,lstm
2022-04-01,14.439999999999998,False,K-pneumoniae__Ciprofloxacin__Yorkshire and Humber,lstm
2022-05-01,17.62,False,K-pneumoniae__Ciprofloxacin__Yorkshire and Humber,lstm
2022-06-01,19.21,False,K-pneumoniae__Ciprofloxacin__Yorkshire and Humber,lstm
2022-07-01,15.339999999999998,False,K-pneumoniae__Ciprofloxacin__Yorkshire and Humber,lstm
2022-08-01,12.02,False,K-pneumoniae__Ciprofloxacin__Yorkshire and Humber,lstm
2022-09-01,12.8,False,K-pneumoniae__Ciprofloxacin__Yorkshire and Humber,lstm
2022-10-01,14.08,False,K-pneumoniae__Ciprofloxacin__Yorkshire and Humber,lstm
2022-11-01,13.98,False,K-pneumoniae__Ciprofloxacin__Yorkshire and Humber,lstm
2022-12-01,15.619999999999997,False,K-pneumoniae__Ciprofloxacin__Yorkshire and Humber,lstm
2023-01-01,15.18,False,K-pneumoniae__Ciprofloxacin__Yorkshire and Humber,lstm
2023-02-01,18.92,False,K-pneumoniae__Ciprofloxacin__Yorkshire and Humber,lstm
2023-03-01,17.84,False,K-pneumoniae__Ciprofloxacin__Yorkshire and Humber,lstm
2023-04-01,18.64,False,K-pneumoniae__Ciprofloxacin__Yorkshire and Humber,lstm
2023-05-01,21.47,False,K-pneumoniae__Ciprofloxacin__Yorkshire and Humber,lstm
2023-06-01,19.65,False,K-pneumoniae__Ciprofloxacin__Yorkshire and Humber,lstm
2023-07-01,19.21,False,K-pneumoniae__Ciprofloxacin__Yorkshire and Humber,lstm
2023-08-01,13.73,False,K-pneumoniae__Ciprofloxacin__Yorkshire and Humber,lstm
2023-09-01,18.26,False,K-pneumoniae__Ciprofloxacin__Yorkshire and Humber,lstm
2023-10-01,20.73,False,K-pneumoniae__Ciprofloxacin__Yorkshire and Humber,lstm
2023-11-01,21.4,False,K-pneumoniae__Ciprofloxacin__Yorkshire and Humber,lstm
2023-12-01,16.24,False,K-pneumoniae__Ciprofloxacin__Yorkshire and Humber,lstm
2024-01-01,14.0,False,K-pneumoniae__Ciprofloxacin__Yorkshire and Humber,lstm
2024-02-01,14.719999999999999,False,K-pneumoniae__Ciprofloxacin__Yorkshire and Humber,lstm
2024-03-01,16.92,False,K-pneumoniae__Ciprofloxacin__Yorkshire and Humber,lstm
2024-04-01,17.02,False,K-pneumoniae__Ciprofloxacin__Yorkshire and Humber,lstm
2024-05-01,16.15,False,K-pneumoniae__Ciprofloxacin__Yorkshire and Humber,lstm
2024-06-01,16.16,False,K-pneumoniae__Ciprofloxacin__Yorkshire and Humber,lstm
2024-07-01,17.87,False,K-pneumoniae__Ciprofloxacin__Yorkshire and Humber,lstm
2024-08-01,18.81,False,K-pneumoniae__Ciprofloxacin__Yorkshire and Humber,lstm
2024-09-01,18.66,False,K-pneumoniae__Ciprofloxacin__Yorkshire and Humber,lstm
2024-10-01,19.07,False,K-pneumoniae__Ciprofloxacin__Yorkshire and Humber,lstm
2024-11-01,22.44,False,K-pneumoniae__Ciprofloxacin__Yorkshire and Humber,lstm
2024-12-01,22.03,False,K-pneumoniae__Ciprofloxacin__Yorkshire and Humber,lstm
2025-01-01,20.75,False,K-pneumoniae__Ciprofloxacin__Yorkshire and Humber,lstm
2025-02-01,17.48,False,K-pneumoniae__Ciprofloxacin__Yorkshire and Humber,lstm
2025-03-01,19.64,False,K-pneumoniae__Ciprofloxacin__Yorkshire and Humber,lstm
2025-04-01,21.39,False,K-pneumoniae__Ciprofloxacin__Yorkshire and Humber,lstm
2025-05-01,20.57,False,K-pneumoniae__Ciprofloxacin__Yorkshire and Humber,lstm
2025-06-01,18.78,False,K-pneumoniae__Ciprofloxacin__Yorkshire and Humber,lstm
2025-07-01,18.612271630863685,True,K-pneumoniae__Ciprofloxacin__Yorkshire and Humber,lstm
2025-08-01,18.972949926219947,True,K-pneumoniae__Ciprofloxacin__Yorkshire and Humber,lstm
2025-09-01,19.14150844086882,True,K-pneumoniae__Ciprofloxacin__Yorkshire and Humber,lstm
2025-10-01,19.147230723449788,True,K-pneumoniae__Ciprofloxacin__Yorkshire and Humber,lstm
2025-11-01,18.932331618240948,True,K-pneumoniae__Ciprofloxacin__Yorkshire and Humber,lstm
2025-12-01,18.537003809508654,True,K-pneumoniae__Ciprofloxacin__Yorkshire and Humber,lstm
2020-08-01,22.5,False,K-pneumoniae__Co-amoxiclav__East Midlands,lstm
2020-09-01,21.54,False,K-pneumoniae__Co-amoxiclav__East Midlands,lstm
2020-10-01,21.58,False,K-pneumoniae__Co-amoxiclav__East Midlands,lstm
2020-11-01,25.52,False,K-pneumoniae__Co-amoxiclav__East Midlands,lstm
2020-12-01,31.249999999999996,False,K-pneumoniae__Co-amoxiclav__East Midlands,lstm
2021-01-01,32.92,False,K-pneumoniae__Co-amoxiclav__East Midlands,lstm
2021-02-01,33.99,False,K-pneumoniae__Co-amoxiclav__East Midlands,lstm
2021-03-01,28.66,False,K-pneumoniae__Co-amoxiclav__East Midlands,lstm
2021-04-01,27.59,False,K-pneumoniae__Co-amoxiclav__East Midlands,lstm
2021-05-01,23.87,False,K-pneumoniae__Co-amoxiclav__East Midlands,lstm
2021-06-01,25.64,False,K-pneumoniae__Co-amoxiclav__East Midlands,lstm
2021-07-01,24.56,False,K-pneumoniae__Co-amoxiclav__East Midlands,lstm
2021-08-01,24.55,False,K-pneumoniae__Co-amoxiclav__East Midlands,lstm
2021-09-01,22.82,False,K-pneumoniae__Co-amoxiclav__East Midlands,lstm
2021-10-01,29.11,False,K-pneumoniae__Co-amoxiclav__East Midlands,lstm
2021-11-01,31.29,False,K-pneumoniae__Co-amoxiclav__East Midlands,lstm
2021-12-01,30.990000000000002,False,K-pneumoniae__Co-amoxiclav__East Midlands,lstm
2022-01-01,24.31,False,K-pneumoniae__Co-amoxiclav__East Midlands,lstm
2022-02-01,22.83,False,K-pneumoniae__Co-amoxiclav__East Midlands,lstm
2022-03-01,21.43,False,K-pneumoniae__Co-amoxiclav__East Midlands,lstm
2022-04-01,22.79,False,K-pneumoniae__Co-amoxiclav__East Midlands,lstm
2022-05-01,20.69,False,K-pneumoniae__Co-amoxiclav__East Midlands,lstm
2022-06-01,21.48,False,K-pneumoniae__Co-amoxiclav__East Midlands,lstm
2022-07-01,19.74,False,K-pneumoniae__Co-amoxiclav__East Midlands,lstm
2022-08-01,19.05,False,K-pneumoniae__Co-amoxiclav__East Midlands,lstm
2022-09-01,21.51,False,K-pneumoniae__Co-amoxiclav__East Midlands,lstm
2022-10-01,22.41,False,K-pneumoniae__Co-amoxiclav__East Midlands,lstm
2022-11-01,27.75,False,K-pneumoniae__Co-amoxiclav__East Midlands,lstm
2022-12-01,29.21,False,K-pneumoniae__Co-amoxiclav__East Midlands,lstm
2023-01-01,31.74,False,K-pneumoniae__Co-amoxiclav__East Midlands,lstm
2023-02-01,27.81,False,K-pneumoniae__Co-amoxiclav__East Midlands,lstm
2023-03-01,28.47,False,K-pneumoniae__Co-amoxiclav__East Midlands,lstm
2023-04-01,25.5,False,K-pneumoniae__Co-amoxiclav__East Midlands,lstm
2023-05-01,24.7,False,K-pneumoniae__Co-amoxiclav__East Midlands,lstm
2023-06-01,20.11,False,K-pneumoniae__Co-amoxiclav__East Midlands,lstm
2023-07-01,21.97,False,K-pneumoniae__Co-amoxiclav__East Midlands,lstm
2023-08-01,21.74,False,K-pneumoniae__Co-amoxiclav__East Midlands,lstm
2023-09-01,25.82,False,K-pneumoniae__Co-amoxiclav__East Midlands,lstm
2023-10-01,26.9,False,K-pneumoniae__Co-amoxiclav__East Midlands,lstm
2023-11-01,31.219999999999995,False,K-pneumoniae__Co-amoxiclav__East Midlands,lstm
2023-12-01,33.16,False,K-pneumoniae__Co-amoxiclav__East Midlands,lstm
2024-01-01,33.72,False,K-pneumoniae__Co-amoxiclav__East Midlands,lstm
2024-02-01,32.53,False,K-pneumoniae__Co-amoxiclav__East Midlands,lstm
2024-03-01,29.31,False,K-pneumoniae__Co-amoxiclav__East Midlands,lstm
2024-04-01,29.69,False,K-pneumoniae__Co-amoxiclav__East Midlands,lstm
2024-05-01,29.95,False,K-pneumoniae__Co-amoxiclav__East Midlands,lstm
2024-06-01,32.7,False,K-pneumoniae__Co-amoxiclav__East Midlands,lstm
2024-07-01,29.67,False,K-pneumoniae__Co-amoxiclav__East Midlands,lstm
2024-08-01,27.31,False,K-pneumoniae__Co-amoxiclav__East Midlands,lstm
2024-09-01,23.36,False,K-pneumoniae__Co-amoxiclav__East Midlands,lstm
2024-10-01,24.4,False,K-pneumoniae__Co-amoxiclav__East Midlands,lstm
2024-11-01,26.09,False,K-pneumoniae__Co-amoxiclav__East Midlands,lstm
2024-12-01,27.41,False,K-pneumoniae__Co-amoxiclav__East Midlands,lstm
2025-01-01,30.579999999999995,False,K-pneumoniae__Co-amoxiclav__East Midlands,lstm
2025-02-01,30.990000000000002,False,K-pneumoniae__Co-amoxiclav__East Midlands,lstm
2025-03-01,31.160000000000004,False,K-pneumoniae__Co-amoxiclav__East Midlands,lstm
2025-04-01,29.05,False,K-pneumoniae__Co-amoxiclav__East Midlands,lstm
2025-05-01,26.09,False,K-pneumoniae__Co-amoxiclav__East Midlands,lstm
2025-06-01,27.27,False,K-pneumoniae__Co-amoxiclav__East Midlands,lstm
2025-07-01,24.80476756579776,True,K-pneumoniae__Co-amoxiclav__East Midlands,lstm
2025-08-01,25.21664185749925,True,K-pneumoniae__Co-amoxiclav__East Midlands,lstm
2025-09-01,25.900788163924318,True,K-pneumoniae__Co-amoxiclav__East Midlands,lstm
2025-10-01,26.782113383053623,True,K-pneumoniae__Co-amoxiclav__East Midlands,lstm
2025-11-01,27.684536800001283,True,K-pneumoniae__Co-amoxiclav__East Midlands,lstm
2025-12-01,28.440042211913457,True,K-pneumoniae__Co-amoxiclav__East Midlands,lstm
2020-08-01,27.04,False,K-pneumoniae__Co-amoxiclav__East of England,lstm
2020-09-01,30.050000000000004,False,K-pneumoniae__Co-amoxiclav__East of England,lstm
2020-10-01,34.01,False,K-pneumoniae__Co-amoxiclav__East of England,lstm
2020-11-01,36.559999999999995,False,K-pneumoniae__Co-amoxiclav__East of England,lstm
2020-12-01,35.14,False,K-pneumoniae__Co-amoxiclav__East of England,lstm
2021-01-01,33.33,False,K-pneumoniae__Co-amoxiclav__East of England,lstm
2021-02-01,32.89,False,K-pneumoniae__Co-amoxiclav__East of England,lstm
2021-03-01,34.08,False,K-pneumoniae__Co-amoxiclav__East of England,lstm
2021-04-01,33.67,False,K-pneumoniae__Co-amoxiclav__East of England,lstm
2021-05-01,29.83,False,K-pneumoniae__Co-amoxiclav__East of England,lstm
2021-06-01,29.95,False,K-pneumoniae__Co-amoxiclav__East of England,lstm
2021-07-01,29.91,False,K-pneumoniae__Co-amoxiclav__East of England,lstm
2021-08-01,32.49,False,K-pneumoniae__Co-amoxiclav__East of England,lstm
2021-09-01,31.88,False,K-pneumoniae__Co-amoxiclav__East of England,lstm
2021-10-01,30.59,False,K-pneumoniae__Co-amoxiclav__East of England,lstm
2021-11-01,31.36,False,K-pneumoniae__Co-amoxiclav__East of England,lstm
2021-12-01,31.55,False,K-pneumoniae__Co-amoxiclav__East of England,lstm
2022-01-01,34.67,False,K-pneumoniae__Co-amoxiclav__East of England,lstm
2022-02-01,35.60000000000001,False,K-pneumoniae__Co-amoxiclav__East of England,lstm
2022-03-01,35.68,False,K-pneumoniae__Co-amoxiclav__East of England,lstm
2022-04-01,36.14,False,K-pneumoniae__Co-amoxiclav__East of England,lstm
2022-05-01,30.46,False,K-pneumoniae__Co-amoxiclav__East of England,lstm
2022-06-01,28.79,False,K-pneumoniae__Co-amoxiclav__East of England,lstm
2022-07-01,30.5,False,K-pneumoniae__Co-amoxiclav__East of England,lstm
2022-08-01,34.86,False,K-pneumoniae__Co-amoxiclav__East of England,lstm
2022-09-01,36.36,False,K-pneumoniae__Co-amoxiclav__East of England,lstm
2022-10-01,34.55,False,K-pneumoniae__Co-amoxiclav__East of England,lstm
2022-11-01,36.36,False,K-pneumoniae__Co-amoxiclav__East of England,lstm
2022-12-01,37.56,False,K-pneumoniae__Co-amoxiclav__East of England,lstm
2023-01-01,40.09,False,K-pneumoniae__Co-amoxiclav__East of England,lstm
2023-02-01,42.06000000000001,False,K-pneumoniae__Co-amoxiclav__East of England,lstm
2023-03-01,37.34,False,K-pneumoniae__Co-amoxiclav__East of England,lstm
2023-04-01,37.05,False,K-pneumoniae__Co-amoxiclav__East of England,lstm
2023-05-01,33.19,False,K-pneumoniae__Co-amoxiclav__East of England,lstm
2023-06-01,37.96,False,K-pneumoniae__Co-amoxiclav__East of England,lstm
2023-07-01,37.93,False,K-pneumoniae__Co-amoxiclav__East of England,lstm
2023-08-01,38.29,False,K-pneumoniae__Co-amoxiclav__East of England,lstm
2023-09-01,38.02,False,K-pneumoniae__Co-amoxiclav__East of England,lstm
2023-10-01,39.55,False,K-pneumoniae__Co-amoxiclav__East of England,lstm
2023-11-01,42.32,False,K-pneumoniae__Co-amoxiclav__East of England,lstm
2023-12-01,44.53000000000001,False,K-pneumoniae__Co-amoxiclav__East of England,lstm
2024-01-01,41.94,False,K-pneumoniae__Co-amoxiclav__East of England,lstm
2024-02-01,40.91,False,K-pneumoniae__Co-amoxiclav__East of England,lstm
2024-03-01,39.91,False,K-pneumoniae__Co-amoxiclav__East of England,lstm
2024-04-01,36.65,False,K-pneumoniae__Co-amoxiclav__East of England,lstm
2024-05-01,33.04,False,K-pneumoniae__Co-amoxiclav__East of England,lstm
2024-06-01,36.05,False,K-pneumoniae__Co-amoxiclav__East of England,lstm
2024-07-01,40.77,False,K-pneumoniae__Co-amoxiclav__East of England,lstm
2024-08-01,41.61,False,K-pneumoniae__Co-amoxiclav__East of England,lstm
2024-09-01,39.53,False,K-pneumoniae__Co-amoxiclav__East of England,lstm
2024-10-01,38.78,False,K-pneumoniae__Co-amoxiclav__East of England,lstm
2024-11-01,41.02,False,K-pneumoniae__Co-amoxiclav__East of England,lstm
2024-12-01,39.93,False,K-pneumoniae__Co-amoxiclav__East of England,lstm
2025-01-01,39.71,False,K-pneumoniae__Co-amoxiclav__East of England,lstm
2025-02-01,36.54,False,K-pneumoniae__Co-amoxiclav__East of England,lstm
2025-03-01,33.86,False,K-pneumoniae__Co-amoxiclav__East of England,lstm
2025-04-01,33.61,False,K-pneumoniae__Co-amoxiclav__East of England,lstm
2025-05-01,32.7,False,K-pneumoniae__Co-amoxiclav__East of England,lstm
2025-06-01,34.43,False,K-pneumoniae__Co-amoxiclav__East of England,lstm
2025-07-01,37.64964230013421,True,K-pneumoniae__Co-amoxiclav__East of England,lstm
2025-08-01,38.20642819783671,True,K-pneumoniae__Co-amoxiclav__East of England,lstm
2025-09-01,38.544595144680194,True,K-pneumoniae__Co-amoxiclav__East of England,lstm
2025-10-01,38.68014937938924,True,K-pneumoniae__Co-amoxiclav__East of England,lstm
2025-11-01,38.52514673502743,True,K-pneumoniae__Co-amoxiclav__East of England,lstm
2025-12-01,38.173790410096665,True,K-pneumoniae__Co-amoxiclav__East of England,lstm
2020-08-01,31.450000000000003,False,K-pneumoniae__Co-amoxiclav__London,lstm
2020-09-01,26.02,False,K-pneumoniae__Co-amoxiclav__London,lstm
2020-10-01,26.69,False,K-pneumoniae__Co-amoxiclav__London,lstm
2020-11-01,26.27,False,K-pneumoniae__Co-amoxiclav__London,lstm
2020-12-01,28.27,False,K-pneumoniae__Co-amoxiclav__London,lstm
2021-01-01,31.719999999999995,False,K-pneumoniae__Co-amoxiclav__London,lstm
2021-02-01,34.03,False,K-pneumoniae__Co-amoxiclav__London,lstm
2021-03-01,34.46,False,K-pneumoniae__Co-amoxiclav__London,lstm
2021-04-01,31.56,False,K-pneumoniae__Co-amoxiclav__London,lstm
2021-05-01,33.62,False,K-pneumoniae__Co-amoxiclav__London,lstm
2021-06-01,31.4,False,K-pneumoniae__Co-amoxiclav__London,lstm
2021-07-01,34.19,False,K-pneumoniae__Co-amoxiclav__London,lstm
2021-08-01,29.89,False,K-pneumoniae__Co-amoxiclav__London,lstm
2021-09-01,31.909999999999997,False,K-pneumoniae__Co-amoxiclav__London,lstm
2021-10-01,32.89,False,K-pneumoniae__Co-amoxiclav__London,lstm
2021-11-01,36.12,False,K-pneumoniae__Co-amoxiclav__London,lstm
2021-12-01,36.86,False,K-pneumoniae__Co-amoxiclav__London,lstm
2022-01-01,34.42,False,K-pneumoniae__Co-amoxiclav__London,lstm
2022-02-01,35.21,False,K-pneumoniae__Co-amoxiclav__London,lstm
2022-03-01,32.96,False,K-pneumoniae__Co-amoxiclav__London,lstm
2022-04-01,34.96,False,K-pneumoniae__Co-amoxiclav__London,lstm
2022-05-01,33.73,False,K-pneumoniae__Co-amoxiclav__London,lstm
2022-06-01,35.41,False,K-pneumoniae__Co-amoxiclav__London,lstm
2022-07-01,32.58,False,K-pneumoniae__Co-amoxiclav__London,lstm
2022-08-01,32.98,False,K-pneumoniae__Co-amoxiclav__London,lstm
2022-09-01,32.51,False,K-pneumoniae__Co-amoxiclav__London,lstm
2022-10-01,34.81,False,K-pneumoniae__Co-amoxiclav__London,lstm
2022-11-01,35.99,False,K-pneumoniae__Co-amoxiclav__London,lstm
2022-12-01,36.28,False,K-pneumoniae__Co-amoxiclav__London,lstm
2023-01-01,38.83,False,K-pneumoniae__Co-amoxiclav__London,lstm
2023-02-01,37.04,False,K-pneumoniae__Co-amoxiclav__London,lstm
2023-03-01,36.43,False,K-pneumoniae__Co-amoxiclav__London,lstm
2023-04-01,33.33,False,K-pneumoniae__Co-amoxiclav__London,lstm
2023-05-01,36.06,False,K-pneumoniae__Co-amoxiclav__London,lstm
2023-06-01,37.79,False,K-pneumoniae__Co-amoxiclav__London,lstm
2023-07-01,38.8,False,K-pneumoniae__Co-amoxiclav__London,lstm
2023-08-01,35.35,False,K-pneumoniae__Co-amoxiclav__London,lstm
2023-09-01,33.93,False,K-pneumoniae__Co-amoxiclav__London,lstm
2023-10-01,33.13,False,K-pneumoniae__Co-amoxiclav__London,lstm
2023-11-01,36.04,False,K-pneumoniae__Co-amoxiclav__London,lstm
2023-12-01,36.59,False,K-pneumoniae__Co-amoxiclav__London,lstm
2024-01-01,34.45,False,K-pneumoniae__Co-amoxiclav__London,lstm
2024-02-01,30.999999999999996,False,K-pneumoniae__Co-amoxiclav__London,lstm
2024-03-01,31.8,False,K-pneumoniae__Co-amoxiclav__London,lstm
2024-04-01,31.99,False,K-pneumoniae__Co-amoxiclav__London,lstm
2024-05-01,36.99,False,K-pneumoniae__Co-amoxiclav__London,lstm
2024-06-01,37.81,False,K-pneumoniae__Co-amoxiclav__London,lstm
2024-07-01,38.05,False,K-pneumoniae__Co-amoxiclav__London,lstm
2024-08-01,33.54,False,K-pneumoniae__Co-amoxiclav__London,lstm
2024-09-01,33.92,False,K-pneumoniae__Co-amoxiclav__London,lstm
2024-10-01,36.18,False,K-pneumoniae__Co-amoxiclav__London,lstm
2024-11-01,40.95,False,K-pneumoniae__Co-amoxiclav__London,lstm
2024-12-01,39.35,False,K-pneumoniae__Co-amoxiclav__London,lstm
2025-01-01,38.95,False,K-pneumoniae__Co-amoxiclav__London,lstm
2025-02-01,37.31,False,K-pneumoniae__Co-amoxiclav__London,lstm
2025-03-01,34.77,False,K-pneumoniae__Co-amoxiclav__London,lstm
2025-04-01,33.81,False,K-pneumoniae__Co-amoxiclav__London,lstm
2025-05-01,29.37,False,K-pneumoniae__Co-amoxiclav__London,lstm
2025-06-01,33.97,False,K-pneumoniae__Co-amoxiclav__London,lstm
2025-07-01,35.78842800987535,True,K-pneumoniae__Co-amoxiclav__London,lstm
2025-08-01,36.28302593996151,True,K-pneumoniae__Co-amoxiclav__London,lstm
2025-09-01,36.515771688170354,True,K-pneumoniae__Co-amoxiclav__London,lstm
2025-10-01,36.52823090676061,True,K-pneumoniae__Co-amoxiclav__London,lstm
2025-11-01,36.18001500679433,True,K-pneumoniae__Co-amoxiclav__London,lstm
2025-12-01,35.90188079728895,True,K-pneumoniae__Co-amoxiclav__London,lstm
2020-08-01,33.67,False,K-pneumoniae__Co-amoxiclav__North East,lstm
2020-09-01,32.71,False,K-pneumoniae__Co-amoxiclav__North East,lstm
2020-10-01,31.78,False,K-pneumoniae__Co-amoxiclav__North East,lstm
2020-11-01,40.24,False,K-pneumoniae__Co-amoxiclav__North East,lstm
2020-12-01,38.82000000000001,False,K-pneumoniae__Co-amoxiclav__North East,lstm
2021-01-01,39.78000000000001,False,K-pneumoniae__Co-amoxiclav__North East,lstm
2021-02-01,31.48,False,K-pneumoniae__Co-amoxiclav__North East,lstm
2021-03-01,30.69,False,K-pneumoniae__Co-amoxiclav__North East,lstm
2021-04-01,24.73,False,K-pneumoniae__Co-amoxiclav__North East,lstm
2021-05-01,29.67,False,K-pneumoniae__Co-amoxiclav__North East,lstm
2021-06-01,36.46,False,K-pneumoniae__Co-amoxiclav__North East,lstm
2021-07-01,40.709999999999994,False,K-pneumoniae__Co-amoxiclav__North East,lstm
2021-08-01,35.07,False,K-pneumoniae__Co-amoxiclav__North East,lstm
2021-09-01,29.77,False,K-pneumoniae__Co-amoxiclav__North East,lstm
2021-10-01,28.89,False,K-pneumoniae__Co-amoxiclav__North East,lstm
2021-11-01,33.6,False,K-pneumoniae__Co-amoxiclav__North East,lstm
2021-12-01,37.01,False,K-pneumoniae__Co-amoxiclav__North East,lstm
2022-01-01,33.33,False,K-pneumoniae__Co-amoxiclav__North East,lstm
2022-02-01,27.37,False,K-pneumoniae__Co-amoxiclav__North East,lstm
2022-03-01,23.08,False,K-pneumoniae__Co-amoxiclav__North East,lstm
2022-04-01,27.959999999999997,False,K-pneumoniae__Co-amoxiclav__North East,lstm
2022-05-01,35.35,False,K-pneumoniae__Co-amoxiclav__North East,lstm
2022-06-01,31.07,False,K-pneumoniae__Co-amoxiclav__North East,lstm
2022-07-01,29.09,False,K-pneumoniae__Co-amoxiclav__North East,lstm
2022-08-01,24.800000000000004,False,K-pneumoniae__Co-amoxiclav__North East,lstm
2022-09-01,31.39,False,K-pneumoniae__Co-amoxiclav__North East,lstm
2022-10-01,33.33,False,K-pneumoniae__Co-amoxiclav__North East,lstm
2022-11-01,36.21,False,K-pneumoniae__Co-amoxiclav__North East,lstm
2022-12-01,35.92,False,K-pneumoniae__Co-amoxiclav__North East,lstm
2023-01-01,38.54,False,K-pneumoniae__Co-amoxiclav__North East,lstm
2023-02-01,37.8,False,K-pneumoniae__Co-amoxiclav__North East,lstm
2023-03-01,32.58,False,K-pneumoniae__Co-amoxiclav__North East,lstm
2023-04-01,29.069999999999997,False,K-pneumoniae__Co-amoxiclav__North East,lstm
2023-05-01,31.91,False,K-pneumoniae__Co-amoxiclav__North East,lstm
2023-06-01,37.0,False,K-pneumoniae__Co-amoxiclav__North East,lstm
2023-07-01,38.05,False,K-pneumoniae__Co-amoxiclav__North East,lstm
2023-08-01,36.36,False,K-pneumoniae__Co-amoxiclav__North East,lstm
2023-09-01,37.27,False,K-pneumoniae__Co-amoxiclav__North East,lstm
2023-10-01,34.15,False,K-pneumoniae__Co-amoxiclav__North East,lstm
2023-11-01,33.91,False,K-pneumoniae__Co-amoxiclav__North East,lstm
2023-12-01,33.04,False,K-pneumoniae__Co-amoxiclav__North East,lstm
2024-01-01,34.02,False,K-pneumoniae__Co-amoxiclav__North East,lstm
2024-02-01,30.77,False,K-pneumoniae__Co-amoxiclav__North East,lstm
2024-03-01,25.89,False,K-pneumoniae__Co-amoxiclav__North East,lstm
2024-04-01,28.18,False,K-pneumoniae__Co-amoxiclav__North East,lstm
2024-05-01,34.86,False,K-pneumoniae__Co-amoxiclav__North East,lstm
2024-06-01,34.82,False,K-pneumoniae__Co-amoxiclav__North East,lstm
2024-07-01,28.119999999999997,False,K-pneumoniae__Co-amoxiclav__North East,lstm
2024-08-01,26.32,False,K-pneumoniae__Co-amoxiclav__North East,lstm
2024-09-01,33.33,False,K-pneumoniae__Co-amoxiclav__North East,lstm
2024-10-01,40.68999999999999,False,K-pneumoniae__Co-amoxiclav__North East,lstm
2024-11-01,41.13,False,K-pneumoniae__Co-amoxiclav__North East,lstm
2024-12-01,38.69,False,K-pneumoniae__Co-amoxiclav__North East,lstm
2025-01-01,33.58,False,K-pneumoniae__Co-amoxiclav__North East,lstm
2025-02-01,34.72,False,K-pneumoniae__Co-amoxiclav__North East,lstm
2025-03-01,35.34,False,K-pneumoniae__Co-amoxiclav__North East,lstm
2025-04-01,38.21,False,K-pneumoniae__Co-amoxiclav__North East,lstm
2025-05-01,31.75,False,K-pneumoniae__Co-amoxiclav__North East,lstm
2025-06-01,30.650000000000002,False,K-pneumoniae__Co-amoxiclav__North East,lstm
2025-07-01,33.29257073491155,True,K-pneumoniae__Co-amoxiclav__North East,lstm
2025-08-01,34.0925345787016,True,K-pneumoniae__Co-amoxiclav__North East,lstm
2025-09-01,34.75430438673275,True,K-pneumoniae__Co-amoxiclav__North East,lstm
2025-10-01,35.17702089558382,True,K-pneumoniae__Co-amoxiclav__North East,lstm
2025-11-01,34.947444048973516,True,K-pneumoniae__Co-amoxiclav__North East,lstm
2025-12-01,34.363669120550696,True,K-pneumoniae__Co-amoxiclav__North East,lstm
2020-08-01,31.05,False,K-pneumoniae__Co-amoxiclav__North West,lstm
2020-09-01,28.38,False,K-pneumoniae__Co-amoxiclav__North West,lstm
2020-10-01,31.23,False,K-pneumoniae__Co-amoxiclav__North West,lstm
2020-11-01,33.73,False,K-pneumoniae__Co-amoxiclav__North West,lstm
2020-12-01,36.65,False,K-pneumoniae__Co-amoxiclav__North West,lstm
2021-01-01,33.33,False,K-pneumoniae__Co-amoxiclav__North West,lstm
2021-02-01,33.01,False,K-pneumoniae__Co-amoxiclav__North West,lstm
2021-03-01,30.73,False,K-pneumoniae__Co-amoxiclav__North West,lstm
2021-04-01,31.84,False,K-pneumoniae__Co-amoxiclav__North West,lstm
2021-05-01,28.11,False,K-pneumoniae__Co-amoxiclav__North West,lstm
2021-06-01,28.51,False,K-pneumoniae__Co-amoxiclav__North West,lstm
2021-07-01,30.99,False,K-pneumoniae__Co-amoxiclav__North West,lstm
2021-08-01,33.8,False,K-pneumoniae__Co-amoxiclav__North West,lstm
2021-09-01,35.51,False,K-pneumoniae__Co-amoxiclav__North West,lstm
2021-10-01,32.27,False,K-pneumoniae__Co-amoxiclav__North West,lstm
2021-11-01,29.39,False,K-pneumoniae__Co-amoxiclav__North West,lstm
2021-12-01,28.63,False,K-pneumoniae__Co-amoxiclav__North West,lstm
2022-01-01,28.4,False,K-pneumoniae__Co-amoxiclav__North West,lstm
2022-02-01,29.58,False,K-pneumoniae__Co-amoxiclav__North West,lstm
2022-03-01,30.84,False,K-pneumoniae__Co-amoxiclav__North West,lstm
2022-04-01,28.050000000000004,False,K-pneumoniae__Co-amoxiclav__North West,lstm
2022-05-01,23.97,False,K-pneumoniae__Co-amoxiclav__North West,lstm
2022-06-01,22.32,False,K-pneumoniae__Co-amoxiclav__North West,lstm
2022-07-01,26.83,False,K-pneumoniae__Co-amoxiclav__North West,lstm
2022-08-01,32.12,False,K-pneumoniae__Co-amoxiclav__North West,lstm
2022-09-01,30.45,False,K-pneumoniae__Co-amoxiclav__North West,lstm
2022-10-01,33.83,False,K-pneumoniae__Co-amoxiclav__North West,lstm
2022-11-01,35.64,False,K-pneumoniae__Co-amoxiclav__North West,lstm
2022-12-01,38.97,False,K-pneumoniae__Co-amoxiclav__North West,lstm
2023-01-01,36.72,False,K-pneumoniae__Co-amoxiclav__North West,lstm
2023-02-01,36.03,False,K-pneumoniae__Co-amoxiclav__North West,lstm
2023-03-01,35.37,False,K-pneumoniae__Co-amoxiclav__North West,lstm
2023-04-01,36.73,False,K-pneumoniae__Co-amoxiclav__North West,lstm
2023-05-01,35.34,False,K-pneumoniae__Co-amoxiclav__North West,lstm
2023-06-01,33.46,False,K-pneumoniae__Co-amoxiclav__North West,lstm
2023-07-01,32.32,False,K-pneumoniae__Co-amoxiclav__North West,lstm
2023-08-01,35.52,False,K-pneumoniae__Co-amoxiclav__North West,lstm
2023-09-01,38.93,False,K-pneumoniae__Co-amoxiclav__North West,lstm
2023-10-01,43.71,False,K-pneumoniae__Co-amoxiclav__North West,lstm
2023-11-01,41.52,False,K-pneumoniae__Co-amoxiclav__North West,lstm
2023-12-01,41.33,False,K-pneumoniae__Co-amoxiclav__North West,lstm
2024-01-01,35.34,False,K-pneumoniae__Co-amoxiclav__North West,lstm
2024-02-01,33.46,False,K-pneumoniae__Co-amoxiclav__North West,lstm
2024-03-01,33.97,False,K-pneumoniae__Co-amoxiclav__North West,lstm
2024-04-01,32.84,False,K-pneumoniae__Co-amoxiclav__North West,lstm
2024-05-01,36.76,False,K-pneumoniae__Co-amoxiclav__North West,lstm
2024-06-01,37.06,False,K-pneumoniae__Co-amoxiclav__North West,lstm
2024-07-01,41.3,False,K-pneumoniae__Co-amoxiclav__North West,lstm
2024-08-01,38.33,False,K-pneumoniae__Co-amoxiclav__North West,lstm
2024-09-01,37.28,False,K-pneumoniae__Co-amoxiclav__North West,lstm
2024-10-01,35.56,False,K-pneumoniae__Co-amoxiclav__North West,lstm
2024-11-01,38.18,False,K-pneumoniae__Co-amoxiclav__North West,lstm
2024-12-01,39.46,False,K-pneumoniae__Co-amoxiclav__North West,lstm
2025-01-01,40.32,False,K-pneumoniae__Co-amoxiclav__North West,lstm
2025-02-01,39.74,False,K-pneumoniae__Co-amoxiclav__North West,lstm
2025-03-01,40.43,False,K-pneumoniae__Co-amoxiclav__North West,lstm
2025-04-01,42.8,False,K-pneumoniae__Co-amoxiclav__North West,lstm
2025-05-01,42.76,False,K-pneumoniae__Co-amoxiclav__North West,lstm
2025-06-01,40.32,False,K-pneumoniae__Co-amoxiclav__North West,lstm
2025-07-01,36.09613202848381,True,K-pneumoniae__Co-amoxiclav__North West,lstm
2025-08-01,36.983508811246345,True,K-pneumoniae__Co-amoxiclav__North West,lstm
2025-09-01,37.62915256296336,True,K-pneumoniae__Co-amoxiclav__North West,lstm
2025-10-01,38.02175476045595,True,K-pneumoniae__Co-amoxiclav__North West,lstm
2025-11-01,38.008151777847864,True,K-pneumoniae__Co-amoxiclav__North West,lstm
2025-12-01,37.52118601732602,True,K-pneumoniae__Co-amoxiclav__North West,lstm
2020-08-01,36.36,False,K-pneumoniae__Co-amoxiclav__South East,lstm
2020-09-01,35.16,False,K-pneumoniae__Co-amoxiclav__South East,lstm
2020-10-01,35.27,False,K-pneumoniae__Co-amoxiclav__South East,lstm
2020-11-01,40.39,False,K-pneumoniae__Co-amoxiclav__South East,lstm
2020-12-01,42.86,False,K-pneumoniae__Co-amoxiclav__South East,lstm
2021-01-01,40.91,False,K-pneumoniae__Co-amoxiclav__South East,lstm
2021-02-01,35.47,False,K-pneumoniae__Co-amoxiclav__South East,lstm
2021-03-01,32.47,False,K-pneumoniae__Co-amoxiclav__South East,lstm
2021-04-01,30.39,False,K-pneumoniae__Co-amoxiclav__South East,lstm
2021-05-01,29.25,False,K-pneumoniae__Co-amoxiclav__South East,lstm
2021-06-01,27.8,False,K-pneumoniae__Co-amoxiclav__South East,lstm
2021-07-01,29.31,False,K-pneumoniae__Co-amoxiclav__South East,lstm
2021-08-01,29.96,False,K-pneumoniae__Co-amoxiclav__South East,lstm
2021-09-01,30.19,False,K-pneumoniae__Co-amoxiclav__South East,lstm
2021-10-01,31.54,False,K-pneumoniae__Co-amoxiclav__South East,lstm
2021-11-01,37.37,False,K-pneumoniae__Co-amoxiclav__South East,lstm
2021-12-01,41.64,False,K-pneumoniae__Co-amoxiclav__South East,lstm
2022-01-01,40.82,False,K-pneumoniae__Co-amoxiclav__South East,lstm
2022-02-01,34.84,False,K-pneumoniae__Co-amoxiclav__South East,lstm
2022-03-01,35.86,False,K-pneumoniae__Co-amoxiclav__South East,lstm
2022-04-01,37.55,False,K-pneumoniae__Co-amoxiclav__South East,lstm
2022-05-01,37.19,False,K-pneumoniae__Co-amoxiclav__South East,lstm
2022-06-01,33.92,False,K-pneumoniae__Co-amoxiclav__South East,lstm
2022-07-01,29.61,False,K-pneumoniae__Co-amoxiclav__South East,lstm
2022-08-01,31.56,False,K-pneumoniae__Co-amoxiclav__South East,lstm
2022-09-01,30.1,False,K-pneumoniae__Co-amoxiclav__South East,lstm
2022-10-01,32.44,False,K-pneumoniae__Co-amoxiclav__South East,lstm
2022-11-01,32.42,False,K-pneumoniae__Co-amoxiclav__South East,lstm
2022-12-01,32.09,False,K-pneumoniae__Co-amoxiclav__South East,lstm
2023-01-01,32.43,False,K-pneumoniae__Co-amoxiclav__South East,lstm
2023-02-01,33.81,False,K-pneumoniae__Co-amoxiclav__South East,lstm
2023-03-01,36.0,False,K-pneumoniae__Co-amoxiclav__South East,lstm
2023-04-01,37.22,False,K-pneumoniae__Co-amoxiclav__South East,lstm
2023-05-01,36.7,False,K-pneumoniae__Co-amoxiclav__South East,lstm
2023-06-01,35.74,False,K-pneumoniae__Co-amoxiclav__South East,lstm
2023-07-01,33.96,False,K-pneumoniae__Co-amoxiclav__South East,lstm
2023-08-01,31.96,False,K-pneumoniae__Co-amoxiclav__South East,lstm
2023-09-01,34.2,False,K-pneumoniae__Co-amoxiclav__South East,lstm
2023-10-01,34.04,False,K-pneumoniae__Co-amoxiclav__South East,lstm
2023-11-01,36.22,False,K-pneumoniae__Co-amoxiclav__South East,lstm
2023-12-01,36.6,False,K-pneumoniae__Co-amoxiclav__South East,lstm
2024-01-01,36.95,False,K-pneumoniae__Co-amoxiclav__South East,lstm
2024-02-01,35.4,False,K-pneumoniae__Co-amoxiclav__South East,lstm
2024-03-01,33.92,False,K-pneumoniae__Co-amoxiclav__South East,lstm
2024-04-01,36.93,False,K-pneumoniae__Co-amoxiclav__South East,lstm
2024-05-01,36.62,False,K-pneumoniae__Co-amoxiclav__South East,lstm
2024-06-01,37.59,False,K-pneumoniae__Co-amoxiclav__South East,lstm
2024-07-01,34.52,False,K-pneumoniae__Co-amoxiclav__South East,lstm
2024-08-01,36.88,False,K-pneumoniae__Co-amoxiclav__South East,lstm
2024-09-01,39.34,False,K-pneumoniae__Co-amoxiclav__South East,lstm
2024-10-01,38.35,False,K-pneumoniae__Co-amoxiclav__South East,lstm
2024-11-01,35.98,False,K-pneumoniae__Co-amoxiclav__South East,lstm
2024-12-01,30.89,False,K-pneumoniae__Co-amoxiclav__South East,lstm
2025-01-01,33.23,False,K-pneumoniae__Co-amoxiclav__South East,lstm
2025-02-01,32.77,False,K-pneumoniae__Co-amoxiclav__South East,lstm
2025-03-01,33.1,False,K-pneumoniae__Co-amoxiclav__South East,lstm
2025-04-01,34.91,False,K-pneumoniae__Co-amoxiclav__South East,lstm
2025-05-01,34.64,False,K-pneumoniae__Co-amoxiclav__South East,lstm
2025-06-01,33.45,False,K-pneumoniae__Co-amoxiclav__South East,lstm
2025-07-01,34.74958870727167,True,K-pneumoniae__Co-amoxiclav__South East,lstm
2025-08-01,34.97612147335018,True,K-pneumoniae__Co-amoxiclav__South East,lstm
2025-09-01,35.13115800523199,True,K-pneumoniae__Co-amoxiclav__South East,lstm
2025-10-01,35.23385893923141,True,K-pneumoniae__Co-amoxiclav__South East,lstm
2025-11-01,35.27878255023378,True,K-pneumoniae__Co-amoxiclav__South East,lstm
2025-12-01,35.29151013703089,True,K-pneumoniae__Co-amoxiclav__South East,lstm
2020-08-01,22.3,False,K-pneumoniae__Co-amoxiclav__South West,lstm
2020-09-01,16.78,False,K-pneumoniae__Co-amoxiclav__South West,lstm
2020-10-01,22.31,False,K-pneumoniae__Co-amoxiclav__South West,lstm
2020-11-01,17.39,False,K-pneumoniae__Co-amoxiclav__South West,lstm
2020-12-01,25.21,False,K-pneumoniae__Co-amoxiclav__South West,lstm
2021-01-01,24.06,False,K-pneumoniae__Co-amoxiclav__South West,lstm
2021-02-01,24.29,False,K-pneumoniae__Co-amoxiclav__South West,lstm
2021-03-01,23.68,False,K-pneumoniae__Co-amoxiclav__South West,lstm
2021-04-01,24.83,False,K-pneumoniae__Co-amoxiclav__South West,lstm
2021-05-01,26.49,False,K-pneumoniae__Co-amoxiclav__South West,lstm
2021-06-01,23.85,False,K-pneumoniae__Co-amoxiclav__South West,lstm
2021-07-01,23.7,False,K-pneumoniae__Co-amoxiclav__South West,lstm
2021-08-01,18.18,False,K-pneumoniae__Co-amoxiclav__South West,lstm
2021-09-01,17.53,False,K-pneumoniae__Co-amoxiclav__South West,lstm
2021-10-01,17.54,False,K-pneumoniae__Co-amoxiclav__South West,lstm
2021-11-01,22.47,False,K-pneumoniae__Co-amoxiclav__South West,lstm
2021-12-01,20.53,False,K-pneumoniae__Co-amoxiclav__South West,lstm
2022-01-01,19.02,False,K-pneumoniae__Co-amoxiclav__South West,lstm
2022-02-01,16.89,False,K-pneumoniae__Co-amoxiclav__South West,lstm
2022-03-01,23.48,False,K-pneumoniae__Co-amoxiclav__South West,lstm
2022-04-01,26.56,False,K-pneumoniae__Co-amoxiclav__South West,lstm
2022-05-01,24.46,False,K-pneumoniae__Co-amoxiclav__South West,lstm
2022-06-01,21.17,False,K-pneumoniae__Co-amoxiclav__South West,lstm
2022-07-01,17.61,False,K-pneumoniae__Co-amoxiclav__South West,lstm
2022-08-01,22.0,False,K-pneumoniae__Co-amoxiclav__South West,lstm
2022-09-01,22.37,False,K-pneumoniae__Co-amoxiclav__South West,lstm
2022-10-01,24.67,False,K-pneumoniae__Co-amoxiclav__South West,lstm
2022-11-01,23.38,False,K-pneumoniae__Co-amoxiclav__South West,lstm
2022-12-01,22.58,False,K-pneumoniae__Co-amoxiclav__South West,lstm
2023-01-01,23.35,False,K-pneumoniae__Co-amoxiclav__South West,lstm
2023-02-01,21.38,False,K-pneumoniae__Co-amoxiclav__South West,lstm
2023-03-01,20.77,False,K-pneumoniae__Co-amoxiclav__South West,lstm
2023-04-01,20.0,False,K-pneumoniae__Co-amoxiclav__South West,lstm
2023-05-01,21.74,False,K-pneumoniae__Co-amoxiclav__South West,lstm
2023-06-01,27.59,False,K-pneumoniae__Co-amoxiclav__South West,lstm
2023-07-01,26.29,False,K-pneumoniae__Co-amoxiclav__South West,lstm
2023-08-01,26.26,False,K-pneumoniae__Co-amoxiclav__South West,lstm
2023-09-01,25.23,False,K-pneumoniae__Co-amoxiclav__South West,lstm
2023-10-01,25.24,False,K-pneumoniae__Co-amoxiclav__South West,lstm
2023-11-01,24.06,False,K-pneumoniae__Co-amoxiclav__South West,lstm
2023-12-01,25.35,False,K-pneumoniae__Co-amoxiclav__South West,lstm
2024-01-01,28.37,False,K-pneumoniae__Co-amoxiclav__South West,lstm
2024-02-01,28.81,False,K-pneumoniae__Co-amoxiclav__South West,lstm
2024-03-01,25.47,False,K-pneumoniae__Co-amoxiclav__South West,lstm
2024-04-01,22.16,False,K-pneumoniae__Co-amoxiclav__South West,lstm
2024-05-01,24.72,False,K-pneumoniae__Co-amoxiclav__South West,lstm
2024-06-01,26.99,False,K-pneumoniae__Co-amoxiclav__South West,lstm
2024-07-01,25.75,False,K-pneumoniae__Co-amoxiclav__South West,lstm
2024-08-01,25.58,False,K-pneumoniae__Co-amoxiclav__South West,lstm
2024-09-01,22.75,False,K-pneumoniae__Co-amoxiclav__South West,lstm
2024-10-01,23.46,False,K-pneumoniae__Co-amoxiclav__South West,lstm
2024-11-01,24.85,False,K-pneumoniae__Co-amoxiclav__South West,lstm
2024-12-01,26.7,False,K-pneumoniae__Co-amoxiclav__South West,lstm
2025-01-01,23.17,False,K-pneumoniae__Co-amoxiclav__South West,lstm
2025-02-01,23.87,False,K-pneumoniae__Co-amoxiclav__South West,lstm
2025-03-01,25.81,False,K-pneumoniae__Co-amoxiclav__South West,lstm
2025-04-01,31.29,False,K-pneumoniae__Co-amoxiclav__South West,lstm
2025-05-01,26.14,False,K-pneumoniae__Co-amoxiclav__South West,lstm
2025-06-01,25.0,False,K-pneumoniae__Co-amoxiclav__South West,lstm
2025-07-01,25.04139608166121,True,K-pneumoniae__Co-amoxiclav__South West,lstm
2025-08-01,25.13611879811209,True,K-pneumoniae__Co-amoxiclav__South West,lstm
2025-09-01,25.12537570512198,True,K-pneumoniae__Co-amoxiclav__South West,lstm
2025-10-01,25.156317791195317,True,K-pneumoniae__Co-amoxiclav__South West,lstm
2025-11-01,24.857634725724292,True,K-pneumoniae__Co-amoxiclav__South West,lstm
2025-12-01,24.51452607875827,True,K-pneumoniae__Co-amoxiclav__South West,lstm
2020-08-01,22.0,False,K-pneumoniae__Co-amoxiclav__West Midlands,lstm
2020-09-01,19.61,False,K-pneumoniae__Co-amoxiclav__West Midlands,lstm
2020-10-01,25.29,False,K-pneumoniae__Co-amoxiclav__West Midlands,lstm
2020-11-01,27.07,False,K-pneumoniae__Co-amoxiclav__West Midlands,lstm
2020-12-01,25.67,False,K-pneumoniae__Co-amoxiclav__West Midlands,lstm
2021-01-01,22.93,False,K-pneumoniae__Co-amoxiclav__West Midlands,lstm
2021-02-01,23.76,False,K-pneumoniae__Co-amoxiclav__West Midlands,lstm
2021-03-01,22.22,False,K-pneumoniae__Co-amoxiclav__West Midlands,lstm
2021-04-01,24.24,False,K-pneumoniae__Co-amoxiclav__West Midlands,lstm
2021-05-01,22.29,False,K-pneumoniae__Co-amoxiclav__West Midlands,lstm
2021-06-01,28.57,False,K-pneumoniae__Co-amoxiclav__West Midlands,lstm
2021-07-01,27.74,False,K-pneumoniae__Co-amoxiclav__West Midlands,lstm
2021-08-01,26.469999999999995,False,K-pneumoniae__Co-amoxiclav__West Midlands,lstm
2021-09-01,22.34,False,K-pneumoniae__Co-amoxiclav__West Midlands,lstm
2021-10-01,21.8,False,K-pneumoniae__Co-amoxiclav__West Midlands,lstm
2021-11-01,24.17,False,K-pneumoniae__Co-amoxiclav__West Midlands,lstm
2021-12-01,27.45,False,K-pneumoniae__Co-amoxiclav__West Midlands,lstm
2022-01-01,32.45,False,K-pneumoniae__Co-amoxiclav__West Midlands,lstm
2022-02-01,32.16,False,K-pneumoniae__Co-amoxiclav__West Midlands,lstm
2022-03-01,32.37,False,K-pneumoniae__Co-amoxiclav__West Midlands,lstm
2022-04-01,26.63,False,K-pneumoniae__Co-amoxiclav__West Midlands,lstm
2022-05-01,26.55,False,K-pneumoniae__Co-amoxiclav__West Midlands,lstm
2022-06-01,22.41,False,K-pneumoniae__Co-amoxiclav__West Midlands,lstm
2022-07-01,26.06,False,K-pneumoniae__Co-amoxiclav__West Midlands,lstm
2022-08-01,26.44,False,K-pneumoniae__Co-amoxiclav__West Midlands,lstm
2022-09-01,30.48,False,K-pneumoniae__Co-amoxiclav__West Midlands,lstm
2022-10-01,29.44,False,K-pneumoniae__Co-amoxiclav__West Midlands,lstm
2022-11-01,26.85,False,K-pneumoniae__Co-amoxiclav__West Midlands,lstm
2022-12-01,23.5,False,K-pneumoniae__Co-amoxiclav__West Midlands,lstm
2023-01-01,24.87,False,K-pneumoniae__Co-amoxiclav__West Midlands,lstm
2023-02-01,27.22,False,K-pneumoniae__Co-amoxiclav__West Midlands,lstm
2023-03-01,30.0,False,K-pneumoniae__Co-amoxiclav__West Midlands,lstm
2023-04-01,25.57,False,K-pneumoniae__Co-amoxiclav__West Midlands,lstm
2023-05-01,24.1,False,K-pneumoniae__Co-amoxiclav__West Midlands,lstm
2023-06-01,24.65,False,K-pneumoniae__Co-amoxiclav__West Midlands,lstm
2023-07-01,27.65,False,K-pneumoniae__Co-amoxiclav__West Midlands,lstm
2023-08-01,27.43,False,K-pneumoniae__Co-amoxiclav__West Midlands,lstm
2023-09-01,29.11,False,K-pneumoniae__Co-amoxiclav__West Midlands,lstm
2023-10-01,30.7,False,K-pneumoniae__Co-amoxiclav__West Midlands,lstm
2023-11-01,34.35,False,K-pneumoniae__Co-amoxiclav__West Midlands,lstm
2023-12-01,36.09,False,K-pneumoniae__Co-amoxiclav__West Midlands,lstm
2024-01-01,34.91,False,K-pneumoniae__Co-amoxiclav__West Midlands,lstm
2024-02-01,33.33,False,K-pneumoniae__Co-amoxiclav__West Midlands,lstm
2024-03-01,32.16,False,K-pneumoniae__Co-amoxiclav__West Midlands,lstm
2024-04-01,29.5,False,K-pneumoniae__Co-amoxiclav__West Midlands,lstm
2024-05-01,27.55,False,K-pneumoniae__Co-amoxiclav__West Midlands,lstm
2024-06-01,25.0,False,K-pneumoniae__Co-amoxiclav__West Midlands,lstm
2024-07-01,23.88,False,K-pneumoniae__Co-amoxiclav__West Midlands,lstm
2024-08-01,25.45,False,K-pneumoniae__Co-amoxiclav__West Midlands,lstm
2024-09-01,27.73,False,K-pneumoniae__Co-amoxiclav__West Midlands,lstm
2024-10-01,27.59,False,K-pneumoniae__Co-amoxiclav__West Midlands,lstm
2024-11-01,27.39,False,K-pneumoniae__Co-amoxiclav__West Midlands,lstm
2024-12-01,21.3,False,K-pneumoniae__Co-amoxiclav__West Midlands,lstm
2025-01-01,22.52,False,K-pneumoniae__Co-amoxiclav__West Midlands,lstm
2025-02-01,24.57,False,K-pneumoniae__Co-amoxiclav__West Midlands,lstm
2025-03-01,25.35,False,K-pneumoniae__Co-amoxiclav__West Midlands,lstm
2025-04-01,23.0,False,K-pneumoniae__Co-amoxiclav__West Midlands,lstm
2025-05-01,19.54,False,K-pneumoniae__Co-amoxiclav__West Midlands,lstm
2025-06-01,26.26,False,K-pneumoniae__Co-amoxiclav__West Midlands,lstm
2025-07-01,26.387095934473365,True,K-pneumoniae__Co-amoxiclav__West Midlands,lstm
2025-08-01,26.89382177670323,True,K-pneumoniae__Co-amoxiclav__West Midlands,lstm
2025-09-01,27.514180632204585,True,K-pneumoniae__Co-amoxiclav__West Midlands,lstm
2025-10-01,28.027774119405557,True,K-pneumoniae__Co-amoxiclav__West Midlands,lstm
2025-11-01,28.30091506608914,True,K-pneumoniae__Co-amoxiclav__West Midlands,lstm
2025-12-01,28.61880579430006,True,K-pneumoniae__Co-amoxiclav__West Midlands,lstm
2020-08-01,24.43,False,K-pneumoniae__Co-amoxiclav__Yorkshire and Humber,lstm
2020-09-01,27.59,False,K-pneumoniae__Co-amoxiclav__Yorkshire and Humber,lstm
2020-10-01,30.620000000000005,False,K-pneumoniae__Co-amoxiclav__Yorkshire and Humber,lstm
2020-11-01,29.999999999999996,False,K-pneumoniae__Co-amoxiclav__Yorkshire and Humber,lstm
2020-12-01,30.43,False,K-pneumoniae__Co-amoxiclav__Yorkshire and Humber,lstm
2021-01-01,28.76,False,K-pneumoniae__Co-amoxiclav__Yorkshire and Humber,lstm
2021-02-01,25.350000000000005,False,K-pneumoniae__Co-amoxiclav__Yorkshire and Humber,lstm
2021-03-01,19.46,False,K-pneumoniae__Co-amoxiclav__Yorkshire and Humber,lstm
2021-04-01,23.61,False,K-pneumoniae__Co-amoxiclav__Yorkshire and Humber,lstm
2021-05-01,27.38,False,K-pneumoniae__Co-amoxiclav__Yorkshire and Humber,lstm
2021-06-01,31.82,False,K-pneumoniae__Co-amoxiclav__Yorkshire and Humber,lstm
2021-07-01,29.68,False,K-pneumoniae__Co-amoxiclav__Yorkshire and Humber,lstm
2021-08-01,29.22,False,K-pneumoniae__Co-amoxiclav__Yorkshire and Humber,lstm
2021-09-01,25.93,False,K-pneumoniae__Co-amoxiclav__Yorkshire and Humber,lstm
2021-10-01,24.29,False,K-pneumoniae__Co-amoxiclav__Yorkshire and Humber,lstm
2021-11-01,25.41,False,K-pneumoniae__Co-amoxiclav__Yorkshire and Humber,lstm
2021-12-01,27.33,False,K-pneumoniae__Co-amoxiclav__Yorkshire and Humber,lstm
2022-01-01,29.52,False,K-pneumoniae__Co-amoxiclav__Yorkshire and Humber,lstm
2022-02-01,28.290000000000003,False,K-pneumoniae__Co-amoxiclav__Yorkshire and Humber,lstm
2022-03-01,26.83,False,K-pneumoniae__Co-amoxiclav__Yorkshire and Humber,lstm
2022-04-01,27.39,False,K-pneumoniae__Co-amoxiclav__Yorkshire and Humber,lstm
2022-05-01,26.79,False,K-pneumoniae__Co-amoxiclav__Yorkshire and Humber,lstm
2022-06-01,28.4,False,K-pneumoniae__Co-amoxiclav__Yorkshire and Humber,lstm
2022-07-01,26.14,False,K-pneumoniae__Co-amoxiclav__Yorkshire and Humber,lstm
2022-08-01,29.38,False,K-pneumoniae__Co-amoxiclav__Yorkshire and Humber,lstm
2022-09-01,30.41,False,K-pneumoniae__Co-amoxiclav__Yorkshire and Humber,lstm
2022-10-01,31.44,False,K-pneumoniae__Co-amoxiclav__Yorkshire and Humber,lstm
2022-11-01,29.170000000000005,False,K-pneumoniae__Co-amoxiclav__Yorkshire and Humber,lstm
2022-12-01,26.16,False,K-pneumoniae__Co-amoxiclav__Yorkshire and Humber,lstm
2023-01-01,26.09,False,K-pneumoniae__Co-amoxiclav__Yorkshire and Humber,lstm
2023-02-01,28.48,False,K-pneumoniae__Co-amoxiclav__Yorkshire and Humber,lstm
2023-03-01,32.03,False,K-pneumoniae__Co-amoxiclav__Yorkshire and Humber,lstm
2023-04-01,36.42,False,K-pneumoniae__Co-amoxiclav__Yorkshire and Humber,lstm
2023-05-01,38.16,False,K-pneumoniae__Co-amoxiclav__Yorkshire and Humber,lstm
2023-06-01,33.33,False,K-pneumoniae__Co-amoxiclav__Yorkshire and Humber,lstm
2023-07-01,26.85,False,K-pneumoniae__Co-amoxiclav__Yorkshire and Humber,lstm
2023-08-01,24.849999999999998,False,K-pneumoniae__Co-amoxiclav__Yorkshire and Humber,lstm
2023-09-01,30.58,False,K-pneumoniae__Co-amoxiclav__Yorkshire and Humber,lstm
2023-10-01,34.76,False,K-pneumoniae__Co-amoxiclav__Yorkshire and Humber,lstm
2023-11-01,38.14,False,K-pneumoniae__Co-amoxiclav__Yorkshire and Humber,lstm
2023-12-01,35.06,False,K-pneumoniae__Co-amoxiclav__Yorkshire and Humber,lstm
2024-01-01,30.29,False,K-pneumoniae__Co-amoxiclav__Yorkshire and Humber,lstm
2024-02-01,27.17,False,K-pneumoniae__Co-amoxiclav__Yorkshire and Humber,lstm
2024-03-01,26.519999999999996,False,K-pneumoniae__Co-amoxiclav__Yorkshire and Humber,lstm
2024-04-01,28.02,False,K-pneumoniae__Co-amoxiclav__Yorkshire and Humber,lstm
2024-05-01,29.44,False,K-pneumoniae__Co-amoxiclav__Yorkshire and Humber,lstm
2024-06-01,25.97,False,K-pneumoniae__Co-amoxiclav__Yorkshire and Humber,lstm
2024-07-01,29.12,False,K-pneumoniae__Co-amoxiclav__Yorkshire and Humber,lstm
2024-08-01,30.93,False,K-pneumoniae__Co-amoxiclav__Yorkshire and Humber,lstm
2024-09-01,38.46,False,K-pneumoniae__Co-amoxiclav__Yorkshire and Humber,lstm
2024-10-01,39.9,False,K-pneumoniae__Co-amoxiclav__Yorkshire and Humber,lstm
2024-11-01,37.7,False,K-pneumoniae__Co-amoxiclav__Yorkshire and Humber,lstm
2024-12-01,33.33,False,K-pneumoniae__Co-amoxiclav__Yorkshire and Humber,lstm
2025-01-01,29.1,False,K-pneumoniae__Co-amoxiclav__Yorkshire and Humber,lstm
2025-02-01,27.96,False,K-pneumoniae__Co-amoxiclav__Yorkshire and Humber,lstm
2025-03-01,30.13,False,K-pneumoniae__Co-amoxiclav__Yorkshire and Humber,lstm
2025-04-01,32.34,False,K-pneumoniae__Co-amoxiclav__Yorkshire and Humber,lstm
2025-05-01,32.53,False,K-pneumoniae__Co-amoxiclav__Yorkshire and Humber,lstm
2025-06-01,32.0,False,K-pneumoniae__Co-amoxiclav__Yorkshire and Humber,lstm
2025-07-01,31.651473257318326,True,K-pneumoniae__Co-amoxiclav__Yorkshire and Humber,lstm
2025-08-01,32.032856080626644,True,K-pneumoniae__Co-amoxiclav__Yorkshire and Humber,lstm
2025-09-01,32.24899776789762,True,K-pneumoniae__Co-amoxiclav__Yorkshire and Humber,lstm
2025-10-01,32.230465031528006,True,K-pneumoniae__Co-amoxiclav__Yorkshire and Humber,lstm
2025-11-01,31.87729504777367,True,K-pneumoniae__Co-amoxiclav__Yorkshire and Humber,lstm
2025-12-01,31.249641164294644,True,K-pneumoniae__Co-amoxiclav__Yorkshire and Humber,lstm
2020-08-01,4.920000000000001,False,K-pneumoniae__Gentamicin__East Midlands,lstm
2020-09-01,3.0799999999999996,False,K-pneumoniae__Gentamicin__East Midlands,lstm
2020-10-01,2.19,False,K-pneumoniae__Gentamicin__East Midlands,lstm
2020-11-01,2.05,False,K-pneumoniae__Gentamicin__East Midlands,lstm
2020-12-01,5.33,False,K-pneumoniae__Gentamicin__East Midlands,lstm
2021-01-01,4.68,False,K-pneumoniae__Gentamicin__East Midlands,lstm
2021-02-01,6.75,False,K-pneumoniae__Gentamicin__East Midlands,lstm
2021-03-01,6.1,False,K-pneumoniae__Gentamicin__East Midlands,lstm
2021-04-01,6.76,False,K-pneumoniae__Gentamicin__East Midlands,lstm
2021-05-01,6.92,False,K-pneumoniae__Gentamicin__East Midlands,lstm
2021-06-01,8.12,False,K-pneumoniae__Gentamicin__East Midlands,lstm
2021-07-01,7.43,False,K-pneumoniae__Gentamicin__East Midlands,lstm
2021-08-01,7.139999999999999,False,K-pneumoniae__Gentamicin__East Midlands,lstm
2021-09-01,5.3,False,K-pneumoniae__Gentamicin__East Midlands,lstm
2021-10-01,8.07,False,K-pneumoniae__Gentamicin__East Midlands,lstm
2021-11-01,6.67,False,K-pneumoniae__Gentamicin__East Midlands,lstm
2021-12-01,7.02,False,K-pneumoniae__Gentamicin__East Midlands,lstm
2022-01-01,5.5200000000000005,False,K-pneumoniae__Gentamicin__East Midlands,lstm
2022-02-01,8.46,False,K-pneumoniae__Gentamicin__East Midlands,lstm
2022-03-01,7.029999999999999,False,K-pneumoniae__Gentamicin__East Midlands,lstm
2022-04-01,5.07,False,K-pneumoniae__Gentamicin__East Midlands,lstm
2022-05-01,3.42,False,K-pneumoniae__Gentamicin__East Midlands,lstm
2022-06-01,3.3100000000000005,False,K-pneumoniae__Gentamicin__East Midlands,lstm
2022-07-01,4.61,False,K-pneumoniae__Gentamicin__East Midlands,lstm
2022-08-01,4.970000000000001,False,K-pneumoniae__Gentamicin__East Midlands,lstm
2022-09-01,5.26,False,K-pneumoniae__Gentamicin__East Midlands,lstm
2022-10-01,7.02,False,K-pneumoniae__Gentamicin__East Midlands,lstm
2022-11-01,8.52,False,K-pneumoniae__Gentamicin__East Midlands,lstm
2022-12-01,10.47,False,K-pneumoniae__Gentamicin__East Midlands,lstm
2023-01-01,8.64,False,K-pneumoniae__Gentamicin__East Midlands,lstm
2023-02-01,6.800000000000001,False,K-pneumoniae__Gentamicin__East Midlands,lstm
2023-03-01,5.930000000000001,False,K-pneumoniae__Gentamicin__East Midlands,lstm
2023-04-01,6.76,False,K-pneumoniae__Gentamicin__East Midlands,lstm
2023-05-01,8.07,False,K-pneumoniae__Gentamicin__East Midlands,lstm
2023-06-01,8.43,False,K-pneumoniae__Gentamicin__East Midlands,lstm
2023-07-01,6.92,False,K-pneumoniae__Gentamicin__East Midlands,lstm
2023-08-01,4.55,False,K-pneumoniae__Gentamicin__East Midlands,lstm
2023-09-01,4.71,False,K-pneumoniae__Gentamicin__East Midlands,lstm
2023-10-01,4.740000000000001,False,K-pneumoniae__Gentamicin__East Midlands,lstm
2023-11-01,6.19,False,K-pneumoniae__Gentamicin__East Midlands,lstm
2023-12-01,8.33,False,K-pneumoniae__Gentamicin__East Midlands,lstm
2024-01-01,12.57,False,K-pneumoniae__Gentamicin__East Midlands,lstm
2024-02-01,11.7,False,K-pneumoniae__Gentamicin__East Midlands,lstm
2024-03-01,7.23,False,K-pneumoniae__Gentamicin__East Midlands,lstm
2024-04-01,5.910000000000001,False,K-pneumoniae__Gentamicin__East Midlands,lstm
2024-05-01,5.820000000000001,False,K-pneumoniae__Gentamicin__East Midlands,lstm
2024-06-01,6.940000000000001,False,K-pneumoniae__Gentamicin__East Midlands,lstm
2024-07-01,4.25,False,K-pneumoniae__Gentamicin__East Midlands,lstm
2024-08-01,7.17,False,K-pneumoniae__Gentamicin__East Midlands,lstm
2024-09-01,7.369999999999999,False,K-pneumoniae__Gentamicin__East Midlands,lstm
2024-10-01,10.28,False,K-pneumoniae__Gentamicin__East Midlands,lstm
2024-11-01,9.0,False,K-pneumoniae__Gentamicin__East Midlands,lstm
2024-12-01,10.4,False,K-pneumoniae__Gentamicin__East Midlands,lstm
2025-01-01,10.8,False,K-pneumoniae__Gentamicin__East Midlands,lstm
2025-02-01,8.29,False,K-pneumoniae__Gentamicin__East Midlands,lstm
2025-03-01,7.73,False,K-pneumoniae__Gentamicin__East Midlands,lstm
2025-04-01,5.61,False,K-pneumoniae__Gentamicin__East Midlands,lstm
2025-05-01,6.069999999999999,False,K-pneumoniae__Gentamicin__East Midlands,lstm
2025-06-01,6.03,False,K-pneumoniae__Gentamicin__East Midlands,lstm
2025-07-01,6.413706574095629,True,K-pneumoniae__Gentamicin__East Midlands,lstm
2025-08-01,6.8047050717718855,True,K-pneumoniae__Gentamicin__East Midlands,lstm
2025-09-01,7.295538080554062,True,K-pneumoniae__Gentamicin__East Midlands,lstm
2025-10-01,7.780507819413794,True,K-pneumoniae__Gentamicin__East Midlands,lstm
2025-11-01,8.18057349389814,True,K-pneumoniae__Gentamicin__East Midlands,lstm
2025-12-01,8.38011544293843,True,K-pneumoniae__Gentamicin__East Midlands,lstm
2020-08-01,4.9,False,K-pneumoniae__Gentamicin__East of England,lstm
2020-09-01,7.62,False,K-pneumoniae__Gentamicin__East of England,lstm
2020-10-01,9.8,False,K-pneumoniae__Gentamicin__East of England,lstm
2020-11-01,11.11,False,K-pneumoniae__Gentamicin__East of England,lstm
2020-12-01,10.11,False,K-pneumoniae__Gentamicin__East of England,lstm
2021-01-01,9.22,False,K-pneumoniae__Gentamicin__East of England,lstm
2021-02-01,11.45,False,K-pneumoniae__Gentamicin__East of England,lstm
2021-03-01,10.67,False,K-pneumoniae__Gentamicin__East of England,lstm
2021-04-01,10.4,False,K-pneumoniae__Gentamicin__East of England,lstm
2021-05-01,8.11,False,K-pneumoniae__Gentamicin__East of England,lstm
2021-06-01,7.58,False,K-pneumoniae__Gentamicin__East of England,lstm
2021-07-01,9.05,False,K-pneumoniae__Gentamicin__East of England,lstm
2021-08-01,10.08,False,K-pneumoniae__Gentamicin__East of England,lstm
2021-09-01,10.43,False,K-pneumoniae__Gentamicin__East of England,lstm
2021-10-01,8.85,False,K-pneumoniae__Gentamicin__East of England,lstm
2021-11-01,8.04,False,K-pneumoniae__Gentamicin__East of England,lstm
2021-12-01,8.21,False,K-pneumoniae__Gentamicin__East of England,lstm
2022-01-01,9.45,False,K-pneumoniae__Gentamicin__East of England,lstm
2022-02-01,10.31,False,K-pneumoniae__Gentamicin__East of England,lstm
2022-03-01,11.22,False,K-pneumoniae__Gentamicin__East of England,lstm
2022-04-01,12.2,False,K-pneumoniae__Gentamicin__East of England,lstm
2022-05-01,9.09,False,K-pneumoniae__Gentamicin__East of England,lstm
2022-06-01,12.24,False,K-pneumoniae__Gentamicin__East of England,lstm
2022-07-01,13.069999999999999,False,K-pneumoniae__Gentamicin__East of England,lstm
2022-08-01,14.15,False,K-pneumoniae__Gentamicin__East of England,lstm
2022-09-01,10.53,False,K-pneumoniae__Gentamicin__East of England,lstm
2022-10-01,9.39,False,K-pneumoniae__Gentamicin__East of England,lstm
2022-11-01,12.919999999999998,False,K-pneumoniae__Gentamicin__East of England,lstm
2022-12-01,14.22,False,K-pneumoniae__Gentamicin__East of England,lstm
2023-01-01,17.39,False,K-pneumoniae__Gentamicin__East of England,lstm
2023-02-01,17.87,False,K-pneumoniae__Gentamicin__East of England,lstm
2023-03-01,18.99,False,K-pneumoniae__Gentamicin__East of England,lstm
2023-04-01,17.41,False,K-pneumoniae__Gentamicin__East of England,lstm
2023-05-01,14.670000000000002,False,K-pneumoniae__Gentamicin__East of England,lstm
2023-06-01,13.17,False,K-pneumoniae__Gentamicin__East of England,lstm
2023-07-01,11.49,False,K-pneumoniae__Gentamicin__East of England,lstm
2023-08-01,9.23,False,K-pneumoniae__Gentamicin__East of England,lstm
2023-09-01,9.43,False,K-pneumoniae__Gentamicin__East of England,lstm
2023-10-01,10.26,False,K-pneumoniae__Gentamicin__East of England,lstm
2023-11-01,11.81,False,K-pneumoniae__Gentamicin__East of England,lstm
2023-12-01,11.989999999999998,False,K-pneumoniae__Gentamicin__East of England,lstm
2024-01-01,13.409999999999998,False,K-pneumoniae__Gentamicin__East of England,lstm
2024-02-01,16.1,False,K-pneumoniae__Gentamicin__East of England,lstm
2024-03-01,16.52,False,K-pneumoniae__Gentamicin__East of England,lstm
2024-04-01,13.39,False,K-pneumoniae__Gentamicin__East of England,lstm
2024-05-01,11.3,False,K-pneumoniae__Gentamicin__East of England,lstm
2024-06-01,11.76,False,K-pneumoniae__Gentamicin__East of England,lstm
2024-07-01,16.79,False,K-pneumoniae__Gentamicin__East of England,lstm
2024-08-01,16.95,False,K-pneumoniae__Gentamicin__East of England,lstm
2024-09-01,18.91,False,K-pneumoniae__Gentamicin__East of England,lstm
2024-10-01,16.98,False,K-pneumoniae__Gentamicin__East of England,lstm
2024-11-01,18.81,False,K-pneumoniae__Gentamicin__East of England,lstm
2024-12-01,17.35,False,K-pneumoniae__Gentamicin__East of England,lstm
2025-01-01,15.88,False,K-pneumoniae__Gentamicin__East of England,lstm
2025-02-01,15.020000000000001,False,K-pneumoniae__Gentamicin__East of England,lstm
2025-03-01,11.46,False,K-pneumoniae__Gentamicin__East of England,lstm
2025-04-01,12.449999999999998,False,K-pneumoniae__Gentamicin__East of England,lstm
2025-05-01,11.67,False,K-pneumoniae__Gentamicin__East of England,lstm
2025-06-01,13.449999999999998,False,K-pneumoniae__Gentamicin__East of England,lstm
2025-07-01,14.174051267729972,True,K-pneumoniae__Gentamicin__East of England,lstm
2025-08-01,14.408429211868041,True,K-pneumoniae__Gentamicin__East of England,lstm
2025-09-01,14.429437854089162,True,K-pneumoniae__Gentamicin__East of England,lstm
2025-10-01,14.392858900497556,True,K-pneumoniae__Gentamicin__East of England,lstm
2025-11-01,14.264001688274998,True,K-pneumoniae__Gentamicin__East of England,lstm
2025-12-01,14.140267454493198,True,K-pneumoniae__Gentamicin__East of England,lstm
2020-08-01,8.75,False,K-pneumoniae__Gentamicin__London,lstm
2020-09-01,7.78,False,K-pneumoniae__Gentamicin__London,lstm
2020-10-01,9.3,False,K-pneumoniae__Gentamicin__London,lstm
2020-11-01,9.58,False,K-pneumoniae__Gentamicin__London,lstm
2020-12-01,13.71,False,K-pneumoniae__Gentamicin__London,lstm
2021-01-01,14.24,False,K-pneumoniae__Gentamicin__London,lstm
2021-02-01,16.18,False,K-pneumoniae__Gentamicin__London,lstm
2021-03-01,15.65,False,K-pneumoniae__Gentamicin__London,lstm
2021-04-01,14.979999999999999,False,K-pneumoniae__Gentamicin__London,lstm
2021-05-01,14.06,False,K-pneumoniae__Gentamicin__London,lstm
2021-06-01,14.499999999999998,False,K-pneumoniae__Gentamicin__London,lstm
2021-07-01,14.969999999999999,False,K-pneumoniae__Gentamicin__London,lstm
2021-08-01,14.979999999999999,False,K-pneumoniae__Gentamicin__London,lstm
2021-09-01,13.27,False,K-pneumoniae__Gentamicin__London,lstm
2021-10-01,13.64,False,K-pneumoniae__Gentamicin__London,lstm
2021-11-01,15.95,False,K-pneumoniae__Gentamicin__London,lstm
2021-12-01,17.44,False,K-pneumoniae__Gentamicin__London,lstm
2022-01-01,17.47,False,K-pneumoniae__Gentamicin__London,lstm
2022-02-01,17.54,False,K-pneumoniae__Gentamicin__London,lstm
2022-03-01,16.91,False,K-pneumoniae__Gentamicin__London,lstm
2022-04-01,16.23,False,K-pneumoniae__Gentamicin__London,lstm
2022-05-01,13.43,False,K-pneumoniae__Gentamicin__London,lstm
2022-06-01,13.09,False,K-pneumoniae__Gentamicin__London,lstm
2022-07-01,12.85,False,K-pneumoniae__Gentamicin__London,lstm
2022-08-01,13.18,False,K-pneumoniae__Gentamicin__London,lstm
2022-09-01,13.61,False,K-pneumoniae__Gentamicin__London,lstm
2022-10-01,14.439999999999998,False,K-pneumoniae__Gentamicin__London,lstm
2022-11-01,16.45,False,K-pneumoniae__Gentamicin__London,lstm
2022-12-01,16.43,False,K-pneumoniae__Gentamicin__London,lstm
2023-01-01,16.36,False,K-pneumoniae__Gentamicin__London,lstm
2023-02-01,15.049999999999999,False,K-pneumoniae__Gentamicin__London,lstm
2023-03-01,14.620000000000001,False,K-pneumoniae__Gentamicin__London,lstm
2023-04-01,15.380000000000003,False,K-pneumoniae__Gentamicin__London,lstm
2023-05-01,15.67,False,K-pneumoniae__Gentamicin__London,lstm
2023-06-01,17.88,False,K-pneumoniae__Gentamicin__London,lstm
2023-07-01,17.21,False,K-pneumoniae__Gentamicin__London,lstm
2023-08-01,17.48,False,K-pneumoniae__Gentamicin__London,lstm
2023-09-01,15.86,False,K-pneumoniae__Gentamicin__London,lstm
2023-10-01,17.08,False,K-pneumoniae__Gentamicin__London,lstm
2023-11-01,16.67,False,K-pneumoniae__Gentamicin__London,lstm
2023-12-01,17.58,False,K-pneumoniae__Gentamicin__London,lstm
2024-01-01,15.480000000000002,False,K-pneumoniae__Gentamicin__London,lstm
2024-02-01,14.72,False,K-pneumoniae__Gentamicin__London,lstm
2024-03-01,14.14,False,K-pneumoniae__Gentamicin__London,lstm
2024-04-01,16.61,False,K-pneumoniae__Gentamicin__London,lstm
2024-05-01,17.19,False,K-pneumoniae__Gentamicin__London,lstm
2024-06-01,19.23,False,K-pneumoniae__Gentamicin__London,lstm
2024-07-01,18.35,False,K-pneumoniae__Gentamicin__London,lstm
2024-08-01,20.62,False,K-pneumoniae__Gentamicin__London,lstm
2024-09-01,18.85,False,K-pneumoniae__Gentamicin__London,lstm
2024-10-01,19.28,False,K-pneumoniae__Gentamicin__London,lstm
2024-11-01,17.18,False,K-pneumoniae__Gentamicin__London,lstm
2024-12-01,17.03,False,K-pneumoniae__Gentamicin__London,lstm
2025-01-01,16.88,False,K-pneumoniae__Gentamicin__London,lstm
2025-02-01,19.8,False,K-pneumoniae__Gentamicin__London,lstm
2025-03-01,19.81,False,K-pneumoniae__Gentamicin__London,lstm
2025-04-01,17.33,False,K-pneumoniae__Gentamicin__London,lstm
2025-05-01,13.68,False,K-pneumoniae__Gentamicin__London,lstm
2025-06-01,13.68,False,K-pneumoniae__Gentamicin__London,lstm
2025-07-01,17.15559862591635,True,K-pneumoniae__Gentamicin__London,lstm
2025-08-01,17.69188460502601,True,K-pneumoniae__Gentamicin__London,lstm
2025-09-01,18.040141515097133,True,K-pneumoniae__Gentamicin__London,lstm
2025-10-01,18.07115919420577,True,K-pneumoniae__Gentamicin__London,lstm
2025-11-01,17.752451931298715,True,K-pneumoniae__Gentamicin__London,lstm
2025-12-01,17.301934422140544,True,K-pneumoniae__Gentamicin__London,lstm
2020-08-01,2.06,False,K-pneumoniae__Gentamicin__North East,lstm
2020-09-01,3.74,False,K-pneumoniae__Gentamicin__North East,lstm
2020-10-01,3.67,False,K-pneumoniae__Gentamicin__North East,lstm
2020-11-01,7.0600000000000005,False,K-pneumoniae__Gentamicin__North East,lstm
2020-12-01,4.6,False,K-pneumoniae__Gentamicin__North East,lstm
2021-01-01,6.450000000000001,False,K-pneumoniae__Gentamicin__North East,lstm
2021-02-01,2.8,False,K-pneumoniae__Gentamicin__North East,lstm
2021-03-01,5.88,False,K-pneumoniae__Gentamicin__North East,lstm
2021-04-01,3.16,False,K-pneumoniae__Gentamicin__North East,lstm
2021-05-01,5.15,False,K-pneumoniae__Gentamicin__North East,lstm
2021-06-01,2.94,False,K-pneumoniae__Gentamicin__North East,lstm
2021-07-01,3.42,False,K-pneumoniae__Gentamicin__North East,lstm
2021-08-01,2.22,False,K-pneumoniae__Gentamicin__North East,lstm
2021-09-01,2.27,False,K-pneumoniae__Gentamicin__North East,lstm
2021-10-01,5.0,False,K-pneumoniae__Gentamicin__North East,lstm
2021-11-01,8.46,False,K-pneumoniae__Gentamicin__North East,lstm
2021-12-01,11.54,False,K-pneumoniae__Gentamicin__North East,lstm
2022-01-01,9.4,False,K-pneumoniae__Gentamicin__North East,lstm
2022-02-01,6.06,False,K-pneumoniae__Gentamicin__North East,lstm
2022-03-01,2.02,False,K-pneumoniae__Gentamicin__North East,lstm
2022-04-01,5.05,False,K-pneumoniae__Gentamicin__North East,lstm
2022-05-01,7.62,False,K-pneumoniae__Gentamicin__North East,lstm
2022-06-01,8.74,False,K-pneumoniae__Gentamicin__North East,lstm
2022-07-01,6.360000000000001,False,K-pneumoniae__Gentamicin__North East,lstm
2022-08-01,4.88,False,K-pneumoniae__Gentamicin__North East,lstm
2022-09-01,5.48,False,K-pneumoniae__Gentamicin__North East,lstm
2022-10-01,6.87,False,K-pneumoniae__Gentamicin__North East,lstm
2022-11-01,6.98,False,K-pneumoniae__Gentamicin__North East,lstm
2022-12-01,10.19,False,K-pneumoniae__Gentamicin__North East,lstm
2023-01-01,11.0,False,K-pneumoniae__Gentamicin__North East,lstm
2023-02-01,11.76,False,K-pneumoniae__Gentamicin__North East,lstm
2023-03-01,7.53,False,K-pneumoniae__Gentamicin__North East,lstm
2023-04-01,6.450000000000001,False,K-pneumoniae__Gentamicin__North East,lstm
2023-05-01,8.41,False,K-pneumoniae__Gentamicin__North East,lstm
2023-06-01,9.01,False,K-pneumoniae__Gentamicin__North East,lstm
2023-07-01,9.45,False,K-pneumoniae__Gentamicin__North East,lstm
2023-08-01,6.7700000000000005,False,K-pneumoniae__Gentamicin__North East,lstm
2023-09-01,7.14,False,K-pneumoniae__Gentamicin__North East,lstm
2023-10-01,6.57,False,K-pneumoniae__Gentamicin__North East,lstm
2023-11-01,8.26,False,K-pneumoniae__Gentamicin__North East,lstm
2023-12-01,9.92,False,K-pneumoniae__Gentamicin__North East,lstm
2024-01-01,8.41,False,K-pneumoniae__Gentamicin__North East,lstm
2024-02-01,10.08,False,K-pneumoniae__Gentamicin__North East,lstm
2024-03-01,6.56,False,K-pneumoniae__Gentamicin__North East,lstm
2024-04-01,9.48,False,K-pneumoniae__Gentamicin__North East,lstm
2024-05-01,8.93,False,K-pneumoniae__Gentamicin__North East,lstm
2024-06-01,8.77,False,K-pneumoniae__Gentamicin__North East,lstm
2024-07-01,8.33,False,K-pneumoniae__Gentamicin__North East,lstm
2024-08-01,11.03,False,K-pneumoniae__Gentamicin__North East,lstm
2024-09-01,14.79,False,K-pneumoniae__Gentamicin__North East,lstm
2024-10-01,16.78,False,K-pneumoniae__Gentamicin__North East,lstm
2024-11-01,16.67,False,K-pneumoniae__Gentamicin__North East,lstm
2024-12-01,15.07,False,K-pneumoniae__Gentamicin__North East,lstm
2025-01-01,15.49,False,K-pneumoniae__Gentamicin__North East,lstm
2025-02-01,13.99,False,K-pneumoniae__Gentamicin__North East,lstm
2025-03-01,17.56,False,K-pneumoniae__Gentamicin__North East,lstm
2025-04-01,15.0,False,K-pneumoniae__Gentamicin__North East,lstm
2025-05-01,15.32,False,K-pneumoniae__Gentamicin__North East,lstm
2025-06-01,13.93,False,K-pneumoniae__Gentamicin__North East,lstm
2025-07-01,10.762507632783857,True,K-pneumoniae__Gentamicin__North East,lstm
2025-08-01,11.383619657650021,True,K-pneumoniae__Gentamicin__North East,lstm
2025-09-01,12.17307847145793,True,K-pneumoniae__Gentamicin__North East,lstm
2025-10-01,12.710302491973678,True,K-pneumoniae__Gentamicin__North East,lstm
2025-11-01,13.081657406478508,True,K-pneumoniae__Gentamicin__North East,lstm
2025-12-01,13.139670363103544,True,K-pneumoniae__Gentamicin__North East,lstm
2020-08-01,11.4,False,K-pneumoniae__Gentamicin__North West,lstm
2020-09-01,10.04,False,K-pneumoniae__Gentamicin__North West,lstm
2020-10-01,10.89,False,K-pneumoniae__Gentamicin__North West,lstm
2020-11-01,12.65,False,K-pneumoniae__Gentamicin__North West,lstm
2020-12-01,14.09,False,K-pneumoniae__Gentamicin__North West,lstm
2021-01-01,12.25,False,K-pneumoniae__Gentamicin__North West,lstm
2021-02-01,9.76,False,K-pneumoniae__Gentamicin__North West,lstm
2021-03-01,9.13,False,K-pneumoniae__Gentamicin__North West,lstm
2021-04-01,11.71,False,K-pneumoniae__Gentamicin__North West,lstm
2021-05-01,10.19,False,K-pneumoniae__Gentamicin__North West,lstm
2021-06-01,7.83,False,K-pneumoniae__Gentamicin__North West,lstm
2021-07-01,7.18,False,K-pneumoniae__Gentamicin__North West,lstm
2021-08-01,9.22,False,K-pneumoniae__Gentamicin__North West,lstm
2021-09-01,12.92,False,K-pneumoniae__Gentamicin__North West,lstm
2021-10-01,12.62,False,K-pneumoniae__Gentamicin__North West,lstm
2021-11-01,11.43,False,K-pneumoniae__Gentamicin__North West,lstm
2021-12-01,10.12,False,K-pneumoniae__Gentamicin__North West,lstm
2022-01-01,8.2,False,K-pneumoniae__Gentamicin__North West,lstm
2022-02-01,9.35,False,K-pneumoniae__Gentamicin__North West,lstm
2022-03-01,10.09,False,K-pneumoniae__Gentamicin__North West,lstm
2022-04-01,11.76,False,K-pneumoniae__Gentamicin__North West,lstm
2022-05-01,11.2,False,K-pneumoniae__Gentamicin__North West,lstm
2022-06-01,10.86,False,K-pneumoniae__Gentamicin__North West,lstm
2022-07-01,11.48,False,K-pneumoniae__Gentamicin__North West,lstm
2022-08-01,10.05,False,K-pneumoniae__Gentamicin__North West,lstm
2022-09-01,8.37,False,K-pneumoniae__Gentamicin__North West,lstm
2022-10-01,7.6899999999999995,False,K-pneumoniae__Gentamicin__North West,lstm
2022-11-01,9.69,False,K-pneumoniae__Gentamicin__North West,lstm
2022-12-01,10.45,False,K-pneumoniae__Gentamicin__North West,lstm
2023-01-01,10.71,False,K-pneumoniae__Gentamicin__North West,lstm
2023-02-01,9.6,False,K-pneumoniae__Gentamicin__North West,lstm
2023-03-01,8.12,False,K-pneumoniae__Gentamicin__North West,lstm
2023-04-01,10.51,False,K-pneumoniae__Gentamicin__North West,lstm
2023-05-01,10.42,False,K-pneumoniae__Gentamicin__North West,lstm
2023-06-01,11.4,False,K-pneumoniae__Gentamicin__North West,lstm
2023-07-01,7.22,False,K-pneumoniae__Gentamicin__North West,lstm
2023-08-01,8.71,False,K-pneumoniae__Gentamicin__North West,lstm
2023-09-01,7.549999999999999,False,K-pneumoniae__Gentamicin__North West,lstm
2023-10-01,10.69,False,K-pneumoniae__Gentamicin__North West,lstm
2023-11-01,8.77,False,K-pneumoniae__Gentamicin__North West,lstm
2023-12-01,11.55,False,K-pneumoniae__Gentamicin__North West,lstm
2024-01-01,10.0,False,K-pneumoniae__Gentamicin__North West,lstm
2024-02-01,10.07,False,K-pneumoniae__Gentamicin__North West,lstm
2024-03-01,9.69,False,K-pneumoniae__Gentamicin__North West,lstm
2024-04-01,12.03,False,K-pneumoniae__Gentamicin__North West,lstm
2024-05-01,12.69,False,K-pneumoniae__Gentamicin__North West,lstm
2024-06-01,13.12,False,K-pneumoniae__Gentamicin__North West,lstm
2024-07-01,13.65,False,K-pneumoniae__Gentamicin__North West,lstm
2024-08-01,14.44,False,K-pneumoniae__Gentamicin__North West,lstm
2024-09-01,13.43,False,K-pneumoniae__Gentamicin__North West,lstm
2024-10-01,11.68,False,K-pneumoniae__Gentamicin__North West,lstm
2024-11-01,10.64,False,K-pneumoniae__Gentamicin__North West,lstm
2024-12-01,12.71,False,K-pneumoniae__Gentamicin__North West,lstm
2025-01-01,11.0,False,K-pneumoniae__Gentamicin__North West,lstm
2025-02-01,12.0,False,K-pneumoniae__Gentamicin__North West,lstm
2025-03-01,9.38,False,K-pneumoniae__Gentamicin__North West,lstm
2025-04-01,11.07,False,K-pneumoniae__Gentamicin__North West,lstm
2025-05-01,9.56,False,K-pneumoniae__Gentamicin__North West,lstm
2025-06-01,9.32,False,K-pneumoniae__Gentamicin__North West,lstm
2025-07-01,11.326975597823056,True,K-pneumoniae__Gentamicin__North West,lstm
2025-08-01,11.3323734027104,True,K-pneumoniae__Gentamicin__North West,lstm
2025-09-01,11.103780500335724,True,K-pneumoniae__Gentamicin__North West,lstm
2025-10-01,10.892395387927214,True,K-pneumoniae__Gentamicin__North West,lstm
2025-11-01,10.590471137981469,True,K-pneumoniae__Gentamicin__North West,lstm
2025-12-01,10.32184851371064,True,K-pneumoniae__Gentamicin__North West,lstm
2020-08-01,8.77,False,K-pneumoniae__Gentamicin__South East,lstm
2020-09-01,7.96,False,K-pneumoniae__Gentamicin__South East,lstm
2020-10-01,13.01,False,K-pneumoniae__Gentamicin__South East,lstm
2020-11-01,13.57,False,K-pneumoniae__Gentamicin__South East,lstm
2020-12-01,13.43,False,K-pneumoniae__Gentamicin__South East,lstm
2021-01-01,10.34,False,K-pneumoniae__Gentamicin__South East,lstm
2021-02-01,10.26,False,K-pneumoniae__Gentamicin__South East,lstm
2021-03-01,7.3,False,K-pneumoniae__Gentamicin__South East,lstm
2021-04-01,7.11,False,K-pneumoniae__Gentamicin__South East,lstm
2021-05-01,7.76,False,K-pneumoniae__Gentamicin__South East,lstm
2021-06-01,8.96,False,K-pneumoniae__Gentamicin__South East,lstm
2021-07-01,8.51,False,K-pneumoniae__Gentamicin__South East,lstm
2021-08-01,9.4,False,K-pneumoniae__Gentamicin__South East,lstm
2021-09-01,10.77,False,K-pneumoniae__Gentamicin__South East,lstm
2021-10-01,12.25,False,K-pneumoniae__Gentamicin__South East,lstm
2021-11-01,12.94,False,K-pneumoniae__Gentamicin__South East,lstm
2021-12-01,14.550000000000002,False,K-pneumoniae__Gentamicin__South East,lstm
2022-01-01,15.529999999999998,False,K-pneumoniae__Gentamicin__South East,lstm
2022-02-01,13.58,False,K-pneumoniae__Gentamicin__South East,lstm
2022-03-01,14.23,False,K-pneumoniae__Gentamicin__South East,lstm
2022-04-01,13.94,False,K-pneumoniae__Gentamicin__South East,lstm
2022-05-01,13.92,False,K-pneumoniae__Gentamicin__South East,lstm
2022-06-01,11.45,False,K-pneumoniae__Gentamicin__South East,lstm
2022-07-01,9.7,False,K-pneumoniae__Gentamicin__South East,lstm
2022-08-01,10.9,False,K-pneumoniae__Gentamicin__South East,lstm
2022-09-01,11.04,False,K-pneumoniae__Gentamicin__South East,lstm
2022-10-01,11.300000000000002,False,K-pneumoniae__Gentamicin__South East,lstm
2022-11-01,11.92,False,K-pneumoniae__Gentamicin__South East,lstm
2022-12-01,9.63,False,K-pneumoniae__Gentamicin__South East,lstm
2023-01-01,8.81,False,K-pneumoniae__Gentamicin__South East,lstm
2023-02-01,8.46,False,K-pneumoniae__Gentamicin__South East,lstm
2023-03-01,10.15,False,K-pneumoniae__Gentamicin__South East,lstm
2023-04-01,9.65,False,K-pneumoniae__Gentamicin__South East,lstm
2023-05-01,9.4,False,K-pneumoniae__Gentamicin__South East,lstm
2023-06-01,9.65,False,K-pneumoniae__Gentamicin__South East,lstm
2023-07-01,8.65,False,K-pneumoniae__Gentamicin__South East,lstm
2023-08-01,9.19,False,K-pneumoniae__Gentamicin__South East,lstm
2023-09-01,10.67,False,K-pneumoniae__Gentamicin__South East,lstm
2023-10-01,13.760000000000002,False,K-pneumoniae__Gentamicin__South East,lstm
2023-11-01,13.27,False,K-pneumoniae__Gentamicin__South East,lstm
2023-12-01,14.01,False,K-pneumoniae__Gentamicin__South East,lstm
2024-01-01,13.27,False,K-pneumoniae__Gentamicin__South East,lstm
2024-02-01,12.98,False,K-pneumoniae__Gentamicin__South East,lstm
2024-03-01,11.07,False,K-pneumoniae__Gentamicin__South East,lstm
2024-04-01,11.48,False,K-pneumoniae__Gentamicin__South East,lstm
2024-05-01,12.46,False,K-pneumoniae__Gentamicin__South East,lstm
2024-06-01,14.14,False,K-pneumoniae__Gentamicin__South East,lstm
2024-07-01,14.79,False,K-pneumoniae__Gentamicin__South East,lstm
2024-08-01,15.43,False,K-pneumoniae__Gentamicin__South East,lstm
2024-09-01,15.36,False,K-pneumoniae__Gentamicin__South East,lstm
2024-10-01,13.59,False,K-pneumoniae__Gentamicin__South East,lstm
2024-11-01,11.96,False,K-pneumoniae__Gentamicin__South East,lstm
2024-12-01,9.58,False,K-pneumoniae__Gentamicin__South East,lstm
2025-01-01,10.22,False,K-pneumoniae__Gentamicin__South East,lstm
2025-02-01,11.300000000000002,False,K-pneumoniae__Gentamicin__South East,lstm
2025-03-01,12.24,False,K-pneumoniae__Gentamicin__South East,lstm
2025-04-01,9.75,False,K-pneumoniae__Gentamicin__South East,lstm
2025-05-01,9.12,False,K-pneumoniae__Gentamicin__South East,lstm
2025-06-01,6.87,False,K-pneumoniae__Gentamicin__South East,lstm
2025-07-01,12.06682219499572,True,K-pneumoniae__Gentamicin__South East,lstm
2025-08-01,12.51806515257716,True,K-pneumoniae__Gentamicin__South East,lstm
2025-09-01,12.87518799064311,True,K-pneumoniae__Gentamicin__South East,lstm
2025-10-01,12.985627338412604,True,K-pneumoniae__Gentamicin__South East,lstm
2025-11-01,12.933135240261633,True,K-pneumoniae__Gentamicin__South East,lstm
2025-12-01,12.715952027328768,True,K-pneumoniae__Gentamicin__South East,lstm
2020-08-01,8.72,False,K-pneumoniae__Gentamicin__South West,lstm
2020-09-01,6.12,False,K-pneumoniae__Gentamicin__South West,lstm
2020-10-01,7.75,False,K-pneumoniae__Gentamicin__South West,lstm
2020-11-01,5.26,False,K-pneumoniae__Gentamicin__South West,lstm
2020-12-01,7.63,False,K-pneumoniae__Gentamicin__South West,lstm
2021-01-01,9.09,False,K-pneumoniae__Gentamicin__South West,lstm
2021-02-01,8.63,False,K-pneumoniae__Gentamicin__South West,lstm
2021-03-01,12.42,False,K-pneumoniae__Gentamicin__South West,lstm
2021-04-01,11.26,False,K-pneumoniae__Gentamicin__South West,lstm
2021-05-01,10.6,False,K-pneumoniae__Gentamicin__South West,lstm
2021-06-01,5.34,False,K-pneumoniae__Gentamicin__South West,lstm
2021-07-01,4.48,False,K-pneumoniae__Gentamicin__South West,lstm
2021-08-01,3.79,False,K-pneumoniae__Gentamicin__South West,lstm
2021-09-01,6.54,False,K-pneumoniae__Gentamicin__South West,lstm
2021-10-01,6.43,False,K-pneumoniae__Gentamicin__South West,lstm
2021-11-01,7.87,False,K-pneumoniae__Gentamicin__South West,lstm
2021-12-01,4.69,False,K-pneumoniae__Gentamicin__South West,lstm
2022-01-01,5.420000000000001,False,K-pneumoniae__Gentamicin__South West,lstm
2022-02-01,3.95,False,K-pneumoniae__Gentamicin__South West,lstm
2022-03-01,6.62,False,K-pneumoniae__Gentamicin__South West,lstm
2022-04-01,6.869999999999999,False,K-pneumoniae__Gentamicin__South West,lstm
2022-05-01,6.289999999999999,False,K-pneumoniae__Gentamicin__South West,lstm
2022-06-01,5.0,False,K-pneumoniae__Gentamicin__South West,lstm
2022-07-01,2.78,False,K-pneumoniae__Gentamicin__South West,lstm
2022-08-01,6.54,False,K-pneumoniae__Gentamicin__South West,lstm
2022-09-01,8.86,False,K-pneumoniae__Gentamicin__South West,lstm
2022-10-01,10.19,False,K-pneumoniae__Gentamicin__South West,lstm
2022-11-01,8.02,False,K-pneumoniae__Gentamicin__South West,lstm
2022-12-01,6.289999999999999,False,K-pneumoniae__Gentamicin__South West,lstm
2023-01-01,6.32,False,K-pneumoniae__Gentamicin__South West,lstm
2023-02-01,4.61,False,K-pneumoniae__Gentamicin__South West,lstm
2023-03-01,5.11,False,K-pneumoniae__Gentamicin__South West,lstm
2023-04-01,4.8,False,K-pneumoniae__Gentamicin__South West,lstm
2023-05-01,8.7,False,K-pneumoniae__Gentamicin__South West,lstm
2023-06-01,10.49,False,K-pneumoniae__Gentamicin__South West,lstm
2023-07-01,10.53,False,K-pneumoniae__Gentamicin__South West,lstm
2023-08-01,9.23,False,K-pneumoniae__Gentamicin__South West,lstm
2023-09-01,6.57,False,K-pneumoniae__Gentamicin__South West,lstm
2023-10-01,6.37,False,K-pneumoniae__Gentamicin__South West,lstm
2023-11-01,7.28,False,K-pneumoniae__Gentamicin__South West,lstm
2023-12-01,10.05,False,K-pneumoniae__Gentamicin__South West,lstm
2024-01-01,10.43,False,K-pneumoniae__Gentamicin__South West,lstm
2024-02-01,9.19,False,K-pneumoniae__Gentamicin__South West,lstm
2024-03-01,8.07,False,K-pneumoniae__Gentamicin__South West,lstm
2024-04-01,7.47,False,K-pneumoniae__Gentamicin__South West,lstm
2024-05-01,7.730000000000001,False,K-pneumoniae__Gentamicin__South West,lstm
2024-06-01,8.19,False,K-pneumoniae__Gentamicin__South West,lstm
2024-07-01,9.09,False,K-pneumoniae__Gentamicin__South West,lstm
2024-08-01,9.58,False,K-pneumoniae__Gentamicin__South West,lstm
2024-09-01,9.19,False,K-pneumoniae__Gentamicin__South West,lstm
2024-10-01,8.52,False,K-pneumoniae__Gentamicin__South West,lstm
2024-11-01,10.18,False,K-pneumoniae__Gentamicin__South West,lstm
2024-12-01,10.98,False,K-pneumoniae__Gentamicin__South West,lstm
2025-01-01,9.699999999999998,False,K-pneumoniae__Gentamicin__South West,lstm
2025-02-01,10.76,False,K-pneumoniae__Gentamicin__South West,lstm
2025-03-01,9.09,False,K-pneumoniae__Gentamicin__South West,lstm
2025-04-01,11.320000000000002,False,K-pneumoniae__Gentamicin__South West,lstm
2025-05-01,6.43,False,K-pneumoniae__Gentamicin__South West,lstm
2025-06-01,5.92,False,K-pneumoniae__Gentamicin__South West,lstm
2025-07-01,8.949129903478068,True,K-pneumoniae__Gentamicin__South West,lstm
2025-08-01,9.282134212829357,True,K-pneumoniae__Gentamicin__South West,lstm
2025-09-01,9.373207634947713,True,K-pneumoniae__Gentamicin__South West,lstm
2025-10-01,9.395161786936379,True,K-pneumoniae__Gentamicin__South West,lstm
2025-11-01,8.99579491528496,True,K-pneumoniae__Gentamicin__South West,lstm
2025-12-01,8.492709406018317,True,K-pneumoniae__Gentamicin__South West,lstm
2020-08-01,6.040000000000001,False,K-pneumoniae__Gentamicin__West Midlands,lstm
2020-09-01,3.25,False,K-pneumoniae__Gentamicin__West Midlands,lstm
2020-10-01,4.65,False,K-pneumoniae__Gentamicin__West Midlands,lstm
2020-11-01,7.69,False,K-pneumoniae__Gentamicin__West Midlands,lstm
2020-12-01,7.49,False,K-pneumoniae__Gentamicin__West Midlands,lstm
2021-01-01,5.37,False,K-pneumoniae__Gentamicin__West Midlands,lstm
2021-02-01,4.85,False,K-pneumoniae__Gentamicin__West Midlands,lstm
2021-03-01,4.64,False,K-pneumoniae__Gentamicin__West Midlands,lstm
2021-04-01,5.99,False,K-pneumoniae__Gentamicin__West Midlands,lstm
2021-05-01,4.94,False,K-pneumoniae__Gentamicin__West Midlands,lstm
2021-06-01,8.0,False,K-pneumoniae__Gentamicin__West Midlands,lstm
2021-07-01,7.89,False,K-pneumoniae__Gentamicin__West Midlands,lstm
2021-08-01,5.95,False,K-pneumoniae__Gentamicin__West Midlands,lstm
2021-09-01,5.61,False,K-pneumoniae__Gentamicin__West Midlands,lstm
2021-10-01,5.71,False,K-pneumoniae__Gentamicin__West Midlands,lstm
2021-11-01,8.7,False,K-pneumoniae__Gentamicin__West Midlands,lstm
2021-12-01,6.06,False,K-pneumoniae__Gentamicin__West Midlands,lstm
2022-01-01,8.11,False,K-pneumoniae__Gentamicin__West Midlands,lstm
2022-02-01,7.6,False,K-pneumoniae__Gentamicin__West Midlands,lstm
2022-03-01,8.67,False,K-pneumoniae__Gentamicin__West Midlands,lstm
2022-04-01,7.19,False,K-pneumoniae__Gentamicin__West Midlands,lstm
2022-05-01,4.55,False,K-pneumoniae__Gentamicin__West Midlands,lstm
2022-06-01,3.45,False,K-pneumoniae__Gentamicin__West Midlands,lstm
2022-07-01,3.12,False,K-pneumoniae__Gentamicin__West Midlands,lstm
2022-08-01,5.56,False,K-pneumoniae__Gentamicin__West Midlands,lstm
2022-09-01,10.71,False,K-pneumoniae__Gentamicin__West Midlands,lstm
2022-10-01,11.06,False,K-pneumoniae__Gentamicin__West Midlands,lstm
2022-11-01,8.6,False,K-pneumoniae__Gentamicin__West Midlands,lstm
2022-12-01,4.39,False,K-pneumoniae__Gentamicin__West Midlands,lstm
2023-01-01,4.35,False,K-pneumoniae__Gentamicin__West Midlands,lstm
2023-02-01,4.21,False,K-pneumoniae__Gentamicin__West Midlands,lstm
2023-03-01,5.91,False,K-pneumoniae__Gentamicin__West Midlands,lstm
2023-04-01,4.97,False,K-pneumoniae__Gentamicin__West Midlands,lstm
2023-05-01,6.74,False,K-pneumoniae__Gentamicin__West Midlands,lstm
2023-06-01,7.76,False,K-pneumoniae__Gentamicin__West Midlands,lstm
2023-07-01,8.48,False,K-pneumoniae__Gentamicin__West Midlands,lstm
2023-08-01,8.09,False,K-pneumoniae__Gentamicin__West Midlands,lstm
2023-09-01,9.09,False,K-pneumoniae__Gentamicin__West Midlands,lstm
2023-10-01,8.55,False,K-pneumoniae__Gentamicin__West Midlands,lstm
2023-11-01,9.480000000000002,False,K-pneumoniae__Gentamicin__West Midlands,lstm
2023-12-01,9.44,False,K-pneumoniae__Gentamicin__West Midlands,lstm
2024-01-01,11.68,False,K-pneumoniae__Gentamicin__West Midlands,lstm
2024-02-01,9.689999999999998,False,K-pneumoniae__Gentamicin__West Midlands,lstm
2024-03-01,7.5,False,K-pneumoniae__Gentamicin__West Midlands,lstm
2024-04-01,5.53,False,K-pneumoniae__Gentamicin__West Midlands,lstm
2024-05-01,8.16,False,K-pneumoniae__Gentamicin__West Midlands,lstm
2024-06-01,8.47,False,K-pneumoniae__Gentamicin__West Midlands,lstm
2024-07-01,7.94,False,K-pneumoniae__Gentamicin__West Midlands,lstm
2024-08-01,6.67,False,K-pneumoniae__Gentamicin__West Midlands,lstm
2024-09-01,6.91,False,K-pneumoniae__Gentamicin__West Midlands,lstm
2024-10-01,7.63,False,K-pneumoniae__Gentamicin__West Midlands,lstm
2024-11-01,6.19,False,K-pneumoniae__Gentamicin__West Midlands,lstm
2024-12-01,5.38,False,K-pneumoniae__Gentamicin__West Midlands,lstm
2025-01-01,7.08,False,K-pneumoniae__Gentamicin__West Midlands,lstm
2025-02-01,11.45,False,K-pneumoniae__Gentamicin__West Midlands,lstm
2025-03-01,11.74,False,K-pneumoniae__Gentamicin__West Midlands,lstm
2025-04-01,9.28,False,K-pneumoniae__Gentamicin__West Midlands,lstm
2025-05-01,5.45,False,K-pneumoniae__Gentamicin__West Midlands,lstm
2025-06-01,8.65,False,K-pneumoniae__Gentamicin__West Midlands,lstm
2025-07-01,7.496780997739695,True,K-pneumoniae__Gentamicin__West Midlands,lstm
2025-08-01,7.9413701711304165,True,K-pneumoniae__Gentamicin__West Midlands,lstm
2025-09-01,8.295520513223126,True,K-pneumoniae__Gentamicin__West Midlands,lstm
2025-10-01,8.416145700891612,True,K-pneumoniae__Gentamicin__West Midlands,lstm
2025-11-01,8.246642888212017,True,K-pneumoniae__Gentamicin__West Midlands,lstm
2025-12-01,8.082613096976633,True,K-pneumoniae__Gentamicin__West Midlands,lstm
2020-08-01,4.08,False,K-pneumoniae__Gentamicin__Yorkshire and Humber,lstm
2020-09-01,3.68,False,K-pneumoniae__Gentamicin__Yorkshire and Humber,lstm
2020-10-01,2.7,False,K-pneumoniae__Gentamicin__Yorkshire and Humber,lstm
2020-11-01,2.14,False,K-pneumoniae__Gentamicin__Yorkshire and Humber,lstm
2020-12-01,2.65,False,K-pneumoniae__Gentamicin__Yorkshire and Humber,lstm
2021-01-01,3.26,False,K-pneumoniae__Gentamicin__Yorkshire and Humber,lstm
2021-02-01,3.5100000000000002,False,K-pneumoniae__Gentamicin__Yorkshire and Humber,lstm
2021-03-01,4.55,False,K-pneumoniae__Gentamicin__Yorkshire and Humber,lstm
2021-04-01,6.1,False,K-pneumoniae__Gentamicin__Yorkshire and Humber,lstm
2021-05-01,5.82,False,K-pneumoniae__Gentamicin__Yorkshire and Humber,lstm
2021-06-01,4.65,False,K-pneumoniae__Gentamicin__Yorkshire and Humber,lstm
2021-07-01,3.5499999999999994,False,K-pneumoniae__Gentamicin__Yorkshire and Humber,lstm
2021-08-01,4.71,False,K-pneumoniae__Gentamicin__Yorkshire and Humber,lstm
2021-09-01,7.29,False,K-pneumoniae__Gentamicin__Yorkshire and Humber,lstm
2021-10-01,8.61,False,K-pneumoniae__Gentamicin__Yorkshire and Humber,lstm
2021-11-01,7.94,False,K-pneumoniae__Gentamicin__Yorkshire and Humber,lstm
2021-12-01,7.88,False,K-pneumoniae__Gentamicin__Yorkshire and Humber,lstm
2022-01-01,6.7,False,K-pneumoniae__Gentamicin__Yorkshire and Humber,lstm
2022-02-01,7.34,False,K-pneumoniae__Gentamicin__Yorkshire and Humber,lstm
2022-03-01,5.29,False,K-pneumoniae__Gentamicin__Yorkshire and Humber,lstm
2022-04-01,6.950000000000001,False,K-pneumoniae__Gentamicin__Yorkshire and Humber,lstm
2022-05-01,6.190000000000001,False,K-pneumoniae__Gentamicin__Yorkshire and Humber,lstm
2022-06-01,6.250000000000001,False,K-pneumoniae__Gentamicin__Yorkshire and Humber,lstm
2022-07-01,4.84,False,K-pneumoniae__Gentamicin__Yorkshire and Humber,lstm
2022-08-01,5.24,False,K-pneumoniae__Gentamicin__Yorkshire and Humber,lstm
2022-09-01,5.709999999999999,False,K-pneumoniae__Gentamicin__Yorkshire and Humber,lstm
2022-10-01,6.73,False,K-pneumoniae__Gentamicin__Yorkshire and Humber,lstm
2022-11-01,6.59,False,K-pneumoniae__Gentamicin__Yorkshire and Humber,lstm
2022-12-01,7.37,False,K-pneumoniae__Gentamicin__Yorkshire and Humber,lstm
2023-01-01,6.3500000000000005,False,K-pneumoniae__Gentamicin__Yorkshire and Humber,lstm
2023-02-01,7.099999999999999,False,K-pneumoniae__Gentamicin__Yorkshire and Humber,lstm
2023-03-01,7.73,False,K-pneumoniae__Gentamicin__Yorkshire and Humber,lstm
2023-04-01,9.25,False,K-pneumoniae__Gentamicin__Yorkshire and Humber,lstm
2023-05-01,11.8,False,K-pneumoniae__Gentamicin__Yorkshire and Humber,lstm
2023-06-01,9.44,False,K-pneumoniae__Gentamicin__Yorkshire and Humber,lstm
2023-07-01,7.18,False,K-pneumoniae__Gentamicin__Yorkshire and Humber,lstm
2023-08-01,3.4,False,K-pneumoniae__Gentamicin__Yorkshire and Humber,lstm
2023-09-01,7.630000000000001,False,K-pneumoniae__Gentamicin__Yorkshire and Humber,lstm
2023-10-01,10.44,False,K-pneumoniae__Gentamicin__Yorkshire and Humber,lstm
2023-11-01,12.72,False,K-pneumoniae__Gentamicin__Yorkshire and Humber,lstm
2023-12-01,9.5,False,K-pneumoniae__Gentamicin__Yorkshire and Humber,lstm
2024-01-01,8.33,False,K-pneumoniae__Gentamicin__Yorkshire and Humber,lstm
2024-02-01,7.28,False,K-pneumoniae__Gentamicin__Yorkshire and Humber,lstm
2024-03-01,7.94,False,K-pneumoniae__Gentamicin__Yorkshire and Humber,lstm
2024-04-01,7.73,False,K-pneumoniae__Gentamicin__Yorkshire and Humber,lstm
2024-05-01,7.5,False,K-pneumoniae__Gentamicin__Yorkshire and Humber,lstm
2024-06-01,7.92,False,K-pneumoniae__Gentamicin__Yorkshire and Humber,lstm
2024-07-01,10.0,False,K-pneumoniae__Gentamicin__Yorkshire and Humber,lstm
2024-08-01,12.23,False,K-pneumoniae__Gentamicin__Yorkshire and Humber,lstm
2024-09-01,12.89,False,K-pneumoniae__Gentamicin__Yorkshire and Humber,lstm
2024-10-01,11.71,False,K-pneumoniae__Gentamicin__Yorkshire and Humber,lstm
2024-11-01,10.48,False,K-pneumoniae__Gentamicin__Yorkshire and Humber,lstm
2024-12-01,10.39,False,K-pneumoniae__Gentamicin__Yorkshire and Humber,lstm
2025-01-01,9.59,False,K-pneumoniae__Gentamicin__Yorkshire and Humber,lstm
2025-02-01,10.73,False,K-pneumoniae__Gentamicin__Yorkshire and Humber,lstm
2025-03-01,11.66,False,K-pneumoniae__Gentamicin__Yorkshire and Humber,lstm
2025-04-01,10.4,False,K-pneumoniae__Gentamicin__Yorkshire and Humber,lstm
2025-05-01,9.19,False,K-pneumoniae__Gentamicin__Yorkshire and Humber,lstm
2025-06-01,8.37,False,K-pneumoniae__Gentamicin__Yorkshire and Humber,lstm
2025-07-01,9.256777376386587,True,K-pneumoniae__Gentamicin__Yorkshire and Humber,lstm
2025-08-01,9.638619318566752,True,K-pneumoniae__Gentamicin__Yorkshire and Humber,lstm
2025-09-01,9.92551927335192,True,K-pneumoniae__Gentamicin__Yorkshire and Humber,lstm
2025-10-01,9.98733700876182,True,K-pneumoniae__Gentamicin__Yorkshire and Humber,lstm
2025-11-01,9.82180106638038,True,K-pneumoniae__Gentamicin__Yorkshire and Humber,lstm
2025-12-01,9.489266888774056,True,K-pneumoniae__Gentamicin__Yorkshire and Humber,lstm
2020-08-01,11.57,False,K-pneumoniae__Piperacillin with tazobactam__East Midlands,lstm
2020-09-01,10.69,False,K-pneumoniae__Piperacillin with tazobactam__East Midlands,lstm
2020-10-01,10.79,False,K-pneumoniae__Piperacillin with tazobactam__East Midlands,lstm
2020-11-01,12.41,False,K-pneumoniae__Piperacillin with tazobactam__East Midlands,lstm
2020-12-01,16.44,False,K-pneumoniae__Piperacillin with tazobactam__East Midlands,lstm
2021-01-01,15.66,False,K-pneumoniae__Piperacillin with tazobactam__East Midlands,lstm
2021-02-01,17.61,False,K-pneumoniae__Piperacillin with tazobactam__East Midlands,lstm
2021-03-01,15.530000000000001,False,K-pneumoniae__Piperacillin with tazobactam__East Midlands,lstm
2021-04-01,17.12,False,K-pneumoniae__Piperacillin with tazobactam__East Midlands,lstm
2021-05-01,16.67,False,K-pneumoniae__Piperacillin with tazobactam__East Midlands,lstm
2021-06-01,16.56,False,K-pneumoniae__Piperacillin with tazobactam__East Midlands,lstm
2021-07-01,14.550000000000002,False,K-pneumoniae__Piperacillin with tazobactam__East Midlands,lstm
2021-08-01,11.92,False,K-pneumoniae__Piperacillin with tazobactam__East Midlands,lstm
2021-09-01,11.45,False,K-pneumoniae__Piperacillin with tazobactam__East Midlands,lstm
2021-10-01,18.62,False,K-pneumoniae__Piperacillin with tazobactam__East Midlands,lstm
2021-11-01,21.52,False,K-pneumoniae__Piperacillin with tazobactam__East Midlands,lstm
2021-12-01,19.88,False,K-pneumoniae__Piperacillin with tazobactam__East Midlands,lstm
2022-01-01,14.18,False,K-pneumoniae__Piperacillin with tazobactam__East Midlands,lstm
2022-02-01,11.2,False,K-pneumoniae__Piperacillin with tazobactam__East Midlands,lstm
2022-03-01,11.02,False,K-pneumoniae__Piperacillin with tazobactam__East Midlands,lstm
2022-04-01,13.87,False,K-pneumoniae__Piperacillin with tazobactam__East Midlands,lstm
2022-05-01,11.49,False,K-pneumoniae__Piperacillin with tazobactam__East Midlands,lstm
2022-06-01,11.26,False,K-pneumoniae__Piperacillin with tazobactam__East Midlands,lstm
2022-07-01,9.87,False,K-pneumoniae__Piperacillin with tazobactam__East Midlands,lstm
2022-08-01,10.37,False,K-pneumoniae__Piperacillin with tazobactam__East Midlands,lstm
2022-09-01,14.119999999999997,False,K-pneumoniae__Piperacillin with tazobactam__East Midlands,lstm
2022-10-01,14.53,False,K-pneumoniae__Piperacillin with tazobactam__East Midlands,lstm
2022-11-01,20.93,False,K-pneumoniae__Piperacillin with tazobactam__East Midlands,lstm
2022-12-01,22.91,False,K-pneumoniae__Piperacillin with tazobactam__East Midlands,lstm
2023-01-01,23.64,False,K-pneumoniae__Piperacillin with tazobactam__East Midlands,lstm
2023-02-01,19.21,False,K-pneumoniae__Piperacillin with tazobactam__East Midlands,lstm
2023-03-01,17.78,False,K-pneumoniae__Piperacillin with tazobactam__East Midlands,lstm
2023-04-01,19.33,False,K-pneumoniae__Piperacillin with tazobactam__East Midlands,lstm
2023-05-01,18.56,False,K-pneumoniae__Piperacillin with tazobactam__East Midlands,lstm
2023-06-01,15.52,False,K-pneumoniae__Piperacillin with tazobactam__East Midlands,lstm
2023-07-01,17.24,False,K-pneumoniae__Piperacillin with tazobactam__East Midlands,lstm
2023-08-01,19.38,False,K-pneumoniae__Piperacillin with tazobactam__East Midlands,lstm
2023-09-01,22.03,False,K-pneumoniae__Piperacillin with tazobactam__East Midlands,lstm
2023-10-01,20.31,False,K-pneumoniae__Piperacillin with tazobactam__East Midlands,lstm
2023-11-01,20.0,False,K-pneumoniae__Piperacillin with tazobactam__East Midlands,lstm
2023-12-01,21.58,False,K-pneumoniae__Piperacillin with tazobactam__East Midlands,lstm
2024-01-01,22.86,False,K-pneumoniae__Piperacillin with tazobactam__East Midlands,lstm
2024-02-01,22.35,False,K-pneumoniae__Piperacillin with tazobactam__East Midlands,lstm
2024-03-01,20.69,False,K-pneumoniae__Piperacillin with tazobactam__East Midlands,lstm
2024-04-01,19.68,False,K-pneumoniae__Piperacillin with tazobactam__East Midlands,lstm
2024-05-01,22.8,False,K-pneumoniae__Piperacillin with tazobactam__East Midlands,lstm
2024-06-01,23.22,False,K-pneumoniae__Piperacillin with tazobactam__East Midlands,lstm
2024-07-01,20.93,False,K-pneumoniae__Piperacillin with tazobactam__East Midlands,lstm
2024-08-01,17.27,False,K-pneumoniae__Piperacillin with tazobactam__East Midlands,lstm
2024-09-01,15.96,False,K-pneumoniae__Piperacillin with tazobactam__East Midlands,lstm
2024-10-01,17.06,False,K-pneumoniae__Piperacillin with tazobactam__East Midlands,lstm
2024-11-01,19.07,False,K-pneumoniae__Piperacillin with tazobactam__East Midlands,lstm
2024-12-01,19.07,False,K-pneumoniae__Piperacillin with tazobactam__East Midlands,lstm
2025-01-01,23.53,False,K-pneumoniae__Piperacillin with tazobactam__East Midlands,lstm
2025-02-01,23.79,False,K-pneumoniae__Piperacillin with tazobactam__East Midlands,lstm
2025-03-01,23.04,False,K-pneumoniae__Piperacillin with tazobactam__East Midlands,lstm
2025-04-01,18.48,False,K-pneumoniae__Piperacillin with tazobactam__East Midlands,lstm
2025-05-01,15.610000000000001,False,K-pneumoniae__Piperacillin with tazobactam__East Midlands,lstm
2025-06-01,18.5,False,K-pneumoniae__Piperacillin with tazobactam__East Midlands,lstm
2025-07-01,18.12622332755025,True,K-pneumoniae__Piperacillin with tazobactam__East Midlands,lstm
2025-08-01,18.81979666215313,True,K-pneumoniae__Piperacillin with tazobactam__East Midlands,lstm
2025-09-01,19.48045528168636,True,K-pneumoniae__Piperacillin with tazobactam__East Midlands,lstm
2025-10-01,19.924376636603807,True,K-pneumoniae__Piperacillin with tazobactam__East Midlands,lstm
2025-11-01,20.10658614087008,True,K-pneumoniae__Piperacillin with tazobactam__East Midlands,lstm
2025-12-01,20.1836254498264,True,K-pneumoniae__Piperacillin with tazobactam__East Midlands,lstm
2020-08-01,22.0,False,K-pneumoniae__Piperacillin with tazobactam__East of England,lstm
2020-09-01,25.24,False,K-pneumoniae__Piperacillin with tazobactam__East of England,lstm
2020-10-01,28.14,False,K-pneumoniae__Piperacillin with tazobactam__East of England,lstm
2020-11-01,29.57,False,K-pneumoniae__Piperacillin with tazobactam__East of England,lstm
2020-12-01,24.18,False,K-pneumoniae__Piperacillin with tazobactam__East of England,lstm
2021-01-01,20.49,False,K-pneumoniae__Piperacillin with tazobactam__East of England,lstm
2021-02-01,23.56,False,K-pneumoniae__Piperacillin with tazobactam__East of England,lstm
2021-03-01,25.79,False,K-pneumoniae__Piperacillin with tazobactam__East of England,lstm
2021-04-01,25.51,False,K-pneumoniae__Piperacillin with tazobactam__East of England,lstm
2021-05-01,19.23,False,K-pneumoniae__Piperacillin with tazobactam__East of England,lstm
2021-06-01,19.5,False,K-pneumoniae__Piperacillin with tazobactam__East of England,lstm
2021-07-01,22.27,False,K-pneumoniae__Piperacillin with tazobactam__East of England,lstm
2021-08-01,23.18,False,K-pneumoniae__Piperacillin with tazobactam__East of England,lstm
2021-09-01,23.66,False,K-pneumoniae__Piperacillin with tazobactam__East of England,lstm
2021-10-01,22.17,False,K-pneumoniae__Piperacillin with tazobactam__East of England,lstm
2021-11-01,22.57,False,K-pneumoniae__Piperacillin with tazobactam__East of England,lstm
2021-12-01,22.01,False,K-pneumoniae__Piperacillin with tazobactam__East of England,lstm
2022-01-01,21.18,False,K-pneumoniae__Piperacillin with tazobactam__East of England,lstm
2022-02-01,22.11,False,K-pneumoniae__Piperacillin with tazobactam__East of England,lstm
2022-03-01,22.0,False,K-pneumoniae__Piperacillin with tazobactam__East of England,lstm
2022-04-01,25.37,False,K-pneumoniae__Piperacillin with tazobactam__East of England,lstm
2022-05-01,22.68,False,K-pneumoniae__Piperacillin with tazobactam__East of England,lstm
2022-06-01,23.71,False,K-pneumoniae__Piperacillin with tazobactam__East of England,lstm
2022-07-01,25.63,False,K-pneumoniae__Piperacillin with tazobactam__East of England,lstm
2022-08-01,26.36,False,K-pneumoniae__Piperacillin with tazobactam__East of England,lstm
2022-09-01,25.75,False,K-pneumoniae__Piperacillin with tazobactam__East of England,lstm
2022-10-01,21.92,False,K-pneumoniae__Piperacillin with tazobactam__East of England,lstm
2022-11-01,27.62,False,K-pneumoniae__Piperacillin with tazobactam__East of England,lstm
2022-12-01,28.71,False,K-pneumoniae__Piperacillin with tazobactam__East of England,lstm
2023-01-01,30.3,False,K-pneumoniae__Piperacillin with tazobactam__East of England,lstm
2023-02-01,29.11,False,K-pneumoniae__Piperacillin with tazobactam__East of England,lstm
2023-03-01,26.61,False,K-pneumoniae__Piperacillin with tazobactam__East of England,lstm
2023-04-01,28.63,False,K-pneumoniae__Piperacillin with tazobactam__East of England,lstm
2023-05-01,26.67,False,K-pneumoniae__Piperacillin with tazobactam__East of England,lstm
2023-06-01,29.72,False,K-pneumoniae__Piperacillin with tazobactam__East of England,lstm
2023-07-01,29.06,False,K-pneumoniae__Piperacillin with tazobactam__East of England,lstm
2023-08-01,29.41,False,K-pneumoniae__Piperacillin with tazobactam__East of England,lstm
2023-09-01,29.23,False,K-pneumoniae__Piperacillin with tazobactam__East of England,lstm
2023-10-01,31.940000000000005,False,K-pneumoniae__Piperacillin with tazobactam__East of England,lstm
2023-11-01,35.11,False,K-pneumoniae__Piperacillin with tazobactam__East of England,lstm
2023-12-01,34.24,False,K-pneumoniae__Piperacillin with tazobactam__East of England,lstm
2024-01-01,31.820000000000004,False,K-pneumoniae__Piperacillin with tazobactam__East of England,lstm
2024-02-01,30.08,False,K-pneumoniae__Piperacillin with tazobactam__East of England,lstm
2024-03-01,33.05,False,K-pneumoniae__Piperacillin with tazobactam__East of England,lstm
2024-04-01,31.96,False,K-pneumoniae__Piperacillin with tazobactam__East of England,lstm
2024-05-01,26.87,False,K-pneumoniae__Piperacillin with tazobactam__East of England,lstm
2024-06-01,26.81,False,K-pneumoniae__Piperacillin with tazobactam__East of England,lstm
2024-07-01,25.0,False,K-pneumoniae__Piperacillin with tazobactam__East of England,lstm
2024-08-01,25.98,False,K-pneumoniae__Piperacillin with tazobactam__East of England,lstm
2024-09-01,23.84,False,K-pneumoniae__Piperacillin with tazobactam__East of England,lstm
2024-10-01,27.67,False,K-pneumoniae__Piperacillin with tazobactam__East of England,lstm
2024-11-01,28.9,False,K-pneumoniae__Piperacillin with tazobactam__East of England,lstm
2024-12-01,31.85,False,K-pneumoniae__Piperacillin with tazobactam__East of England,lstm
2025-01-01,29.24,False,K-pneumoniae__Piperacillin with tazobactam__East of England,lstm
2025-02-01,29.84,False,K-pneumoniae__Piperacillin with tazobactam__East of England,lstm
2025-03-01,26.67,False,K-pneumoniae__Piperacillin with tazobactam__East of England,lstm
2025-04-01,28.94,False,K-pneumoniae__Piperacillin with tazobactam__East of England,lstm
2025-05-01,26.29,False,K-pneumoniae__Piperacillin with tazobactam__East of England,lstm
2025-06-01,25.22,False,K-pneumoniae__Piperacillin with tazobactam__East of England,lstm
2025-07-01,27.909325819958898,True,K-pneumoniae__Piperacillin with tazobactam__East of England,lstm
2025-08-01,28.277865908773837,True,K-pneumoniae__Piperacillin with tazobactam__East of England,lstm
2025-09-01,28.471944709599594,True,K-pneumoniae__Piperacillin with tazobactam__East of England,lstm
2025-10-01,28.695897723209296,True,K-pneumoniae__Piperacillin with tazobactam__East of England,lstm
2025-11-01,28.708567201701232,True,K-pneumoniae__Piperacillin with tazobactam__East of England,lstm
2025-12-01,28.541153706146943,True,K-pneumoniae__Piperacillin with tazobactam__East of England,lstm
2020-08-01,23.2,False,K-pneumoniae__Piperacillin with tazobactam__London,lstm
2020-09-01,20.33,False,K-pneumoniae__Piperacillin with tazobactam__London,lstm
2020-10-01,22.83,False,K-pneumoniae__Piperacillin with tazobactam__London,lstm
2020-11-01,23.37,False,K-pneumoniae__Piperacillin with tazobactam__London,lstm
2020-12-01,25.4,False,K-pneumoniae__Piperacillin with tazobactam__London,lstm
2021-01-01,24.37,False,K-pneumoniae__Piperacillin with tazobactam__London,lstm
2021-02-01,24.41,False,K-pneumoniae__Piperacillin with tazobactam__London,lstm
2021-03-01,25.41,False,K-pneumoniae__Piperacillin with tazobactam__London,lstm
2021-04-01,26.15,False,K-pneumoniae__Piperacillin with tazobactam__London,lstm
2021-05-01,29.550000000000004,False,K-pneumoniae__Piperacillin with tazobactam__London,lstm
2021-06-01,27.0,False,K-pneumoniae__Piperacillin with tazobactam__London,lstm
2021-07-01,29.31,False,K-pneumoniae__Piperacillin with tazobactam__London,lstm
2021-08-01,25.78,False,K-pneumoniae__Piperacillin with tazobactam__London,lstm
2021-09-01,26.89,False,K-pneumoniae__Piperacillin with tazobactam__London,lstm
2021-10-01,24.06,False,K-pneumoniae__Piperacillin with tazobactam__London,lstm
2021-11-01,26.48,False,K-pneumoniae__Piperacillin with tazobactam__London,lstm
2021-12-01,25.99,False,K-pneumoniae__Piperacillin with tazobactam__London,lstm
2022-01-01,25.78,False,K-pneumoniae__Piperacillin with tazobactam__London,lstm
2022-02-01,24.46,False,K-pneumoniae__Piperacillin with tazobactam__London,lstm
2022-03-01,26.449999999999996,False,K-pneumoniae__Piperacillin with tazobactam__London,lstm
2022-04-01,28.79,False,K-pneumoniae__Piperacillin with tazobactam__London,lstm
2022-05-01,28.080000000000002,False,K-pneumoniae__Piperacillin with tazobactam__London,lstm
2022-06-01,27.61,False,K-pneumoniae__Piperacillin with tazobactam__London,lstm
2022-07-01,25.62,False,K-pneumoniae__Piperacillin with tazobactam__London,lstm
2022-08-01,25.83,False,K-pneumoniae__Piperacillin with tazobactam__London,lstm
2022-09-01,25.58,False,K-pneumoniae__Piperacillin with tazobactam__London,lstm
2022-10-01,26.239999999999995,False,K-pneumoniae__Piperacillin with tazobactam__London,lstm
2022-11-01,27.549999999999997,False,K-pneumoniae__Piperacillin with tazobactam__London,lstm
2022-12-01,25.74,False,K-pneumoniae__Piperacillin with tazobactam__London,lstm
2023-01-01,28.79,False,K-pneumoniae__Piperacillin with tazobactam__London,lstm
2023-02-01,27.850000000000005,False,K-pneumoniae__Piperacillin with tazobactam__London,lstm
2023-03-01,28.95,False,K-pneumoniae__Piperacillin with tazobactam__London,lstm
2023-04-01,27.549999999999997,False,K-pneumoniae__Piperacillin with tazobactam__London,lstm
2023-05-01,27.840000000000003,False,K-pneumoniae__Piperacillin with tazobactam__London,lstm
2023-06-01,29.62,False,K-pneumoniae__Piperacillin with tazobactam__London,lstm
2023-07-01,31.69,False,K-pneumoniae__Piperacillin with tazobactam__London,lstm
2023-08-01,30.880000000000003,False,K-pneumoniae__Piperacillin with tazobactam__London,lstm
2023-09-01,30.360000000000003,False,K-pneumoniae__Piperacillin with tazobactam__London,lstm
2023-10-01,29.97,False,K-pneumoniae__Piperacillin with tazobactam__London,lstm
2023-11-01,33.05,False,K-pneumoniae__Piperacillin with tazobactam__London,lstm
2023-12-01,32.54,False,K-pneumoniae__Piperacillin with tazobactam__London,lstm
2024-01-01,28.3,False,K-pneumoniae__Piperacillin with tazobactam__London,lstm
2024-02-01,24.47,False,K-pneumoniae__Piperacillin with tazobactam__London,lstm
2024-03-01,26.57,False,K-pneumoniae__Piperacillin with tazobactam__London,lstm
2024-04-01,29.140000000000004,False,K-pneumoniae__Piperacillin with tazobactam__London,lstm
2024-05-01,30.77,False,K-pneumoniae__Piperacillin with tazobactam__London,lstm
2024-06-01,30.7,False,K-pneumoniae__Piperacillin with tazobactam__London,lstm
2024-07-01,28.92,False,K-pneumoniae__Piperacillin with tazobactam__London,lstm
2024-08-01,27.219999999999995,False,K-pneumoniae__Piperacillin with tazobactam__London,lstm
2024-09-01,27.470000000000002,False,K-pneumoniae__Piperacillin with tazobactam__London,lstm
2024-10-01,31.609999999999996,False,K-pneumoniae__Piperacillin with tazobactam__London,lstm
2024-11-01,33.33,False,K-pneumoniae__Piperacillin with tazobactam__London,lstm
2024-12-01,32.04,False,K-pneumoniae__Piperacillin with tazobactam__London,lstm
2025-01-01,27.880000000000003,False,K-pneumoniae__Piperacillin with tazobactam__London,lstm
2025-02-01,29.27,False,K-pneumoniae__Piperacillin with tazobactam__London,lstm
2025-03-01,27.7,False,K-pneumoniae__Piperacillin with tazobactam__London,lstm
2025-04-01,27.549999999999997,False,K-pneumoniae__Piperacillin with tazobactam__London,lstm
2025-05-01,22.73,False,K-pneumoniae__Piperacillin with tazobactam__London,lstm
2025-06-01,25.87,False,K-pneumoniae__Piperacillin with tazobactam__London,lstm
2025-07-01,29.46625551618375,True,K-pneumoniae__Piperacillin with tazobactam__London,lstm
2025-08-01,29.8234427702172,True,K-pneumoniae__Piperacillin with tazobactam__London,lstm
2025-09-01,29.892314225383153,True,K-pneumoniae__Piperacillin with tazobactam__London,lstm
2025-10-01,29.718195696798567,True,K-pneumoniae__Piperacillin with tazobactam__London,lstm
2025-11-01,29.15197621108678,True,K-pneumoniae__Piperacillin with tazobactam__London,lstm
2025-12-01,28.621705991019255,True,K-pneumoniae__Piperacillin with tazobactam__London,lstm
2020-08-01,15.619999999999997,False,K-pneumoniae__Piperacillin with tazobactam__North East,lstm
2020-09-01,17.14,False,K-pneumoniae__Piperacillin with tazobactam__North East,lstm
2020-10-01,14.95,False,K-pneumoniae__Piperacillin with tazobactam__North East,lstm
2020-11-01,20.0,False,K-pneumoniae__Piperacillin with tazobactam__North East,lstm
2020-12-01,20.45,False,K-pneumoniae__Piperacillin with tazobactam__North East,lstm
2021-01-01,23.66,False,K-pneumoniae__Piperacillin with tazobactam__North East,lstm
2021-02-01,18.52,False,K-pneumoniae__Piperacillin with tazobactam__North East,lstm
2021-03-01,17.65,False,K-pneumoniae__Piperacillin with tazobactam__North East,lstm
2021-04-01,15.619999999999997,False,K-pneumoniae__Piperacillin with tazobactam__North East,lstm
2021-05-01,14.58,False,K-pneumoniae__Piperacillin with tazobactam__North East,lstm
2021-06-01,17.82,False,K-pneumoniae__Piperacillin with tazobactam__North East,lstm
2021-07-01,19.66,False,K-pneumoniae__Piperacillin with tazobactam__North East,lstm
2021-08-01,20.74,False,K-pneumoniae__Piperacillin with tazobactam__North East,lstm
2021-09-01,20.45,False,K-pneumoniae__Piperacillin with tazobactam__North East,lstm
2021-10-01,21.48,False,K-pneumoniae__Piperacillin with tazobactam__North East,lstm
2021-11-01,23.02,False,K-pneumoniae__Piperacillin with tazobactam__North East,lstm
2021-12-01,24.22,False,K-pneumoniae__Piperacillin with tazobactam__North East,lstm
2022-01-01,21.19,False,K-pneumoniae__Piperacillin with tazobactam__North East,lstm
2022-02-01,23.0,False,K-pneumoniae__Piperacillin with tazobactam__North East,lstm
2022-03-01,20.83,False,K-pneumoniae__Piperacillin with tazobactam__North East,lstm
2022-04-01,27.08,False,K-pneumoniae__Piperacillin with tazobactam__North East,lstm
2022-05-01,28.43,False,K-pneumoniae__Piperacillin with tazobactam__North East,lstm
2022-06-01,25.24,False,K-pneumoniae__Piperacillin with tazobactam__North East,lstm
2022-07-01,22.43,False,K-pneumoniae__Piperacillin with tazobactam__North East,lstm
2022-08-01,17.36,False,K-pneumoniae__Piperacillin with tazobactam__North East,lstm
2022-09-01,20.83,False,K-pneumoniae__Piperacillin with tazobactam__North East,lstm
2022-10-01,18.38,False,K-pneumoniae__Piperacillin with tazobactam__North East,lstm
2022-11-01,21.21,False,K-pneumoniae__Piperacillin with tazobactam__North East,lstm
2022-12-01,21.3,False,K-pneumoniae__Piperacillin with tazobactam__North East,lstm
2023-01-01,24.24,False,K-pneumoniae__Piperacillin with tazobactam__North East,lstm
2023-02-01,25.58,False,K-pneumoniae__Piperacillin with tazobactam__North East,lstm
2023-03-01,21.28,False,K-pneumoniae__Piperacillin with tazobactam__North East,lstm
2023-04-01,22.58,False,K-pneumoniae__Piperacillin with tazobactam__North East,lstm
2023-05-01,20.2,False,K-pneumoniae__Piperacillin with tazobactam__North East,lstm
2023-06-01,19.81,False,K-pneumoniae__Piperacillin with tazobactam__North East,lstm
2023-07-01,20.0,False,K-pneumoniae__Piperacillin with tazobactam__North East,lstm
2023-08-01,21.43,False,K-pneumoniae__Piperacillin with tazobactam__North East,lstm
2023-09-01,25.21,False,K-pneumoniae__Piperacillin with tazobactam__North East,lstm
2023-10-01,23.08,False,K-pneumoniae__Piperacillin with tazobactam__North East,lstm
2023-11-01,24.19,False,K-pneumoniae__Piperacillin with tazobactam__North East,lstm
2023-12-01,20.83,False,K-pneumoniae__Piperacillin with tazobactam__North East,lstm
2024-01-01,21.15,False,K-pneumoniae__Piperacillin with tazobactam__North East,lstm
2024-02-01,18.35,False,K-pneumoniae__Piperacillin with tazobactam__North East,lstm
2024-03-01,18.1,False,K-pneumoniae__Piperacillin with tazobactam__North East,lstm
2024-04-01,18.52,False,K-pneumoniae__Piperacillin with tazobactam__North East,lstm
2024-05-01,20.91,False,K-pneumoniae__Piperacillin with tazobactam__North East,lstm
2024-06-01,21.1,False,K-pneumoniae__Piperacillin with tazobactam__North East,lstm
2024-07-01,18.32,False,K-pneumoniae__Piperacillin with tazobactam__North East,lstm
2024-08-01,17.56,False,K-pneumoniae__Piperacillin with tazobactam__North East,lstm
2024-09-01,20.57,False,K-pneumoniae__Piperacillin with tazobactam__North East,lstm
2024-10-01,28.97,False,K-pneumoniae__Piperacillin with tazobactam__North East,lstm
2024-11-01,28.77,False,K-pneumoniae__Piperacillin with tazobactam__North East,lstm
2024-12-01,29.5,False,K-pneumoniae__Piperacillin with tazobactam__North East,lstm
2025-01-01,25.55,False,K-pneumoniae__Piperacillin with tazobactam__North East,lstm
2025-02-01,28.57,False,K-pneumoniae__Piperacillin with tazobactam__North East,lstm
2025-03-01,26.56,False,K-pneumoniae__Piperacillin with tazobactam__North East,lstm
2025-04-01,26.55,False,K-pneumoniae__Piperacillin with tazobactam__North East,lstm
2025-05-01,21.24,False,K-pneumoniae__Piperacillin with tazobactam__North East,lstm
2025-06-01,25.44,False,K-pneumoniae__Piperacillin with tazobactam__North East,lstm
2025-07-01,21.947980810165774,True,K-pneumoniae__Piperacillin with tazobactam__North East,lstm
2025-08-01,22.5178747383349,True,K-pneumoniae__Piperacillin with tazobactam__North East,lstm
2025-09-01,23.05003583222102,True,K-pneumoniae__Piperacillin with tazobactam__North East,lstm
2025-10-01,23.516454673790406,True,K-pneumoniae__Piperacillin with tazobactam__North East,lstm
2025-11-01,23.720016328290853,True,K-pneumoniae__Piperacillin with tazobactam__North East,lstm
2025-12-01,23.83386446976277,True,K-pneumoniae__Piperacillin with tazobactam__North East,lstm
2020-08-01,12.44,False,K-pneumoniae__Piperacillin with tazobactam__North West,lstm
2020-09-01,10.18,False,K-pneumoniae__Piperacillin with tazobactam__North West,lstm
2020-10-01,13.39,False,K-pneumoniae__Piperacillin with tazobactam__North West,lstm
2020-11-01,19.6,False,K-pneumoniae__Piperacillin with tazobactam__North West,lstm
2020-12-01,24.22,False,K-pneumoniae__Piperacillin with tazobactam__North West,lstm
2021-01-01,22.93,False,K-pneumoniae__Piperacillin with tazobactam__North West,lstm
2021-02-01,20.59,False,K-pneumoniae__Piperacillin with tazobactam__North West,lstm
2021-03-01,15.28,False,K-pneumoniae__Piperacillin with tazobactam__North West,lstm
2021-04-01,16.36,False,K-pneumoniae__Piperacillin with tazobactam__North West,lstm
2021-05-01,15.96,False,K-pneumoniae__Piperacillin with tazobactam__North West,lstm
2021-06-01,17.13,False,K-pneumoniae__Piperacillin with tazobactam__North West,lstm
2021-07-01,18.01,False,K-pneumoniae__Piperacillin with tazobactam__North West,lstm
2021-08-01,15.49,False,K-pneumoniae__Piperacillin with tazobactam__North West,lstm
2021-09-01,20.09,False,K-pneumoniae__Piperacillin with tazobactam__North West,lstm
2021-10-01,18.52,False,K-pneumoniae__Piperacillin with tazobactam__North West,lstm
2021-11-01,18.67,False,K-pneumoniae__Piperacillin with tazobactam__North West,lstm
2021-12-01,15.9,False,K-pneumoniae__Piperacillin with tazobactam__North West,lstm
2022-01-01,15.189999999999998,False,K-pneumoniae__Piperacillin with tazobactam__North West,lstm
2022-02-01,17.07,False,K-pneumoniae__Piperacillin with tazobactam__North West,lstm
2022-03-01,17.14,False,K-pneumoniae__Piperacillin with tazobactam__North West,lstm
2022-04-01,17.97,False,K-pneumoniae__Piperacillin with tazobactam__North West,lstm
2022-05-01,16.12,False,K-pneumoniae__Piperacillin with tazobactam__North West,lstm
2022-06-01,17.04,False,K-pneumoniae__Piperacillin with tazobactam__North West,lstm
2022-07-01,18.93,False,K-pneumoniae__Piperacillin with tazobactam__North West,lstm
2022-08-01,24.999999999999996,False,K-pneumoniae__Piperacillin with tazobactam__North West,lstm
2022-09-01,22.570000000000004,False,K-pneumoniae__Piperacillin with tazobactam__North West,lstm
2022-10-01,23.7,False,K-pneumoniae__Piperacillin with tazobactam__North West,lstm
2022-11-01,20.909999999999997,False,K-pneumoniae__Piperacillin with tazobactam__North West,lstm
2022-12-01,23.94,False,K-pneumoniae__Piperacillin with tazobactam__North West,lstm
2023-01-01,23.83,False,K-pneumoniae__Piperacillin with tazobactam__North West,lstm
2023-02-01,25.59,False,K-pneumoniae__Piperacillin with tazobactam__North West,lstm
2023-03-01,25.42,False,K-pneumoniae__Piperacillin with tazobactam__North West,lstm
2023-04-01,24.510000000000005,False,K-pneumoniae__Piperacillin with tazobactam__North West,lstm
2023-05-01,23.2,False,K-pneumoniae__Piperacillin with tazobactam__North West,lstm
2023-06-01,21.29,False,K-pneumoniae__Piperacillin with tazobactam__North West,lstm
2023-07-01,19.69,False,K-pneumoniae__Piperacillin with tazobactam__North West,lstm
2023-08-01,21.15,False,K-pneumoniae__Piperacillin with tazobactam__North West,lstm
2023-09-01,22.83,False,K-pneumoniae__Piperacillin with tazobactam__North West,lstm
2023-10-01,25.7,False,K-pneumoniae__Piperacillin with tazobactam__North West,lstm
2023-11-01,26.67,False,K-pneumoniae__Piperacillin with tazobactam__North West,lstm
2023-12-01,27.369999999999997,False,K-pneumoniae__Piperacillin with tazobactam__North West,lstm
2024-01-01,24.25,False,K-pneumoniae__Piperacillin with tazobactam__North West,lstm
2024-02-01,21.97,False,K-pneumoniae__Piperacillin with tazobactam__North West,lstm
2024-03-01,21.84,False,K-pneumoniae__Piperacillin with tazobactam__North West,lstm
2024-04-01,23.25,False,K-pneumoniae__Piperacillin with tazobactam__North West,lstm
2024-05-01,23.36,False,K-pneumoniae__Piperacillin with tazobactam__North West,lstm
2024-06-01,22.7,False,K-pneumoniae__Piperacillin with tazobactam__North West,lstm
2024-07-01,24.35,False,K-pneumoniae__Piperacillin with tazobactam__North West,lstm
2024-08-01,23.209999999999997,False,K-pneumoniae__Piperacillin with tazobactam__North West,lstm
2024-09-01,24.1,False,K-pneumoniae__Piperacillin with tazobactam__North West,lstm
2024-10-01,22.34,False,K-pneumoniae__Piperacillin with tazobactam__North West,lstm
2024-11-01,22.91,False,K-pneumoniae__Piperacillin with tazobactam__North West,lstm
2024-12-01,22.26,False,K-pneumoniae__Piperacillin with tazobactam__North West,lstm
2025-01-01,22.33,False,K-pneumoniae__Piperacillin with tazobactam__North West,lstm
2025-02-01,23.23,False,K-pneumoniae__Piperacillin with tazobactam__North West,lstm
2025-03-01,25.45,False,K-pneumoniae__Piperacillin with tazobactam__North West,lstm
2025-04-01,28.170000000000005,False,K-pneumoniae__Piperacillin with tazobactam__North West,lstm
2025-05-01,29.43,False,K-pneumoniae__Piperacillin with tazobactam__North West,lstm
2025-06-01,27.45,False,K-pneumoniae__Piperacillin with tazobactam__North West,lstm
2025-07-01,22.691831394043575,True,K-pneumoniae__Piperacillin with tazobactam__North West,lstm
2025-08-01,23.193287472343115,True,K-pneumoniae__Piperacillin with tazobactam__North West,lstm
2025-09-01,23.543977618174996,True,K-pneumoniae__Piperacillin with tazobactam__North West,lstm
2025-10-01,23.744407658797872,True,K-pneumoniae__Piperacillin with tazobactam__North West,lstm
2025-11-01,23.735590629148916,True,K-pneumoniae__Piperacillin with tazobactam__North West,lstm
2025-12-01,23.442705414329232,True,K-pneumoniae__Piperacillin with tazobactam__North West,lstm
2020-08-01,13.38,False,K-pneumoniae__Piperacillin with tazobactam__South East,lstm
2020-09-01,16.07,False,K-pneumoniae__Piperacillin with tazobactam__South East,lstm
2020-10-01,15.38,False,K-pneumoniae__Piperacillin with tazobactam__South East,lstm
2020-11-01,16.76,False,K-pneumoniae__Piperacillin with tazobactam__South East,lstm
2020-12-01,15.62,False,K-pneumoniae__Piperacillin with tazobactam__South East,lstm
2021-01-01,17.28,False,K-pneumoniae__Piperacillin with tazobactam__South East,lstm
2021-02-01,16.0,False,K-pneumoniae__Piperacillin with tazobactam__South East,lstm
2021-03-01,15.53,False,K-pneumoniae__Piperacillin with tazobactam__South East,lstm
2021-04-01,14.69,False,K-pneumoniae__Piperacillin with tazobactam__South East,lstm
2021-05-01,14.47,False,K-pneumoniae__Piperacillin with tazobactam__South East,lstm
2021-06-01,14.29,False,K-pneumoniae__Piperacillin with tazobactam__South East,lstm
2021-07-01,11.9,False,K-pneumoniae__Piperacillin with tazobactam__South East,lstm
2021-08-01,9.47,False,K-pneumoniae__Piperacillin with tazobactam__South East,lstm
2021-09-01,11.92,False,K-pneumoniae__Piperacillin with tazobactam__South East,lstm
2021-10-01,13.27,False,K-pneumoniae__Piperacillin with tazobactam__South East,lstm
2021-11-01,20.35,False,K-pneumoniae__Piperacillin with tazobactam__South East,lstm
2021-12-01,23.81,False,K-pneumoniae__Piperacillin with tazobactam__South East,lstm
2022-01-01,25.759999999999998,False,K-pneumoniae__Piperacillin with tazobactam__South East,lstm
2022-02-01,19.76,False,K-pneumoniae__Piperacillin with tazobactam__South East,lstm
2022-03-01,19.59,False,K-pneumoniae__Piperacillin with tazobactam__South East,lstm
2022-04-01,18.49,False,K-pneumoniae__Piperacillin with tazobactam__South East,lstm
2022-05-01,24.46,False,K-pneumoniae__Piperacillin with tazobactam__South East,lstm
2022-06-01,21.05,False,K-pneumoniae__Piperacillin with tazobactam__South East,lstm
2022-07-01,17.26,False,K-pneumoniae__Piperacillin with tazobactam__South East,lstm
2022-08-01,16.67,False,K-pneumoniae__Piperacillin with tazobactam__South East,lstm
2022-09-01,16.28,False,K-pneumoniae__Piperacillin with tazobactam__South East,lstm
2022-10-01,16.83,False,K-pneumoniae__Piperacillin with tazobactam__South East,lstm
2022-11-01,16.75,False,K-pneumoniae__Piperacillin with tazobactam__South East,lstm
2022-12-01,15.64,False,K-pneumoniae__Piperacillin with tazobactam__South East,lstm
2023-01-01,19.44,False,K-pneumoniae__Piperacillin with tazobactam__South East,lstm
2023-02-01,18.23,False,K-pneumoniae__Piperacillin with tazobactam__South East,lstm
2023-03-01,18.62,False,K-pneumoniae__Piperacillin with tazobactam__South East,lstm
2023-04-01,17.78,False,K-pneumoniae__Piperacillin with tazobactam__South East,lstm
2023-05-01,16.39,False,K-pneumoniae__Piperacillin with tazobactam__South East,lstm
2023-06-01,18.28,False,K-pneumoniae__Piperacillin with tazobactam__South East,lstm
2023-07-01,15.26,False,K-pneumoniae__Piperacillin with tazobactam__South East,lstm
2023-08-01,18.27,False,K-pneumoniae__Piperacillin with tazobactam__South East,lstm
2023-09-01,19.52,False,K-pneumoniae__Piperacillin with tazobactam__South East,lstm
2023-10-01,17.8,False,K-pneumoniae__Piperacillin with tazobactam__South East,lstm
2023-11-01,17.94,False,K-pneumoniae__Piperacillin with tazobactam__South East,lstm
2023-12-01,17.27,False,K-pneumoniae__Piperacillin with tazobactam__South East,lstm
2024-01-01,22.28,False,K-pneumoniae__Piperacillin with tazobactam__South East,lstm
2024-02-01,24.32,False,K-pneumoniae__Piperacillin with tazobactam__South East,lstm
2024-03-01,23.86,False,K-pneumoniae__Piperacillin with tazobactam__South East,lstm
2024-04-01,24.26,False,K-pneumoniae__Piperacillin with tazobactam__South East,lstm
2024-05-01,22.41,False,K-pneumoniae__Piperacillin with tazobactam__South East,lstm
2024-06-01,20.66,False,K-pneumoniae__Piperacillin with tazobactam__South East,lstm
2024-07-01,19.82,False,K-pneumoniae__Piperacillin with tazobactam__South East,lstm
2024-08-01,20.08,False,K-pneumoniae__Piperacillin with tazobactam__South East,lstm
2024-09-01,24.81,False,K-pneumoniae__Piperacillin with tazobactam__South East,lstm
2024-10-01,22.34,False,K-pneumoniae__Piperacillin with tazobactam__South East,lstm
2024-11-01,20.83,False,K-pneumoniae__Piperacillin with tazobactam__South East,lstm
2024-12-01,17.87,False,K-pneumoniae__Piperacillin with tazobactam__South East,lstm
2025-01-01,20.19,False,K-pneumoniae__Piperacillin with tazobactam__South East,lstm
2025-02-01,19.66,False,K-pneumoniae__Piperacillin with tazobactam__South East,lstm
2025-03-01,18.98,False,K-pneumoniae__Piperacillin with tazobactam__South East,lstm
2025-04-01,19.16,False,K-pneumoniae__Piperacillin with tazobactam__South East,lstm
2025-05-01,18.6,False,K-pneumoniae__Piperacillin with tazobactam__South East,lstm
2025-06-01,18.28,False,K-pneumoniae__Piperacillin with tazobactam__South East,lstm
2025-07-01,19.433602182455417,True,K-pneumoniae__Piperacillin with tazobactam__South East,lstm
2025-08-01,19.848919202037155,True,K-pneumoniae__Piperacillin with tazobactam__South East,lstm
2025-09-01,20.14743926891775,True,K-pneumoniae__Piperacillin with tazobactam__South East,lstm
2025-10-01,20.366134857134064,True,K-pneumoniae__Piperacillin with tazobactam__South East,lstm
2025-11-01,20.483329336022685,True,K-pneumoniae__Piperacillin with tazobactam__South East,lstm
2025-12-01,20.521177109407322,True,K-pneumoniae__Piperacillin with tazobactam__South East,lstm
2020-08-01,10.67,False,K-pneumoniae__Piperacillin with tazobactam__South West,lstm
2020-09-01,7.28,False,K-pneumoniae__Piperacillin with tazobactam__South West,lstm
2020-10-01,9.16,False,K-pneumoniae__Piperacillin with tazobactam__South West,lstm
2020-11-01,7.89,False,K-pneumoniae__Piperacillin with tazobactam__South West,lstm
2020-12-01,16.1,False,K-pneumoniae__Piperacillin with tazobactam__South West,lstm
2021-01-01,16.18,False,K-pneumoniae__Piperacillin with tazobactam__South West,lstm
2021-02-01,16.31,False,K-pneumoniae__Piperacillin with tazobactam__South West,lstm
2021-03-01,14.84,False,K-pneumoniae__Piperacillin with tazobactam__South West,lstm
2021-04-01,16.0,False,K-pneumoniae__Piperacillin with tazobactam__South West,lstm
2021-05-01,18.83,False,K-pneumoniae__Piperacillin with tazobactam__South West,lstm
2021-06-01,16.67,False,K-pneumoniae__Piperacillin with tazobactam__South West,lstm
2021-07-01,14.07,False,K-pneumoniae__Piperacillin with tazobactam__South West,lstm
2021-08-01,9.09,False,K-pneumoniae__Piperacillin with tazobactam__South West,lstm
2021-09-01,9.15,False,K-pneumoniae__Piperacillin with tazobactam__South West,lstm
2021-10-01,11.83,False,K-pneumoniae__Piperacillin with tazobactam__South West,lstm
2021-11-01,13.29,False,K-pneumoniae__Piperacillin with tazobactam__South West,lstm
2021-12-01,14.67,False,K-pneumoniae__Piperacillin with tazobactam__South West,lstm
2022-01-01,12.5,False,K-pneumoniae__Piperacillin with tazobactam__South West,lstm
2022-02-01,14.19,False,K-pneumoniae__Piperacillin with tazobactam__South West,lstm
2022-03-01,15.56,False,K-pneumoniae__Piperacillin with tazobactam__South West,lstm
2022-04-01,16.92,False,K-pneumoniae__Piperacillin with tazobactam__South West,lstm
2022-05-01,13.38,False,K-pneumoniae__Piperacillin with tazobactam__South West,lstm
2022-06-01,13.04,False,K-pneumoniae__Piperacillin with tazobactam__South West,lstm
2022-07-01,11.27,False,K-pneumoniae__Piperacillin with tazobactam__South West,lstm
2022-08-01,16.11,False,K-pneumoniae__Piperacillin with tazobactam__South West,lstm
2022-09-01,12.42,False,K-pneumoniae__Piperacillin with tazobactam__South West,lstm
2022-10-01,11.76,False,K-pneumoniae__Piperacillin with tazobactam__South West,lstm
2022-11-01,13.29,False,K-pneumoniae__Piperacillin with tazobactam__South West,lstm
2022-12-01,16.67,False,K-pneumoniae__Piperacillin with tazobactam__South West,lstm
2023-01-01,18.82,False,K-pneumoniae__Piperacillin with tazobactam__South West,lstm
2023-02-01,16.67,False,K-pneumoniae__Piperacillin with tazobactam__South West,lstm
2023-03-01,17.91,False,K-pneumoniae__Piperacillin with tazobactam__South West,lstm
2023-04-01,18.55,False,K-pneumoniae__Piperacillin with tazobactam__South West,lstm
2023-05-01,18.25,False,K-pneumoniae__Piperacillin with tazobactam__South West,lstm
2023-06-01,20.55,False,K-pneumoniae__Piperacillin with tazobactam__South West,lstm
2023-07-01,22.09,False,K-pneumoniae__Piperacillin with tazobactam__South West,lstm
2023-08-01,21.76,False,K-pneumoniae__Piperacillin with tazobactam__South West,lstm
2023-09-01,20.95,False,K-pneumoniae__Piperacillin with tazobactam__South West,lstm
2023-10-01,20.49,False,K-pneumoniae__Piperacillin with tazobactam__South West,lstm
2023-11-01,21.43,False,K-pneumoniae__Piperacillin with tazobactam__South West,lstm
2023-12-01,20.91,False,K-pneumoniae__Piperacillin with tazobactam__South West,lstm
2024-01-01,22.71,False,K-pneumoniae__Piperacillin with tazobactam__South West,lstm
2024-02-01,22.65,False,K-pneumoniae__Piperacillin with tazobactam__South West,lstm
2024-03-01,22.56,False,K-pneumoniae__Piperacillin with tazobactam__South West,lstm
2024-04-01,20.0,False,K-pneumoniae__Piperacillin with tazobactam__South West,lstm
2024-05-01,21.35,False,K-pneumoniae__Piperacillin with tazobactam__South West,lstm
2024-06-01,20.73,False,K-pneumoniae__Piperacillin with tazobactam__South West,lstm
2024-07-01,19.51,False,K-pneumoniae__Piperacillin with tazobactam__South West,lstm
2024-08-01,18.29,False,K-pneumoniae__Piperacillin with tazobactam__South West,lstm
2024-09-01,16.93,False,K-pneumoniae__Piperacillin with tazobactam__South West,lstm
2024-10-01,16.11,False,K-pneumoniae__Piperacillin with tazobactam__South West,lstm
2024-11-01,17.86,False,K-pneumoniae__Piperacillin with tazobactam__South West,lstm
2024-12-01,21.71,False,K-pneumoniae__Piperacillin with tazobactam__South West,lstm
2025-01-01,20.12,False,K-pneumoniae__Piperacillin with tazobactam__South West,lstm
2025-02-01,18.47,False,K-pneumoniae__Piperacillin with tazobactam__South West,lstm
2025-03-01,16.56,False,K-pneumoniae__Piperacillin with tazobactam__South West,lstm
2025-04-01,20.86,False,K-pneumoniae__Piperacillin with tazobactam__South West,lstm
2025-05-01,18.39,False,K-pneumoniae__Piperacillin with tazobactam__South West,lstm
2025-06-01,19.65,False,K-pneumoniae__Piperacillin with tazobactam__South West,lstm
2025-07-01,18.82945238871653,True,K-pneumoniae__Piperacillin with tazobactam__South West,lstm
2025-08-01,19.09808505125417,True,K-pneumoniae__Piperacillin with tazobactam__South West,lstm
2025-09-01,19.081623508819334,True,K-pneumoniae__Piperacillin with tazobactam__South West,lstm
2025-10-01,19.117719008416927,True,K-pneumoniae__Piperacillin with tazobactam__South West,lstm
2025-11-01,18.951612041080775,True,K-pneumoniae__Piperacillin with tazobactam__South West,lstm
2025-12-01,18.83240353479499,True,K-pneumoniae__Piperacillin with tazobactam__South West,lstm
2020-08-01,10.2,False,K-pneumoniae__Piperacillin with tazobactam__West Midlands,lstm
2020-09-01,9.93,False,K-pneumoniae__Piperacillin with tazobactam__West Midlands,lstm
2020-10-01,12.5,False,K-pneumoniae__Piperacillin with tazobactam__West Midlands,lstm
2020-11-01,12.64,False,K-pneumoniae__Piperacillin with tazobactam__West Midlands,lstm
2020-12-01,13.68,False,K-pneumoniae__Piperacillin with tazobactam__West Midlands,lstm
2021-01-01,12.8,False,K-pneumoniae__Piperacillin with tazobactam__West Midlands,lstm
2021-02-01,14.42,False,K-pneumoniae__Piperacillin with tazobactam__West Midlands,lstm
2021-03-01,12.89,False,K-pneumoniae__Piperacillin with tazobactam__West Midlands,lstm
2021-04-01,14.97,False,K-pneumoniae__Piperacillin with tazobactam__West Midlands,lstm
2021-05-01,13.41,False,K-pneumoniae__Piperacillin with tazobactam__West Midlands,lstm
2021-06-01,16.99,False,K-pneumoniae__Piperacillin with tazobactam__West Midlands,lstm
2021-07-01,16.03,False,K-pneumoniae__Piperacillin with tazobactam__West Midlands,lstm
2021-08-01,15.12,False,K-pneumoniae__Piperacillin with tazobactam__West Midlands,lstm
2021-09-01,13.64,False,K-pneumoniae__Piperacillin with tazobactam__West Midlands,lstm
2021-10-01,13.59,False,K-pneumoniae__Piperacillin with tazobactam__West Midlands,lstm
2021-11-01,12.44,False,K-pneumoniae__Piperacillin with tazobactam__West Midlands,lstm
2021-12-01,13.79,False,K-pneumoniae__Piperacillin with tazobactam__West Midlands,lstm
2022-01-01,13.54,False,K-pneumoniae__Piperacillin with tazobactam__West Midlands,lstm
2022-02-01,13.95,False,K-pneumoniae__Piperacillin with tazobactam__West Midlands,lstm
2022-03-01,14.94,False,K-pneumoniae__Piperacillin with tazobactam__West Midlands,lstm
2022-04-01,15.29,False,K-pneumoniae__Piperacillin with tazobactam__West Midlands,lstm
2022-05-01,15.43,False,K-pneumoniae__Piperacillin with tazobactam__West Midlands,lstm
2022-06-01,12.28,False,K-pneumoniae__Piperacillin with tazobactam__West Midlands,lstm
2022-07-01,15.509999999999998,False,K-pneumoniae__Piperacillin with tazobactam__West Midlands,lstm
2022-08-01,18.08,False,K-pneumoniae__Piperacillin with tazobactam__West Midlands,lstm
2022-09-01,20.0,False,K-pneumoniae__Piperacillin with tazobactam__West Midlands,lstm
2022-10-01,19.9,False,K-pneumoniae__Piperacillin with tazobactam__West Midlands,lstm
2022-11-01,16.67,False,K-pneumoniae__Piperacillin with tazobactam__West Midlands,lstm
2022-12-01,16.34,False,K-pneumoniae__Piperacillin with tazobactam__West Midlands,lstm
2023-01-01,17.5,False,K-pneumoniae__Piperacillin with tazobactam__West Midlands,lstm
2023-02-01,21.74,False,K-pneumoniae__Piperacillin with tazobactam__West Midlands,lstm
2023-03-01,22.4,False,K-pneumoniae__Piperacillin with tazobactam__West Midlands,lstm
2023-04-01,19.55,False,K-pneumoniae__Piperacillin with tazobactam__West Midlands,lstm
2023-05-01,19.59,False,K-pneumoniae__Piperacillin with tazobactam__West Midlands,lstm
2023-06-01,20.0,False,K-pneumoniae__Piperacillin with tazobactam__West Midlands,lstm
2023-07-01,22.42,False,K-pneumoniae__Piperacillin with tazobactam__West Midlands,lstm
2023-08-01,21.12,False,K-pneumoniae__Piperacillin with tazobactam__West Midlands,lstm
2023-09-01,23.32,False,K-pneumoniae__Piperacillin with tazobactam__West Midlands,lstm
2023-10-01,22.22,False,K-pneumoniae__Piperacillin with tazobactam__West Midlands,lstm
2023-11-01,24.79,False,K-pneumoniae__Piperacillin with tazobactam__West Midlands,lstm
2023-12-01,23.95,False,K-pneumoniae__Piperacillin with tazobactam__West Midlands,lstm
2024-01-01,23.29,False,K-pneumoniae__Piperacillin with tazobactam__West Midlands,lstm
2024-02-01,22.61,False,K-pneumoniae__Piperacillin with tazobactam__West Midlands,lstm
2024-03-01,22.11,False,K-pneumoniae__Piperacillin with tazobactam__West Midlands,lstm
2024-04-01,21.21,False,K-pneumoniae__Piperacillin with tazobactam__West Midlands,lstm
2024-05-01,21.05,False,K-pneumoniae__Piperacillin with tazobactam__West Midlands,lstm
2024-06-01,20.94,False,K-pneumoniae__Piperacillin with tazobactam__West Midlands,lstm
2024-07-01,20.94,False,K-pneumoniae__Piperacillin with tazobactam__West Midlands,lstm
2024-08-01,20.93,False,K-pneumoniae__Piperacillin with tazobactam__West Midlands,lstm
2024-09-01,20.74,False,K-pneumoniae__Piperacillin with tazobactam__West Midlands,lstm
2024-10-01,20.61,False,K-pneumoniae__Piperacillin with tazobactam__West Midlands,lstm
2024-11-01,22.12,False,K-pneumoniae__Piperacillin with tazobactam__West Midlands,lstm
2024-12-01,20.37,False,K-pneumoniae__Piperacillin with tazobactam__West Midlands,lstm
2025-01-01,21.33,False,K-pneumoniae__Piperacillin with tazobactam__West Midlands,lstm
2025-02-01,22.42,False,K-pneumoniae__Piperacillin with tazobactam__West Midlands,lstm
2025-03-01,25.37,False,K-pneumoniae__Piperacillin with tazobactam__West Midlands,lstm
2025-04-01,23.44,False,K-pneumoniae__Piperacillin with tazobactam__West Midlands,lstm
2025-05-01,21.56,False,K-pneumoniae__Piperacillin with tazobactam__West Midlands,lstm
2025-06-01,21.76,False,K-pneumoniae__Piperacillin with tazobactam__West Midlands,lstm
2025-07-01,21.244188486771275,True,K-pneumoniae__Piperacillin with tazobactam__West Midlands,lstm
2025-08-01,21.763188478815636,True,K-pneumoniae__Piperacillin with tazobactam__West Midlands,lstm
2025-09-01,22.20590440511837,True,K-pneumoniae__Piperacillin with tazobactam__West Midlands,lstm
2025-10-01,22.326456878376394,True,K-pneumoniae__Piperacillin with tazobactam__West Midlands,lstm
2025-11-01,22.116597075631013,True,K-pneumoniae__Piperacillin with tazobactam__West Midlands,lstm
2025-12-01,21.779991366823417,True,K-pneumoniae__Piperacillin with tazobactam__West Midlands,lstm
2020-08-01,6.99,False,K-pneumoniae__Piperacillin with tazobactam__Yorkshire and Humber,lstm
2020-09-01,9.38,False,K-pneumoniae__Piperacillin with tazobactam__Yorkshire and Humber,lstm
2020-10-01,11.48,False,K-pneumoniae__Piperacillin with tazobactam__Yorkshire and Humber,lstm
2020-11-01,13.98,False,K-pneumoniae__Piperacillin with tazobactam__Yorkshire and Humber,lstm
2020-12-01,11.41,False,K-pneumoniae__Piperacillin with tazobactam__Yorkshire and Humber,lstm
2021-01-01,9.09,False,K-pneumoniae__Piperacillin with tazobactam__Yorkshire and Humber,lstm
2021-02-01,5.56,False,K-pneumoniae__Piperacillin with tazobactam__Yorkshire and Humber,lstm
2021-03-01,6.429999999999999,False,K-pneumoniae__Piperacillin with tazobactam__Yorkshire and Humber,lstm
2021-04-01,8.59,False,K-pneumoniae__Piperacillin with tazobactam__Yorkshire and Humber,lstm
2021-05-01,12.7,False,K-pneumoniae__Piperacillin with tazobactam__Yorkshire and Humber,lstm
2021-06-01,16.28,False,K-pneumoniae__Piperacillin with tazobactam__Yorkshire and Humber,lstm
2021-07-01,18.34,False,K-pneumoniae__Piperacillin with tazobactam__Yorkshire and Humber,lstm
2021-08-01,18.07,False,K-pneumoniae__Piperacillin with tazobactam__Yorkshire and Humber,lstm
2021-09-01,14.050000000000002,False,K-pneumoniae__Piperacillin with tazobactam__Yorkshire and Humber,lstm
2021-10-01,13.37,False,K-pneumoniae__Piperacillin with tazobactam__Yorkshire and Humber,lstm
2021-11-01,13.88,False,K-pneumoniae__Piperacillin with tazobactam__Yorkshire and Humber,lstm
2021-12-01,16.24,False,K-pneumoniae__Piperacillin with tazobactam__Yorkshire and Humber,lstm
2022-01-01,17.46,False,K-pneumoniae__Piperacillin with tazobactam__Yorkshire and Humber,lstm
2022-02-01,16.48,False,K-pneumoniae__Piperacillin with tazobactam__Yorkshire and Humber,lstm
2022-03-01,18.23,False,K-pneumoniae__Piperacillin with tazobactam__Yorkshire and Humber,lstm
2022-04-01,19.15,False,K-pneumoniae__Piperacillin with tazobactam__Yorkshire and Humber,lstm
2022-05-01,18.56,False,K-pneumoniae__Piperacillin with tazobactam__Yorkshire and Humber,lstm
2022-06-01,16.11,False,K-pneumoniae__Piperacillin with tazobactam__Yorkshire and Humber,lstm
2022-07-01,13.02,False,K-pneumoniae__Piperacillin with tazobactam__Yorkshire and Humber,lstm
2022-08-01,13.81,False,K-pneumoniae__Piperacillin with tazobactam__Yorkshire and Humber,lstm
2022-09-01,13.400000000000002,False,K-pneumoniae__Piperacillin with tazobactam__Yorkshire and Humber,lstm
2022-10-01,17.22,False,K-pneumoniae__Piperacillin with tazobactam__Yorkshire and Humber,lstm
2022-11-01,20.11,False,K-pneumoniae__Piperacillin with tazobactam__Yorkshire and Humber,lstm
2022-12-01,22.68,False,K-pneumoniae__Piperacillin with tazobactam__Yorkshire and Humber,lstm
2023-01-01,22.46,False,K-pneumoniae__Piperacillin with tazobactam__Yorkshire and Humber,lstm
2023-02-01,24.44,False,K-pneumoniae__Piperacillin with tazobactam__Yorkshire and Humber,lstm
2023-03-01,24.31,False,K-pneumoniae__Piperacillin with tazobactam__Yorkshire and Humber,lstm
2023-04-01,25.29,False,K-pneumoniae__Piperacillin with tazobactam__Yorkshire and Humber,lstm
2023-05-01,23.86,False,K-pneumoniae__Piperacillin with tazobactam__Yorkshire and Humber,lstm
2023-06-01,21.64,False,K-pneumoniae__Piperacillin with tazobactam__Yorkshire and Humber,lstm
2023-07-01,17.98,False,K-pneumoniae__Piperacillin with tazobactam__Yorkshire and Humber,lstm
2023-08-01,17.48,False,K-pneumoniae__Piperacillin with tazobactam__Yorkshire and Humber,lstm
2023-09-01,22.08,False,K-pneumoniae__Piperacillin with tazobactam__Yorkshire and Humber,lstm
2023-10-01,24.39,False,K-pneumoniae__Piperacillin with tazobactam__Yorkshire and Humber,lstm
2023-11-01,26.79,False,K-pneumoniae__Piperacillin with tazobactam__Yorkshire and Humber,lstm
2023-12-01,21.43,False,K-pneumoniae__Piperacillin with tazobactam__Yorkshire and Humber,lstm
2024-01-01,20.73,False,K-pneumoniae__Piperacillin with tazobactam__Yorkshire and Humber,lstm
2024-02-01,17.1,False,K-pneumoniae__Piperacillin with tazobactam__Yorkshire and Humber,lstm
2024-03-01,17.77,False,K-pneumoniae__Piperacillin with tazobactam__Yorkshire and Humber,lstm
2024-04-01,15.26,False,K-pneumoniae__Piperacillin with tazobactam__Yorkshire and Humber,lstm
2024-05-01,17.68,False,K-pneumoniae__Piperacillin with tazobactam__Yorkshire and Humber,lstm
2024-06-01,21.11,False,K-pneumoniae__Piperacillin with tazobactam__Yorkshire and Humber,lstm
2024-07-01,24.64,False,K-pneumoniae__Piperacillin with tazobactam__Yorkshire and Humber,lstm
2024-08-01,26.640000000000004,False,K-pneumoniae__Piperacillin with tazobactam__Yorkshire and Humber,lstm
2024-09-01,28.100000000000005,False,K-pneumoniae__Piperacillin with tazobactam__Yorkshire and Humber,lstm
2024-10-01,29.72,False,K-pneumoniae__Piperacillin with tazobactam__Yorkshire and Humber,lstm
2024-11-01,27.32,False,K-pneumoniae__Piperacillin with tazobactam__Yorkshire and Humber,lstm
2024-12-01,24.23,False,K-pneumoniae__Piperacillin with tazobactam__Yorkshire and Humber,lstm
2025-01-01,20.0,False,K-pneumoniae__Piperacillin with tazobactam__Yorkshire and Humber,lstm
2025-02-01,22.22,False,K-pneumoniae__Piperacillin with tazobactam__Yorkshire and Humber,lstm
2025-03-01,23.08,False,K-pneumoniae__Piperacillin with tazobactam__Yorkshire and Humber,lstm
2025-04-01,29.28,False,K-pneumoniae__Piperacillin with tazobactam__Yorkshire and Humber,lstm
2025-05-01,29.41,False,K-pneumoniae__Piperacillin with tazobactam__Yorkshire and Humber,lstm
2025-06-01,27.14,False,K-pneumoniae__Piperacillin with tazobactam__Yorkshire and Humber,lstm
2025-07-01,22.396818546444333,True,K-pneumoniae__Piperacillin with tazobactam__Yorkshire and Humber,lstm
2025-08-01,23.075916523376485,True,K-pneumoniae__Piperacillin with tazobactam__Yorkshire and Humber,lstm
2025-09-01,23.488652816217503,True,K-pneumoniae__Piperacillin with tazobactam__Yorkshire and Humber,lstm
2025-10-01,23.80156160989821,True,K-pneumoniae__Piperacillin with tazobactam__Yorkshire and Humber,lstm
2025-11-01,23.793787301794733,True,K-pneumoniae__Piperacillin with tazobactam__Yorkshire and Humber,lstm
2025-12-01,23.42288551787268,True,K-pneumoniae__Piperacillin with tazobactam__Yorkshire and Humber,lstm
2020-08-01,10.57,False,K-pneumoniae__Third Generation Cephalosporins__East Midlands,lstm
2020-09-01,9.09,False,K-pneumoniae__Third Generation Cephalosporins__East Midlands,lstm
2020-10-01,6.34,False,K-pneumoniae__Third Generation Cephalosporins__East Midlands,lstm
2020-11-01,8.05,False,K-pneumoniae__Third Generation Cephalosporins__East Midlands,lstm
2020-12-01,12.58,False,K-pneumoniae__Third Generation Cephalosporins__East Midlands,lstm
2021-01-01,10.65,False,K-pneumoniae__Third Generation Cephalosporins__East Midlands,lstm
2021-02-01,13.839999999999998,False,K-pneumoniae__Third Generation Cephalosporins__East Midlands,lstm
2021-03-01,12.96,False,K-pneumoniae__Third Generation Cephalosporins__East Midlands,lstm
2021-04-01,17.01,False,K-pneumoniae__Third Generation Cephalosporins__East Midlands,lstm
2021-05-01,11.32,False,K-pneumoniae__Third Generation Cephalosporins__East Midlands,lstm
2021-06-01,9.88,False,K-pneumoniae__Third Generation Cephalosporins__East Midlands,lstm
2021-07-01,7.95,False,K-pneumoniae__Third Generation Cephalosporins__East Midlands,lstm
2021-08-01,10.59,False,K-pneumoniae__Third Generation Cephalosporins__East Midlands,lstm
2021-09-01,9.46,False,K-pneumoniae__Third Generation Cephalosporins__East Midlands,lstm
2021-10-01,12.66,False,K-pneumoniae__Third Generation Cephalosporins__East Midlands,lstm
2021-11-01,13.410000000000002,False,K-pneumoniae__Third Generation Cephalosporins__East Midlands,lstm
2021-12-01,14.04,False,K-pneumoniae__Third Generation Cephalosporins__East Midlands,lstm
2022-01-01,13.29,False,K-pneumoniae__Third Generation Cephalosporins__East Midlands,lstm
2022-02-01,15.08,False,K-pneumoniae__Third Generation Cephalosporins__East Midlands,lstm
2022-03-01,12.7,False,K-pneumoniae__Third Generation Cephalosporins__East Midlands,lstm
2022-04-01,10.22,False,K-pneumoniae__Third Generation Cephalosporins__East Midlands,lstm
2022-05-01,6.8,False,K-pneumoniae__Third Generation Cephalosporins__East Midlands,lstm
2022-06-01,8.67,False,K-pneumoniae__Third Generation Cephalosporins__East Midlands,lstm
2022-07-01,10.6,False,K-pneumoniae__Third Generation Cephalosporins__East Midlands,lstm
2022-08-01,11.66,False,K-pneumoniae__Third Generation Cephalosporins__East Midlands,lstm
2022-09-01,12.64,False,K-pneumoniae__Third Generation Cephalosporins__East Midlands,lstm
2022-10-01,13.07,False,K-pneumoniae__Third Generation Cephalosporins__East Midlands,lstm
2022-11-01,16.2,False,K-pneumoniae__Third Generation Cephalosporins__East Midlands,lstm
2022-12-01,17.58,False,K-pneumoniae__Third Generation Cephalosporins__East Midlands,lstm
2023-01-01,19.08,False,K-pneumoniae__Third Generation Cephalosporins__East Midlands,lstm
2023-02-01,17.5,False,K-pneumoniae__Third Generation Cephalosporins__East Midlands,lstm
2023-03-01,17.93,False,K-pneumoniae__Third Generation Cephalosporins__East Midlands,lstm
2023-04-01,15.09,False,K-pneumoniae__Third Generation Cephalosporins__East Midlands,lstm
2023-05-01,16.76,False,K-pneumoniae__Third Generation Cephalosporins__East Midlands,lstm
2023-06-01,14.53,False,K-pneumoniae__Third Generation Cephalosporins__East Midlands,lstm
2023-07-01,14.2,False,K-pneumoniae__Third Generation Cephalosporins__East Midlands,lstm
2023-08-01,10.12,False,K-pneumoniae__Third Generation Cephalosporins__East Midlands,lstm
2023-09-01,11.76,False,K-pneumoniae__Third Generation Cephalosporins__East Midlands,lstm
2023-10-01,16.67,False,K-pneumoniae__Third Generation Cephalosporins__East Midlands,lstm
2023-11-01,19.14,False,K-pneumoniae__Third Generation Cephalosporins__East Midlands,lstm
2023-12-01,20.0,False,K-pneumoniae__Third Generation Cephalosporins__East Midlands,lstm
2024-01-01,15.85,False,K-pneumoniae__Third Generation Cephalosporins__East Midlands,lstm
2024-02-01,15.25,False,K-pneumoniae__Third Generation Cephalosporins__East Midlands,lstm
2024-03-01,14.69,False,K-pneumoniae__Third Generation Cephalosporins__East Midlands,lstm
2024-04-01,16.67,False,K-pneumoniae__Third Generation Cephalosporins__East Midlands,lstm
2024-05-01,17.44,False,K-pneumoniae__Third Generation Cephalosporins__East Midlands,lstm
2024-06-01,17.21,False,K-pneumoniae__Third Generation Cephalosporins__East Midlands,lstm
2024-07-01,12.96,False,K-pneumoniae__Third Generation Cephalosporins__East Midlands,lstm
2024-08-01,13.719999999999999,False,K-pneumoniae__Third Generation Cephalosporins__East Midlands,lstm
2024-09-01,12.44,False,K-pneumoniae__Third Generation Cephalosporins__East Midlands,lstm
2024-10-01,17.65,False,K-pneumoniae__Third Generation Cephalosporins__East Midlands,lstm
2024-11-01,16.97,False,K-pneumoniae__Third Generation Cephalosporins__East Midlands,lstm
2024-12-01,17.29,False,K-pneumoniae__Third Generation Cephalosporins__East Midlands,lstm
2025-01-01,17.33,False,K-pneumoniae__Third Generation Cephalosporins__East Midlands,lstm
2025-02-01,15.019999999999998,False,K-pneumoniae__Third Generation Cephalosporins__East Midlands,lstm
2025-03-01,14.66,False,K-pneumoniae__Third Generation Cephalosporins__East Midlands,lstm
2025-04-01,13.270000000000001,False,K-pneumoniae__Third Generation Cephalosporins__East Midlands,lstm
2025-05-01,14.539999999999997,False,K-pneumoniae__Third Generation Cephalosporins__East Midlands,lstm
2025-06-01,15.57,False,K-pneumoniae__Third Generation Cephalosporins__East Midlands,lstm
2025-07-01,14.303608347486959,True,K-pneumoniae__Third Generation Cephalosporins__East Midlands,lstm
2025-08-01,14.815311053058396,True,K-pneumoniae__Third Generation Cephalosporins__East Midlands,lstm
2025-09-01,15.318953107141477,True,K-pneumoniae__Third Generation Cephalosporins__East Midlands,lstm
2025-10-01,15.723283827717262,True,K-pneumoniae__Third Generation Cephalosporins__East Midlands,lstm
2025-11-01,16.01748905130008,True,K-pneumoniae__Third Generation Cephalosporins__East Midlands,lstm
2025-12-01,16.14088487690541,True,K-pneumoniae__Third Generation Cephalosporins__East Midlands,lstm
2020-08-01,10.78,False,K-pneumoniae__Third Generation Cephalosporins__East of England,lstm
2020-09-01,12.26,False,K-pneumoniae__Third Generation Cephalosporins__East of England,lstm
2020-10-01,13.37,False,K-pneumoniae__Third Generation Cephalosporins__East of England,lstm
2020-11-01,14.890000000000002,False,K-pneumoniae__Third Generation Cephalosporins__East of England,lstm
2020-12-01,14.890000000000002,False,K-pneumoniae__Third Generation Cephalosporins__East of England,lstm
2021-01-01,12.21,False,K-pneumoniae__Third Generation Cephalosporins__East of England,lstm
2021-02-01,11.69,False,K-pneumoniae__Third Generation Cephalosporins__East of England,lstm
2021-03-01,11.56,False,K-pneumoniae__Third Generation Cephalosporins__East of England,lstm
2021-04-01,14.14,False,K-pneumoniae__Third Generation Cephalosporins__East of England,lstm
2021-05-01,13.51,False,K-pneumoniae__Third Generation Cephalosporins__East of England,lstm
2021-06-01,13.93,False,K-pneumoniae__Third Generation Cephalosporins__East of England,lstm
2021-07-01,14.409999999999998,False,K-pneumoniae__Third Generation Cephalosporins__East of England,lstm
2021-08-01,15.019999999999998,False,K-pneumoniae__Third Generation Cephalosporins__East of England,lstm
2021-09-01,16.22,False,K-pneumoniae__Third Generation Cephalosporins__East of England,lstm
2021-10-01,14.55,False,K-pneumoniae__Third Generation Cephalosporins__East of England,lstm
2021-11-01,15.42,False,K-pneumoniae__Third Generation Cephalosporins__East of England,lstm
2021-12-01,13.62,False,K-pneumoniae__Third Generation Cephalosporins__East of England,lstm
2022-01-01,14.35,False,K-pneumoniae__Third Generation Cephalosporins__East of England,lstm
2022-02-01,14.21,False,K-pneumoniae__Third Generation Cephalosporins__East of England,lstm
2022-03-01,13.53,False,K-pneumoniae__Third Generation Cephalosporins__East of England,lstm
2022-04-01,14.080000000000002,False,K-pneumoniae__Third Generation Cephalosporins__East of England,lstm
2022-05-01,11.0,False,K-pneumoniae__Third Generation Cephalosporins__East of England,lstm
2022-06-01,13.93,False,K-pneumoniae__Third Generation Cephalosporins__East of England,lstm
2022-07-01,14.15,False,K-pneumoniae__Third Generation Cephalosporins__East of England,lstm
2022-08-01,15.860000000000001,False,K-pneumoniae__Third Generation Cephalosporins__East of England,lstm
2022-09-01,15.830000000000002,False,K-pneumoniae__Third Generation Cephalosporins__East of England,lstm
2022-10-01,16.67,False,K-pneumoniae__Third Generation Cephalosporins__East of England,lstm
2022-11-01,18.81,False,K-pneumoniae__Third Generation Cephalosporins__East of England,lstm
2022-12-01,18.52,False,K-pneumoniae__Third Generation Cephalosporins__East of England,lstm
2023-01-01,20.33,False,K-pneumoniae__Third Generation Cephalosporins__East of England,lstm
2023-02-01,21.22,False,K-pneumoniae__Third Generation Cephalosporins__East of England,lstm
2023-03-01,21.05,False,K-pneumoniae__Third Generation Cephalosporins__East of England,lstm
2023-04-01,20.17,False,K-pneumoniae__Third Generation Cephalosporins__East of England,lstm
2023-05-01,20.33,False,K-pneumoniae__Third Generation Cephalosporins__East of England,lstm
2023-06-01,19.92,False,K-pneumoniae__Third Generation Cephalosporins__East of England,lstm
2023-07-01,24.19,False,K-pneumoniae__Third Generation Cephalosporins__East of England,lstm
2023-08-01,21.68,False,K-pneumoniae__Third Generation Cephalosporins__East of England,lstm
2023-09-01,24.64,False,K-pneumoniae__Third Generation Cephalosporins__East of England,lstm
2023-10-01,22.06,False,K-pneumoniae__Third Generation Cephalosporins__East of England,lstm
2023-11-01,24.1,False,K-pneumoniae__Third Generation Cephalosporins__East of England,lstm
2023-12-01,21.82,False,K-pneumoniae__Third Generation Cephalosporins__East of England,lstm
2024-01-01,20.31,False,K-pneumoniae__Third Generation Cephalosporins__East of England,lstm
2024-02-01,19.6,False,K-pneumoniae__Third Generation Cephalosporins__East of England,lstm
2024-03-01,23.48,False,K-pneumoniae__Third Generation Cephalosporins__East of England,lstm
2024-04-01,22.36,False,K-pneumoniae__Third Generation Cephalosporins__East of England,lstm
2024-05-01,21.58,False,K-pneumoniae__Third Generation Cephalosporins__East of England,lstm
2024-06-01,19.51,False,K-pneumoniae__Third Generation Cephalosporins__East of England,lstm
2024-07-01,23.27,False,K-pneumoniae__Third Generation Cephalosporins__East of England,lstm
2024-08-01,23.3,False,K-pneumoniae__Third Generation Cephalosporins__East of England,lstm
2024-09-01,24.25,False,K-pneumoniae__Third Generation Cephalosporins__East of England,lstm
2024-10-01,23.98,False,K-pneumoniae__Third Generation Cephalosporins__East of England,lstm
2024-11-01,24.85,False,K-pneumoniae__Third Generation Cephalosporins__East of England,lstm
2024-12-01,22.5,False,K-pneumoniae__Third Generation Cephalosporins__East of England,lstm
2025-01-01,19.47,False,K-pneumoniae__Third Generation Cephalosporins__East of England,lstm
2025-02-01,18.64,False,K-pneumoniae__Third Generation Cephalosporins__East of England,lstm
2025-03-01,19.85,False,K-pneumoniae__Third Generation Cephalosporins__East of England,lstm
2025-04-01,20.62,False,K-pneumoniae__Third Generation Cephalosporins__East of England,lstm
2025-05-01,20.8,False,K-pneumoniae__Third Generation Cephalosporins__East of England,lstm
2025-06-01,19.76,False,K-pneumoniae__Third Generation Cephalosporins__East of England,lstm
2025-07-01,22.161418667078475,True,K-pneumoniae__Third Generation Cephalosporins__East of England,lstm
2025-08-01,22.411620897819276,True,K-pneumoniae__Third Generation Cephalosporins__East of England,lstm
2025-09-01,22.412768133328363,True,K-pneumoniae__Third Generation Cephalosporins__East of England,lstm
2025-10-01,22.160351025935324,True,K-pneumoniae__Third Generation Cephalosporins__East of England,lstm
2025-11-01,21.66937185718599,True,K-pneumoniae__Third Generation Cephalosporins__East of England,lstm
2025-12-01,20.979279518404873,True,K-pneumoniae__Third Generation Cephalosporins__East of England,lstm
2020-08-01,19.92,False,K-pneumoniae__Third Generation Cephalosporins__London,lstm
2020-09-01,16.08,False,K-pneumoniae__Third Generation Cephalosporins__London,lstm
2020-10-01,18.8,False,K-pneumoniae__Third Generation Cephalosporins__London,lstm
2020-11-01,17.05,False,K-pneumoniae__Third Generation Cephalosporins__London,lstm
2020-12-01,20.4,False,K-pneumoniae__Third Generation Cephalosporins__London,lstm
2021-01-01,18.15,False,K-pneumoniae__Third Generation Cephalosporins__London,lstm
2021-02-01,22.95,False,K-pneumoniae__Third Generation Cephalosporins__London,lstm
2021-03-01,23.95,False,K-pneumoniae__Third Generation Cephalosporins__London,lstm
2021-04-01,26.04,False,K-pneumoniae__Third Generation Cephalosporins__London,lstm
2021-05-01,28.85,False,K-pneumoniae__Third Generation Cephalosporins__London,lstm
2021-06-01,26.49,False,K-pneumoniae__Third Generation Cephalosporins__London,lstm
2021-07-01,27.27,False,K-pneumoniae__Third Generation Cephalosporins__London,lstm
2021-08-01,24.32,False,K-pneumoniae__Third Generation Cephalosporins__London,lstm
2021-09-01,23.72,False,K-pneumoniae__Third Generation Cephalosporins__London,lstm
2021-10-01,23.4,False,K-pneumoniae__Third Generation Cephalosporins__London,lstm
2021-11-01,24.59,False,K-pneumoniae__Third Generation Cephalosporins__London,lstm
2021-12-01,26.16,False,K-pneumoniae__Third Generation Cephalosporins__London,lstm
2022-01-01,26.79,False,K-pneumoniae__Third Generation Cephalosporins__London,lstm
2022-02-01,27.87,False,K-pneumoniae__Third Generation Cephalosporins__London,lstm
2022-03-01,27.66,False,K-pneumoniae__Third Generation Cephalosporins__London,lstm
2022-04-01,28.3,False,K-pneumoniae__Third Generation Cephalosporins__London,lstm
2022-05-01,29.26,False,K-pneumoniae__Third Generation Cephalosporins__London,lstm
2022-06-01,30.58,False,K-pneumoniae__Third Generation Cephalosporins__London,lstm
2022-07-01,27.87,False,K-pneumoniae__Third Generation Cephalosporins__London,lstm
2022-08-01,26.11,False,K-pneumoniae__Third Generation Cephalosporins__London,lstm
2022-09-01,25.27,False,K-pneumoniae__Third Generation Cephalosporins__London,lstm
2022-10-01,26.17,False,K-pneumoniae__Third Generation Cephalosporins__London,lstm
2022-11-01,29.17,False,K-pneumoniae__Third Generation Cephalosporins__London,lstm
2022-12-01,30.57,False,K-pneumoniae__Third Generation Cephalosporins__London,lstm
2023-01-01,30.82,False,K-pneumoniae__Third Generation Cephalosporins__London,lstm
2023-02-01,28.57,False,K-pneumoniae__Third Generation Cephalosporins__London,lstm
2023-03-01,26.3,False,K-pneumoniae__Third Generation Cephalosporins__London,lstm
2023-04-01,26.23,False,K-pneumoniae__Third Generation Cephalosporins__London,lstm
2023-05-01,27.96,False,K-pneumoniae__Third Generation Cephalosporins__London,lstm
2023-06-01,31.16,False,K-pneumoniae__Third Generation Cephalosporins__London,lstm
2023-07-01,33.24,False,K-pneumoniae__Third Generation Cephalosporins__London,lstm
2023-08-01,29.2,False,K-pneumoniae__Third Generation Cephalosporins__London,lstm
2023-09-01,28.13,False,K-pneumoniae__Third Generation Cephalosporins__London,lstm
2023-10-01,25.07,False,K-pneumoniae__Third Generation Cephalosporins__London,lstm
2023-11-01,25.67,False,K-pneumoniae__Third Generation Cephalosporins__London,lstm
2023-12-01,24.93,False,K-pneumoniae__Third Generation Cephalosporins__London,lstm
2024-01-01,23.98,False,K-pneumoniae__Third Generation Cephalosporins__London,lstm
2024-02-01,23.23,False,K-pneumoniae__Third Generation Cephalosporins__London,lstm
2024-03-01,23.13,False,K-pneumoniae__Third Generation Cephalosporins__London,lstm
2024-04-01,24.84,False,K-pneumoniae__Third Generation Cephalosporins__London,lstm
2024-05-01,26.32,False,K-pneumoniae__Third Generation Cephalosporins__London,lstm
2024-06-01,26.59,False,K-pneumoniae__Third Generation Cephalosporins__London,lstm
2024-07-01,26.65,False,K-pneumoniae__Third Generation Cephalosporins__London,lstm
2024-08-01,30.21,False,K-pneumoniae__Third Generation Cephalosporins__London,lstm
2024-09-01,30.27,False,K-pneumoniae__Third Generation Cephalosporins__London,lstm
2024-10-01,33.17,False,K-pneumoniae__Third Generation Cephalosporins__London,lstm
2024-11-01,31.23,False,K-pneumoniae__Third Generation Cephalosporins__London,lstm
2024-12-01,30.7,False,K-pneumoniae__Third Generation Cephalosporins__London,lstm
2025-01-01,27.35,False,K-pneumoniae__Third Generation Cephalosporins__London,lstm
2025-02-01,27.3,False,K-pneumoniae__Third Generation Cephalosporins__London,lstm
2025-03-01,24.47,False,K-pneumoniae__Third Generation Cephalosporins__London,lstm
2025-04-01,23.58,False,K-pneumoniae__Third Generation Cephalosporins__London,lstm
2025-05-01,21.04,False,K-pneumoniae__Third Generation Cephalosporins__London,lstm
2025-06-01,24.76,False,K-pneumoniae__Third Generation Cephalosporins__London,lstm
2025-07-01,28.532017018305282,True,K-pneumoniae__Third Generation Cephalosporins__London,lstm
2025-08-01,29.011447041980567,True,K-pneumoniae__Third Generation Cephalosporins__London,lstm
2025-09-01,29.058164579015518,True,K-pneumoniae__Third Generation Cephalosporins__London,lstm
2025-10-01,28.741596632324946,True,K-pneumoniae__Third Generation Cephalosporins__London,lstm
2025-11-01,28.076961326200113,True,K-pneumoniae__Third Generation Cephalosporins__London,lstm
2025-12-01,27.430574349639347,True,K-pneumoniae__Third Generation Cephalosporins__London,lstm
2020-08-01,19.589999999999996,False,K-pneumoniae__Third Generation Cephalosporins__North East,lstm
2020-09-01,21.7,False,K-pneumoniae__Third Generation Cephalosporins__North East,lstm
2020-10-01,19.44,False,K-pneumoniae__Third Generation Cephalosporins__North East,lstm
2020-11-01,24.71,False,K-pneumoniae__Third Generation Cephalosporins__North East,lstm
2020-12-01,19.32,False,K-pneumoniae__Third Generation Cephalosporins__North East,lstm
2021-01-01,26.6,False,K-pneumoniae__Third Generation Cephalosporins__North East,lstm
2021-02-01,20.18,False,K-pneumoniae__Third Generation Cephalosporins__North East,lstm
2021-03-01,21.36,False,K-pneumoniae__Third Generation Cephalosporins__North East,lstm
2021-04-01,12.369999999999997,False,K-pneumoniae__Third Generation Cephalosporins__North East,lstm
2021-05-01,12.24,False,K-pneumoniae__Third Generation Cephalosporins__North East,lstm
2021-06-01,18.27,False,K-pneumoniae__Third Generation Cephalosporins__North East,lstm
2021-07-01,20.34,False,K-pneumoniae__Third Generation Cephalosporins__North East,lstm
2021-08-01,18.98,False,K-pneumoniae__Third Generation Cephalosporins__North East,lstm
2021-09-01,16.67,False,K-pneumoniae__Third Generation Cephalosporins__North East,lstm
2021-10-01,17.99,False,K-pneumoniae__Third Generation Cephalosporins__North East,lstm
2021-11-01,20.31,False,K-pneumoniae__Third Generation Cephalosporins__North East,lstm
2021-12-01,17.42,False,K-pneumoniae__Third Generation Cephalosporins__North East,lstm
2022-01-01,15.25,False,K-pneumoniae__Third Generation Cephalosporins__North East,lstm
2022-02-01,16.0,False,K-pneumoniae__Third Generation Cephalosporins__North East,lstm
2022-03-01,17.53,False,K-pneumoniae__Third Generation Cephalosporins__North East,lstm
2022-04-01,20.41,False,K-pneumoniae__Third Generation Cephalosporins__North East,lstm
2022-05-01,22.33,False,K-pneumoniae__Third Generation Cephalosporins__North East,lstm
2022-06-01,17.48,False,K-pneumoniae__Third Generation Cephalosporins__North East,lstm
2022-07-01,14.550000000000002,False,K-pneumoniae__Third Generation Cephalosporins__North East,lstm
2022-08-01,14.29,False,K-pneumoniae__Third Generation Cephalosporins__North East,lstm
2022-09-01,16.22,False,K-pneumoniae__Third Generation Cephalosporins__North East,lstm
2022-10-01,19.85,False,K-pneumoniae__Third Generation Cephalosporins__North East,lstm
2022-11-01,19.550000000000004,False,K-pneumoniae__Third Generation Cephalosporins__North East,lstm
2022-12-01,26.13,False,K-pneumoniae__Third Generation Cephalosporins__North East,lstm
2023-01-01,24.27,False,K-pneumoniae__Third Generation Cephalosporins__North East,lstm
2023-02-01,21.59,False,K-pneumoniae__Third Generation Cephalosporins__North East,lstm
2023-03-01,14.429999999999998,False,K-pneumoniae__Third Generation Cephalosporins__North East,lstm
2023-04-01,14.58,False,K-pneumoniae__Third Generation Cephalosporins__North East,lstm
2023-05-01,16.67,False,K-pneumoniae__Third Generation Cephalosporins__North East,lstm
2023-06-01,14.95,False,K-pneumoniae__Third Generation Cephalosporins__North East,lstm
2023-07-01,16.13,False,K-pneumoniae__Third Generation Cephalosporins__North East,lstm
2023-08-01,14.93,False,K-pneumoniae__Third Generation Cephalosporins__North East,lstm
2023-09-01,21.14,False,K-pneumoniae__Third Generation Cephalosporins__North East,lstm
2023-10-01,17.56,False,K-pneumoniae__Third Generation Cephalosporins__North East,lstm
2023-11-01,18.1,False,K-pneumoniae__Third Generation Cephalosporins__North East,lstm
2023-12-01,16.52,False,K-pneumoniae__Third Generation Cephalosporins__North East,lstm
2024-01-01,16.67,False,K-pneumoniae__Third Generation Cephalosporins__North East,lstm
2024-02-01,17.7,False,K-pneumoniae__Third Generation Cephalosporins__North East,lstm
2024-03-01,15.57,False,K-pneumoniae__Third Generation Cephalosporins__North East,lstm
2024-04-01,18.8,False,K-pneumoniae__Third Generation Cephalosporins__North East,lstm
2024-05-01,20.0,False,K-pneumoniae__Third Generation Cephalosporins__North East,lstm
2024-06-01,17.12,False,K-pneumoniae__Third Generation Cephalosporins__North East,lstm
2024-07-01,14.84,False,K-pneumoniae__Third Generation Cephalosporins__North East,lstm
2024-08-01,18.8,False,K-pneumoniae__Third Generation Cephalosporins__North East,lstm
2024-09-01,26.759999999999998,False,K-pneumoniae__Third Generation Cephalosporins__North East,lstm
2024-10-01,31.76,False,K-pneumoniae__Third Generation Cephalosporins__North East,lstm
2024-11-01,28.38,False,K-pneumoniae__Third Generation Cephalosporins__North East,lstm
2024-12-01,24.65,False,K-pneumoniae__Third Generation Cephalosporins__North East,lstm
2025-01-01,23.78,False,K-pneumoniae__Third Generation Cephalosporins__North East,lstm
2025-02-01,24.66,False,K-pneumoniae__Third Generation Cephalosporins__North East,lstm
2025-03-01,30.43,False,K-pneumoniae__Third Generation Cephalosporins__North East,lstm
2025-04-01,29.27,False,K-pneumoniae__Third Generation Cephalosporins__North East,lstm
2025-05-01,25.58,False,K-pneumoniae__Third Generation Cephalosporins__North East,lstm
2025-06-01,19.05,False,K-pneumoniae__Third Generation Cephalosporins__North East,lstm
2025-07-01,19.51955949193918,True,K-pneumoniae__Third Generation Cephalosporins__North East,lstm
2025-08-01,20.258051125750843,True,K-pneumoniae__Third Generation Cephalosporins__North East,lstm
2025-09-01,21.316624492486465,True,K-pneumoniae__Third Generation Cephalosporins__North East,lstm
2025-10-01,22.172758574871885,True,K-pneumoniae__Third Generation Cephalosporins__North East,lstm
2025-11-01,22.54694270932905,True,K-pneumoniae__Third Generation Cephalosporins__North East,lstm
2025-12-01,22.254297085453913,True,K-pneumoniae__Third Generation Cephalosporins__North East,lstm
2020-08-01,15.74,False,K-pneumoniae__Third Generation Cephalosporins__North West,lstm
2020-09-01,16.24,False,K-pneumoniae__Third Generation Cephalosporins__North West,lstm
2020-10-01,17.69,False,K-pneumoniae__Third Generation Cephalosporins__North West,lstm
2020-11-01,22.27,False,K-pneumoniae__Third Generation Cephalosporins__North West,lstm
2020-12-01,24.11,False,K-pneumoniae__Third Generation Cephalosporins__North West,lstm
2021-01-01,21.43,False,K-pneumoniae__Third Generation Cephalosporins__North West,lstm
2021-02-01,16.19,False,K-pneumoniae__Third Generation Cephalosporins__North West,lstm
2021-03-01,16.07,False,K-pneumoniae__Third Generation Cephalosporins__North West,lstm
2021-04-01,17.47,False,K-pneumoniae__Third Generation Cephalosporins__North West,lstm
2021-05-01,15.249999999999998,False,K-pneumoniae__Third Generation Cephalosporins__North West,lstm
2021-06-01,14.22,False,K-pneumoniae__Third Generation Cephalosporins__North West,lstm
2021-07-01,17.21,False,K-pneumoniae__Third Generation Cephalosporins__North West,lstm
2021-08-01,20.83,False,K-pneumoniae__Third Generation Cephalosporins__North West,lstm
2021-09-01,22.69,False,K-pneumoniae__Third Generation Cephalosporins__North West,lstm
2021-10-01,21.62,False,K-pneumoniae__Third Generation Cephalosporins__North West,lstm
2021-11-01,21.63,False,K-pneumoniae__Third Generation Cephalosporins__North West,lstm
2021-12-01,21.86,False,K-pneumoniae__Third Generation Cephalosporins__North West,lstm
2022-01-01,20.16,False,K-pneumoniae__Third Generation Cephalosporins__North West,lstm
2022-02-01,20.56,False,K-pneumoniae__Third Generation Cephalosporins__North West,lstm
2022-03-01,21.3,False,K-pneumoniae__Third Generation Cephalosporins__North West,lstm
2022-04-01,22.22,False,K-pneumoniae__Third Generation Cephalosporins__North West,lstm
2022-05-01,20.33,False,K-pneumoniae__Third Generation Cephalosporins__North West,lstm
2022-06-01,19.38,False,K-pneumoniae__Third Generation Cephalosporins__North West,lstm
2022-07-01,21.05,False,K-pneumoniae__Third Generation Cephalosporins__North West,lstm
2022-08-01,22.0,False,K-pneumoniae__Third Generation Cephalosporins__North West,lstm
2022-09-01,18.53,False,K-pneumoniae__Third Generation Cephalosporins__North West,lstm
2022-10-01,18.57,False,K-pneumoniae__Third Generation Cephalosporins__North West,lstm
2022-11-01,20.86,False,K-pneumoniae__Third Generation Cephalosporins__North West,lstm
2022-12-01,22.92,False,K-pneumoniae__Third Generation Cephalosporins__North West,lstm
2023-01-01,22.26,False,K-pneumoniae__Third Generation Cephalosporins__North West,lstm
2023-02-01,21.07,False,K-pneumoniae__Third Generation Cephalosporins__North West,lstm
2023-03-01,18.75,False,K-pneumoniae__Third Generation Cephalosporins__North West,lstm
2023-04-01,21.67,False,K-pneumoniae__Third Generation Cephalosporins__North West,lstm
2023-05-01,19.08,False,K-pneumoniae__Third Generation Cephalosporins__North West,lstm
2023-06-01,17.82,False,K-pneumoniae__Third Generation Cephalosporins__North West,lstm
2023-07-01,12.22,False,K-pneumoniae__Third Generation Cephalosporins__North West,lstm
2023-08-01,14.229999999999999,False,K-pneumoniae__Third Generation Cephalosporins__North West,lstm
2023-09-01,16.72,False,K-pneumoniae__Third Generation Cephalosporins__North West,lstm
2023-10-01,20.47,False,K-pneumoniae__Third Generation Cephalosporins__North West,lstm
2023-11-01,21.14,False,K-pneumoniae__Third Generation Cephalosporins__North West,lstm
2023-12-01,21.68,False,K-pneumoniae__Third Generation Cephalosporins__North West,lstm
2024-01-01,19.93,False,K-pneumoniae__Third Generation Cephalosporins__North West,lstm
2024-02-01,16.07,False,K-pneumoniae__Third Generation Cephalosporins__North West,lstm
2024-03-01,15.27,False,K-pneumoniae__Third Generation Cephalosporins__North West,lstm
2024-04-01,16.96,False,K-pneumoniae__Third Generation Cephalosporins__North West,lstm
2024-05-01,22.5,False,K-pneumoniae__Third Generation Cephalosporins__North West,lstm
2024-06-01,24.07,False,K-pneumoniae__Third Generation Cephalosporins__North West,lstm
2024-07-01,25.52,False,K-pneumoniae__Third Generation Cephalosporins__North West,lstm
2024-08-01,23.41,False,K-pneumoniae__Third Generation Cephalosporins__North West,lstm
2024-09-01,22.34,False,K-pneumoniae__Third Generation Cephalosporins__North West,lstm
2024-10-01,20.46,False,K-pneumoniae__Third Generation Cephalosporins__North West,lstm
2024-11-01,20.0,False,K-pneumoniae__Third Generation Cephalosporins__North West,lstm
2024-12-01,24.26,False,K-pneumoniae__Third Generation Cephalosporins__North West,lstm
2025-01-01,21.12,False,K-pneumoniae__Third Generation Cephalosporins__North West,lstm
2025-02-01,19.35,False,K-pneumoniae__Third Generation Cephalosporins__North West,lstm
2025-03-01,15.88,False,K-pneumoniae__Third Generation Cephalosporins__North West,lstm
2025-04-01,21.19,False,K-pneumoniae__Third Generation Cephalosporins__North West,lstm
2025-05-01,22.04,False,K-pneumoniae__Third Generation Cephalosporins__North West,lstm
2025-06-01,20.0,False,K-pneumoniae__Third Generation Cephalosporins__North West,lstm
2025-07-01,20.437374391979617,True,K-pneumoniae__Third Generation Cephalosporins__North West,lstm
2025-08-01,20.810638492942815,True,K-pneumoniae__Third Generation Cephalosporins__North West,lstm
2025-09-01,20.92261452617359,True,K-pneumoniae__Third Generation Cephalosporins__North West,lstm
2025-10-01,21.080816666920512,True,K-pneumoniae__Third Generation Cephalosporins__North West,lstm
2025-11-01,21.080456974865562,True,K-pneumoniae__Third Generation Cephalosporins__North West,lstm
2025-12-01,20.822305828096546,True,K-pneumoniae__Third Generation Cephalosporins__North West,lstm
2020-08-01,16.74,False,K-pneumoniae__Third Generation Cephalosporins__South East,lstm
2020-09-01,15.49,False,K-pneumoniae__Third Generation Cephalosporins__South East,lstm
2020-10-01,16.13,False,K-pneumoniae__Third Generation Cephalosporins__South East,lstm
2020-11-01,16.99,False,K-pneumoniae__Third Generation Cephalosporins__South East,lstm
2020-12-01,17.04,False,K-pneumoniae__Third Generation Cephalosporins__South East,lstm
2021-01-01,17.54,False,K-pneumoniae__Third Generation Cephalosporins__South East,lstm
2021-02-01,17.84,False,K-pneumoniae__Third Generation Cephalosporins__South East,lstm
2021-03-01,16.81,False,K-pneumoniae__Third Generation Cephalosporins__South East,lstm
2021-04-01,16.11,False,K-pneumoniae__Third Generation Cephalosporins__South East,lstm
2021-05-01,15.53,False,K-pneumoniae__Third Generation Cephalosporins__South East,lstm
2021-06-01,14.15,False,K-pneumoniae__Third Generation Cephalosporins__South East,lstm
2021-07-01,12.66,False,K-pneumoniae__Third Generation Cephalosporins__South East,lstm
2021-08-01,12.13,False,K-pneumoniae__Third Generation Cephalosporins__South East,lstm
2021-09-01,14.610000000000001,False,K-pneumoniae__Third Generation Cephalosporins__South East,lstm
2021-10-01,15.53,False,K-pneumoniae__Third Generation Cephalosporins__South East,lstm
2021-11-01,20.27,False,K-pneumoniae__Third Generation Cephalosporins__South East,lstm
2021-12-01,20.63,False,K-pneumoniae__Third Generation Cephalosporins__South East,lstm
2022-01-01,22.06,False,K-pneumoniae__Third Generation Cephalosporins__South East,lstm
2022-02-01,16.0,False,K-pneumoniae__Third Generation Cephalosporins__South East,lstm
2022-03-01,17.62,False,K-pneumoniae__Third Generation Cephalosporins__South East,lstm
2022-04-01,15.89,False,K-pneumoniae__Third Generation Cephalosporins__South East,lstm
2022-05-01,17.21,False,K-pneumoniae__Third Generation Cephalosporins__South East,lstm
2022-06-01,15.45,False,K-pneumoniae__Third Generation Cephalosporins__South East,lstm
2022-07-01,14.11,False,K-pneumoniae__Third Generation Cephalosporins__South East,lstm
2022-08-01,14.96,False,K-pneumoniae__Third Generation Cephalosporins__South East,lstm
2022-09-01,13.46,False,K-pneumoniae__Third Generation Cephalosporins__South East,lstm
2022-10-01,15.51,False,K-pneumoniae__Third Generation Cephalosporins__South East,lstm
2022-11-01,16.61,False,K-pneumoniae__Third Generation Cephalosporins__South East,lstm
2022-12-01,17.14,False,K-pneumoniae__Third Generation Cephalosporins__South East,lstm
2023-01-01,17.15,False,K-pneumoniae__Third Generation Cephalosporins__South East,lstm
2023-02-01,16.61,False,K-pneumoniae__Third Generation Cephalosporins__South East,lstm
2023-03-01,17.27,False,K-pneumoniae__Third Generation Cephalosporins__South East,lstm
2023-04-01,17.28,False,K-pneumoniae__Third Generation Cephalosporins__South East,lstm
2023-05-01,18.12,False,K-pneumoniae__Third Generation Cephalosporins__South East,lstm
2023-06-01,17.82,False,K-pneumoniae__Third Generation Cephalosporins__South East,lstm
2023-07-01,16.07,False,K-pneumoniae__Third Generation Cephalosporins__South East,lstm
2023-08-01,15.130000000000003,False,K-pneumoniae__Third Generation Cephalosporins__South East,lstm
2023-09-01,16.61,False,K-pneumoniae__Third Generation Cephalosporins__South East,lstm
2023-10-01,16.71,False,K-pneumoniae__Third Generation Cephalosporins__South East,lstm
2023-11-01,16.16,False,K-pneumoniae__Third Generation Cephalosporins__South East,lstm
2023-12-01,16.05,False,K-pneumoniae__Third Generation Cephalosporins__South East,lstm
2024-01-01,16.5,False,K-pneumoniae__Third Generation Cephalosporins__South East,lstm
2024-02-01,16.61,False,K-pneumoniae__Third Generation Cephalosporins__South East,lstm
2024-03-01,15.1,False,K-pneumoniae__Third Generation Cephalosporins__South East,lstm
2024-04-01,15.28,False,K-pneumoniae__Third Generation Cephalosporins__South East,lstm
2024-05-01,15.85,False,K-pneumoniae__Third Generation Cephalosporins__South East,lstm
2024-06-01,17.55,False,K-pneumoniae__Third Generation Cephalosporins__South East,lstm
2024-07-01,18.15,False,K-pneumoniae__Third Generation Cephalosporins__South East,lstm
2024-08-01,19.58,False,K-pneumoniae__Third Generation Cephalosporins__South East,lstm
2024-09-01,20.519999999999996,False,K-pneumoniae__Third Generation Cephalosporins__South East,lstm
2024-10-01,20.73,False,K-pneumoniae__Third Generation Cephalosporins__South East,lstm
2024-11-01,17.22,False,K-pneumoniae__Third Generation Cephalosporins__South East,lstm
2024-12-01,14.729999999999999,False,K-pneumoniae__Third Generation Cephalosporins__South East,lstm
2025-01-01,13.69,False,K-pneumoniae__Third Generation Cephalosporins__South East,lstm
2025-02-01,15.579999999999998,False,K-pneumoniae__Third Generation Cephalosporins__South East,lstm
2025-03-01,17.04,False,K-pneumoniae__Third Generation Cephalosporins__South East,lstm
2025-04-01,16.72,False,K-pneumoniae__Third Generation Cephalosporins__South East,lstm
2025-05-01,16.34,False,K-pneumoniae__Third Generation Cephalosporins__South East,lstm
2025-06-01,14.329999999999998,False,K-pneumoniae__Third Generation Cephalosporins__South East,lstm
2025-07-01,16.92023635030598,True,K-pneumoniae__Third Generation Cephalosporins__South East,lstm
2025-08-01,17.21517640194302,True,K-pneumoniae__Third Generation Cephalosporins__South East,lstm
2025-09-01,17.41699591835753,True,K-pneumoniae__Third Generation Cephalosporins__South East,lstm
2025-10-01,17.49839085533397,True,K-pneumoniae__Third Generation Cephalosporins__South East,lstm
2025-11-01,17.45975173751831,True,K-pneumoniae__Third Generation Cephalosporins__South East,lstm
2025-12-01,17.321668467451165,True,K-pneumoniae__Third Generation Cephalosporins__South East,lstm
2020-08-01,12.990000000000002,False,K-pneumoniae__Third Generation Cephalosporins__South West,lstm
2020-09-01,9.15,False,K-pneumoniae__Third Generation Cephalosporins__South West,lstm
2020-10-01,9.77,False,K-pneumoniae__Third Generation Cephalosporins__South West,lstm
2020-11-01,8.62,False,K-pneumoniae__Third Generation Cephalosporins__South West,lstm
2020-12-01,13.329999999999998,False,K-pneumoniae__Third Generation Cephalosporins__South West,lstm
2021-01-01,15.22,False,K-pneumoniae__Third Generation Cephalosporins__South West,lstm
2021-02-01,11.89,False,K-pneumoniae__Third Generation Cephalosporins__South West,lstm
2021-03-01,10.83,False,K-pneumoniae__Third Generation Cephalosporins__South West,lstm
2021-04-01,12.0,False,K-pneumoniae__Third Generation Cephalosporins__South West,lstm
2021-05-01,13.729999999999999,False,K-pneumoniae__Third Generation Cephalosporins__South West,lstm
2021-06-01,12.88,False,K-pneumoniae__Third Generation Cephalosporins__South West,lstm
2021-07-01,10.22,False,K-pneumoniae__Third Generation Cephalosporins__South West,lstm
2021-08-01,7.52,False,K-pneumoniae__Third Generation Cephalosporins__South West,lstm
2021-09-01,9.03,False,K-pneumoniae__Third Generation Cephalosporins__South West,lstm
2021-10-01,10.98,False,K-pneumoniae__Third Generation Cephalosporins__South West,lstm
2021-11-01,13.81,False,K-pneumoniae__Third Generation Cephalosporins__South West,lstm
2021-12-01,13.02,False,K-pneumoniae__Third Generation Cephalosporins__South West,lstm
2022-01-01,10.91,False,K-pneumoniae__Third Generation Cephalosporins__South West,lstm
2022-02-01,11.26,False,K-pneumoniae__Third Generation Cephalosporins__South West,lstm
2022-03-01,13.67,False,K-pneumoniae__Third Generation Cephalosporins__South West,lstm
2022-04-01,15.67,False,K-pneumoniae__Third Generation Cephalosporins__South West,lstm
2022-05-01,13.01,False,K-pneumoniae__Third Generation Cephalosporins__South West,lstm
2022-06-01,11.35,False,K-pneumoniae__Third Generation Cephalosporins__South West,lstm
2022-07-01,10.27,False,K-pneumoniae__Third Generation Cephalosporins__South West,lstm
2022-08-01,10.32,False,K-pneumoniae__Third Generation Cephalosporins__South West,lstm
2022-09-01,10.69,False,K-pneumoniae__Third Generation Cephalosporins__South West,lstm
2022-10-01,10.06,False,K-pneumoniae__Third Generation Cephalosporins__South West,lstm
2022-11-01,10.98,False,K-pneumoniae__Third Generation Cephalosporins__South West,lstm
2022-12-01,10.49,False,K-pneumoniae__Third Generation Cephalosporins__South West,lstm
2023-01-01,11.49,False,K-pneumoniae__Third Generation Cephalosporins__South West,lstm
2023-02-01,11.76,False,K-pneumoniae__Third Generation Cephalosporins__South West,lstm
2023-03-01,12.41,False,K-pneumoniae__Third Generation Cephalosporins__South West,lstm
2023-04-01,12.7,False,K-pneumoniae__Third Generation Cephalosporins__South West,lstm
2023-05-01,14.49,False,K-pneumoniae__Third Generation Cephalosporins__South West,lstm
2023-06-01,15.070000000000002,False,K-pneumoniae__Third Generation Cephalosporins__South West,lstm
2023-07-01,15.82,False,K-pneumoniae__Third Generation Cephalosporins__South West,lstm
2023-08-01,14.14,False,K-pneumoniae__Third Generation Cephalosporins__South West,lstm
2023-09-01,11.93,False,K-pneumoniae__Third Generation Cephalosporins__South West,lstm
2023-10-01,9.0,False,K-pneumoniae__Third Generation Cephalosporins__South West,lstm
2023-11-01,9.26,False,K-pneumoniae__Third Generation Cephalosporins__South West,lstm
2023-12-01,12.39,False,K-pneumoniae__Third Generation Cephalosporins__South West,lstm
2024-01-01,16.36,False,K-pneumoniae__Third Generation Cephalosporins__South West,lstm
2024-02-01,16.32,False,K-pneumoniae__Third Generation Cephalosporins__South West,lstm
2024-03-01,13.95,False,K-pneumoniae__Third Generation Cephalosporins__South West,lstm
2024-04-01,10.87,False,K-pneumoniae__Third Generation Cephalosporins__South West,lstm
2024-05-01,10.47,False,K-pneumoniae__Third Generation Cephalosporins__South West,lstm
2024-06-01,11.63,False,K-pneumoniae__Third Generation Cephalosporins__South West,lstm
2024-07-01,13.45,False,K-pneumoniae__Third Generation Cephalosporins__South West,lstm
2024-08-01,14.609999999999998,False,K-pneumoniae__Third Generation Cephalosporins__South West,lstm
2024-09-01,14.65,False,K-pneumoniae__Third Generation Cephalosporins__South West,lstm
2024-10-01,13.159999999999998,False,K-pneumoniae__Third Generation Cephalosporins__South West,lstm
2024-11-01,14.2,False,K-pneumoniae__Third Generation Cephalosporins__South West,lstm
2024-12-01,17.49,False,K-pneumoniae__Third Generation Cephalosporins__South West,lstm
2025-01-01,16.96,False,K-pneumoniae__Third Generation Cephalosporins__South West,lstm
2025-02-01,19.02,False,K-pneumoniae__Third Generation Cephalosporins__South West,lstm
2025-03-01,16.05,False,K-pneumoniae__Third Generation Cephalosporins__South West,lstm
2025-04-01,16.47,False,K-pneumoniae__Third Generation Cephalosporins__South West,lstm
2025-05-01,13.369999999999997,False,K-pneumoniae__Third Generation Cephalosporins__South West,lstm
2025-06-01,14.439999999999998,False,K-pneumoniae__Third Generation Cephalosporins__South West,lstm
2025-07-01,13.520730557620473,True,K-pneumoniae__Third Generation Cephalosporins__South West,lstm
2025-08-01,13.752712094369649,True,K-pneumoniae__Third Generation Cephalosporins__South West,lstm
2025-09-01,13.845097118752724,True,K-pneumoniae__Third Generation Cephalosporins__South West,lstm
2025-10-01,13.96586714646998,True,K-pneumoniae__Third Generation Cephalosporins__South West,lstm
2025-11-01,13.973246977161262,True,K-pneumoniae__Third Generation Cephalosporins__South West,lstm
2025-12-01,14.058635143282578,True,K-pneumoniae__Third Generation Cephalosporins__South West,lstm
2020-08-01,9.87,False,K-pneumoniae__Third Generation Cephalosporins__West Midlands,lstm
2020-09-01,11.46,False,K-pneumoniae__Third Generation Cephalosporins__West Midlands,lstm
2020-10-01,12.140000000000002,False,K-pneumoniae__Third Generation Cephalosporins__West Midlands,lstm
2020-11-01,12.899999999999999,False,K-pneumoniae__Third Generation Cephalosporins__West Midlands,lstm
2020-12-01,11.52,False,K-pneumoniae__Third Generation Cephalosporins__West Midlands,lstm
2021-01-01,10.0,False,K-pneumoniae__Third Generation Cephalosporins__West Midlands,lstm
2021-02-01,9.57,False,K-pneumoniae__Third Generation Cephalosporins__West Midlands,lstm
2021-03-01,7.65,False,K-pneumoniae__Third Generation Cephalosporins__West Midlands,lstm
2021-04-01,9.94,False,K-pneumoniae__Third Generation Cephalosporins__West Midlands,lstm
2021-05-01,10.78,False,K-pneumoniae__Third Generation Cephalosporins__West Midlands,lstm
2021-06-01,14.19,False,K-pneumoniae__Third Generation Cephalosporins__West Midlands,lstm
2021-07-01,11.39,False,K-pneumoniae__Third Generation Cephalosporins__West Midlands,lstm
2021-08-01,10.29,False,K-pneumoniae__Third Generation Cephalosporins__West Midlands,lstm
2021-09-01,8.96,False,K-pneumoniae__Third Generation Cephalosporins__West Midlands,lstm
2021-10-01,9.39,False,K-pneumoniae__Third Generation Cephalosporins__West Midlands,lstm
2021-11-01,12.499999999999998,False,K-pneumoniae__Third Generation Cephalosporins__West Midlands,lstm
2021-12-01,10.95,False,K-pneumoniae__Third Generation Cephalosporins__West Midlands,lstm
2022-01-01,13.85,False,K-pneumoniae__Third Generation Cephalosporins__West Midlands,lstm
2022-02-01,11.429999999999998,False,K-pneumoniae__Third Generation Cephalosporins__West Midlands,lstm
2022-03-01,13.479999999999999,False,K-pneumoniae__Third Generation Cephalosporins__West Midlands,lstm
2022-04-01,12.719999999999999,False,K-pneumoniae__Third Generation Cephalosporins__West Midlands,lstm
2022-05-01,10.56,False,K-pneumoniae__Third Generation Cephalosporins__West Midlands,lstm
2022-06-01,9.71,False,K-pneumoniae__Third Generation Cephalosporins__West Midlands,lstm
2022-07-01,8.33,False,K-pneumoniae__Third Generation Cephalosporins__West Midlands,lstm
2022-08-01,12.71,False,K-pneumoniae__Third Generation Cephalosporins__West Midlands,lstm
2022-09-01,15.0,False,K-pneumoniae__Third Generation Cephalosporins__West Midlands,lstm
2022-10-01,17.79,False,K-pneumoniae__Third Generation Cephalosporins__West Midlands,lstm
2022-11-01,13.04,False,K-pneumoniae__Third Generation Cephalosporins__West Midlands,lstm
2022-12-01,10.849999999999998,False,K-pneumoniae__Third Generation Cephalosporins__West Midlands,lstm
2023-01-01,7.62,False,K-pneumoniae__Third Generation Cephalosporins__West Midlands,lstm
2023-02-01,9.9,False,K-pneumoniae__Third Generation Cephalosporins__West Midlands,lstm
2023-03-01,12.039999999999997,False,K-pneumoniae__Third Generation Cephalosporins__West Midlands,lstm
2023-04-01,12.3,False,K-pneumoniae__Third Generation Cephalosporins__West Midlands,lstm
2023-05-01,11.33,False,K-pneumoniae__Third Generation Cephalosporins__West Midlands,lstm
2023-06-01,12.439999999999998,False,K-pneumoniae__Third Generation Cephalosporins__West Midlands,lstm
2023-07-01,12.45,False,K-pneumoniae__Third Generation Cephalosporins__West Midlands,lstm
2023-08-01,12.809999999999999,False,K-pneumoniae__Third Generation Cephalosporins__West Midlands,lstm
2023-09-01,14.72,False,K-pneumoniae__Third Generation Cephalosporins__West Midlands,lstm
2023-10-01,16.46,False,K-pneumoniae__Third Generation Cephalosporins__West Midlands,lstm
2023-11-01,18.44,False,K-pneumoniae__Third Generation Cephalosporins__West Midlands,lstm
2023-12-01,18.44,False,K-pneumoniae__Third Generation Cephalosporins__West Midlands,lstm
2024-01-01,17.86,False,K-pneumoniae__Third Generation Cephalosporins__West Midlands,lstm
2024-02-01,16.35,False,K-pneumoniae__Third Generation Cephalosporins__West Midlands,lstm
2024-03-01,12.68,False,K-pneumoniae__Third Generation Cephalosporins__West Midlands,lstm
2024-04-01,12.15,False,K-pneumoniae__Third Generation Cephalosporins__West Midlands,lstm
2024-05-01,10.73,False,K-pneumoniae__Third Generation Cephalosporins__West Midlands,lstm
2024-06-01,10.45,False,K-pneumoniae__Third Generation Cephalosporins__West Midlands,lstm
2024-07-01,10.34,False,K-pneumoniae__Third Generation Cephalosporins__West Midlands,lstm
2024-08-01,11.45,False,K-pneumoniae__Third Generation Cephalosporins__West Midlands,lstm
2024-09-01,14.29,False,K-pneumoniae__Third Generation Cephalosporins__West Midlands,lstm
2024-10-01,13.879999999999999,False,K-pneumoniae__Third Generation Cephalosporins__West Midlands,lstm
2024-11-01,15.35,False,K-pneumoniae__Third Generation Cephalosporins__West Midlands,lstm
2024-12-01,11.3,False,K-pneumoniae__Third Generation Cephalosporins__West Midlands,lstm
2025-01-01,13.420000000000002,False,K-pneumoniae__Third Generation Cephalosporins__West Midlands,lstm
2025-02-01,12.92,False,K-pneumoniae__Third Generation Cephalosporins__West Midlands,lstm
2025-03-01,13.9,False,K-pneumoniae__Third Generation Cephalosporins__West Midlands,lstm
2025-04-01,11.27,False,K-pneumoniae__Third Generation Cephalosporins__West Midlands,lstm
2025-05-01,10.11,False,K-pneumoniae__Third Generation Cephalosporins__West Midlands,lstm
2025-06-01,11.33,False,K-pneumoniae__Third Generation Cephalosporins__West Midlands,lstm
2025-07-01,12.598351329106906,True,K-pneumoniae__Third Generation Cephalosporins__West Midlands,lstm
2025-08-01,13.194055370526652,True,K-pneumoniae__Third Generation Cephalosporins__West Midlands,lstm
2025-09-01,13.781878745647179,True,K-pneumoniae__Third Generation Cephalosporins__West Midlands,lstm
2025-10-01,14.134679174931778,True,K-pneumoniae__Third Generation Cephalosporins__West Midlands,lstm
2025-11-01,14.178257526811322,True,K-pneumoniae__Third Generation Cephalosporins__West Midlands,lstm
2025-12-01,13.938547314544078,True,K-pneumoniae__Third Generation Cephalosporins__West Midlands,lstm
2020-08-01,11.51,False,K-pneumoniae__Third Generation Cephalosporins__Yorkshire and Humber,lstm
2020-09-01,11.46,False,K-pneumoniae__Third Generation Cephalosporins__Yorkshire and Humber,lstm
2020-10-01,10.5,False,K-pneumoniae__Third Generation Cephalosporins__Yorkshire and Humber,lstm
2020-11-01,9.29,False,K-pneumoniae__Third Generation Cephalosporins__Yorkshire and Humber,lstm
2020-12-01,10.0,False,K-pneumoniae__Third Generation Cephalosporins__Yorkshire and Humber,lstm
2021-01-01,10.98,False,K-pneumoniae__Third Generation Cephalosporins__Yorkshire and Humber,lstm
2021-02-01,13.58,False,K-pneumoniae__Third Generation Cephalosporins__Yorkshire and Humber,lstm
2021-03-01,11.63,False,K-pneumoniae__Third Generation Cephalosporins__Yorkshire and Humber,lstm
2021-04-01,11.18,False,K-pneumoniae__Third Generation Cephalosporins__Yorkshire and Humber,lstm
2021-05-01,12.02,False,K-pneumoniae__Third Generation Cephalosporins__Yorkshire and Humber,lstm
2021-06-01,13.86,False,K-pneumoniae__Third Generation Cephalosporins__Yorkshire and Humber,lstm
2021-07-01,14.37,False,K-pneumoniae__Third Generation Cephalosporins__Yorkshire and Humber,lstm
2021-08-01,11.31,False,K-pneumoniae__Third Generation Cephalosporins__Yorkshire and Humber,lstm
2021-09-01,10.53,False,K-pneumoniae__Third Generation Cephalosporins__Yorkshire and Humber,lstm
2021-10-01,10.73,False,K-pneumoniae__Third Generation Cephalosporins__Yorkshire and Humber,lstm
2021-11-01,14.35,False,K-pneumoniae__Third Generation Cephalosporins__Yorkshire and Humber,lstm
2021-12-01,13.47,False,K-pneumoniae__Third Generation Cephalosporins__Yorkshire and Humber,lstm
2022-01-01,12.43,False,K-pneumoniae__Third Generation Cephalosporins__Yorkshire and Humber,lstm
2022-02-01,10.34,False,K-pneumoniae__Third Generation Cephalosporins__Yorkshire and Humber,lstm
2022-03-01,11.4,False,K-pneumoniae__Third Generation Cephalosporins__Yorkshire and Humber,lstm
2022-04-01,13.61,False,K-pneumoniae__Third Generation Cephalosporins__Yorkshire and Humber,lstm
2022-05-01,12.89,False,K-pneumoniae__Third Generation Cephalosporins__Yorkshire and Humber,lstm
2022-06-01,13.48,False,K-pneumoniae__Third Generation Cephalosporins__Yorkshire and Humber,lstm
2022-07-01,12.23,False,K-pneumoniae__Third Generation Cephalosporins__Yorkshire and Humber,lstm
2022-08-01,13.33,False,K-pneumoniae__Third Generation Cephalosporins__Yorkshire and Humber,lstm
2022-09-01,15.489999999999998,False,K-pneumoniae__Third Generation Cephalosporins__Yorkshire and Humber,lstm
2022-10-01,15.64,False,K-pneumoniae__Third Generation Cephalosporins__Yorkshire and Humber,lstm
2022-11-01,17.19,False,K-pneumoniae__Third Generation Cephalosporins__Yorkshire and Humber,lstm
2022-12-01,15.74,False,K-pneumoniae__Third Generation Cephalosporins__Yorkshire and Humber,lstm
2023-01-01,16.84,False,K-pneumoniae__Third Generation Cephalosporins__Yorkshire and Humber,lstm
2023-02-01,16.93,False,K-pneumoniae__Third Generation Cephalosporins__Yorkshire and Humber,lstm
2023-03-01,19.89,False,K-pneumoniae__Third Generation Cephalosporins__Yorkshire and Humber,lstm
2023-04-01,21.35,False,K-pneumoniae__Third Generation Cephalosporins__Yorkshire and Humber,lstm
2023-05-01,20.44,False,K-pneumoniae__Third Generation Cephalosporins__Yorkshire and Humber,lstm
2023-06-01,17.05,False,K-pneumoniae__Third Generation Cephalosporins__Yorkshire and Humber,lstm
2023-07-01,14.04,False,K-pneumoniae__Third Generation Cephalosporins__Yorkshire and Humber,lstm
2023-08-01,13.24,False,K-pneumoniae__Third Generation Cephalosporins__Yorkshire and Humber,lstm
2023-09-01,18.75,False,K-pneumoniae__Third Generation Cephalosporins__Yorkshire and Humber,lstm
2023-10-01,22.27,False,K-pneumoniae__Third Generation Cephalosporins__Yorkshire and Humber,lstm
2023-11-01,23.999999999999996,False,K-pneumoniae__Third Generation Cephalosporins__Yorkshire and Humber,lstm
2023-12-01,17.77,False,K-pneumoniae__Third Generation Cephalosporins__Yorkshire and Humber,lstm
2024-01-01,13.93,False,K-pneumoniae__Third Generation Cephalosporins__Yorkshire and Humber,lstm
2024-02-01,11.82,False,K-pneumoniae__Third Generation Cephalosporins__Yorkshire and Humber,lstm
2024-03-01,12.26,False,K-pneumoniae__Third Generation Cephalosporins__Yorkshire and Humber,lstm
2024-04-01,14.21,False,K-pneumoniae__Third Generation Cephalosporins__Yorkshire and Humber,lstm
2024-05-01,16.34,False,K-pneumoniae__Third Generation Cephalosporins__Yorkshire and Humber,lstm
2024-06-01,17.39,False,K-pneumoniae__Third Generation Cephalosporins__Yorkshire and Humber,lstm
2024-07-01,18.1,False,K-pneumoniae__Third Generation Cephalosporins__Yorkshire and Humber,lstm
2024-08-01,19.83,False,K-pneumoniae__Third Generation Cephalosporins__Yorkshire and Humber,lstm
2024-09-01,21.62,False,K-pneumoniae__Third Generation Cephalosporins__Yorkshire and Humber,lstm
2024-10-01,20.63,False,K-pneumoniae__Third Generation Cephalosporins__Yorkshire and Humber,lstm
2024-11-01,20.1,False,K-pneumoniae__Third Generation Cephalosporins__Yorkshire and Humber,lstm
2024-12-01,19.2,False,K-pneumoniae__Third Generation Cephalosporins__Yorkshire and Humber,lstm
2025-01-01,18.96,False,K-pneumoniae__Third Generation Cephalosporins__Yorkshire and Humber,lstm
2025-02-01,18.05,False,K-pneumoniae__Third Generation Cephalosporins__Yorkshire and Humber,lstm
2025-03-01,21.3,False,K-pneumoniae__Third Generation Cephalosporins__Yorkshire and Humber,lstm
2025-04-01,22.47,False,K-pneumoniae__Third Generation Cephalosporins__Yorkshire and Humber,lstm
2025-05-01,20.32,False,K-pneumoniae__Third Generation Cephalosporins__Yorkshire and Humber,lstm
2025-06-01,16.35,False,K-pneumoniae__Third Generation Cephalosporins__Yorkshire and Humber,lstm
2025-07-01,18.176357006736513,True,K-pneumoniae__Third Generation Cephalosporins__Yorkshire and Humber,lstm
2025-08-01,18.557928654055555,True,K-pneumoniae__Third Generation Cephalosporins__Yorkshire and Humber,lstm
2025-09-01,18.887267381968222,True,K-pneumoniae__Third Generation Cephalosporins__Yorkshire and Humber,lstm
2025-10-01,19.00154558831111,True,K-pneumoniae__Third Generation Cephalosporins__Yorkshire and Humber,lstm
2025-11-01,18.72849650623175,True,K-pneumoniae__Third Generation Cephalosporins__Yorkshire and Humber,lstm
2025-12-01,18.068360102032674,True,K-pneumoniae__Third Generation Cephalosporins__Yorkshire and Humber,lstm
2020-08-01,0.0,False,P-aeruginosa__Amikacin__East Midlands,lstm
2020-09-01,0.0,False,P-aeruginosa__Amikacin__East Midlands,lstm
2020-10-01,0.0,False,P-aeruginosa__Amikacin__East Midlands,lstm
2020-11-01,0.0,False,P-aeruginosa__Amikacin__East Midlands,lstm
2020-12-01,0.0,False,P-aeruginosa__Amikacin__East Midlands,lstm
2021-01-01,0.0,False,P-aeruginosa__Amikacin__East Midlands,lstm
2021-02-01,0.0,False,P-aeruginosa__Amikacin__East Midlands,lstm
2021-03-01,0.0,False,P-aeruginosa__Amikacin__East Midlands,lstm
2021-04-01,0.0,False,P-aeruginosa__Amikacin__East Midlands,lstm
2021-05-01,0.0,False,P-aeruginosa__Amikacin__East Midlands,lstm
2021-06-01,0.0,False,P-aeruginosa__Amikacin__East Midlands,lstm
2021-07-01,1.79,False,P-aeruginosa__Amikacin__East Midlands,lstm
2021-08-01,1.56,False,P-aeruginosa__Amikacin__East Midlands,lstm
2021-09-01,1.43,False,P-aeruginosa__Amikacin__East Midlands,lstm
2021-10-01,0.0,False,P-aeruginosa__Amikacin__East Midlands,lstm
2021-11-01,0.0,False,P-aeruginosa__Amikacin__East Midlands,lstm
2021-12-01,1.72,False,P-aeruginosa__Amikacin__East Midlands,lstm
2022-01-01,1.9600000000000002,False,P-aeruginosa__Amikacin__East Midlands,lstm
2022-02-01,2.17,False,P-aeruginosa__Amikacin__East Midlands,lstm
2022-03-01,0.0,False,P-aeruginosa__Amikacin__East Midlands,lstm
2022-04-01,0.0,False,P-aeruginosa__Amikacin__East Midlands,lstm
2022-05-01,0.0,False,P-aeruginosa__Amikacin__East Midlands,lstm
2022-06-01,0.0,False,P-aeruginosa__Amikacin__East Midlands,lstm
2022-07-01,0.0,False,P-aeruginosa__Amikacin__East Midlands,lstm
2022-08-01,0.0,False,P-aeruginosa__Amikacin__East Midlands,lstm
2022-09-01,0.0,False,P-aeruginosa__Amikacin__East Midlands,lstm
2022-10-01,0.0,False,P-aeruginosa__Amikacin__East Midlands,lstm
2022-11-01,0.0,False,P-aeruginosa__Amikacin__East Midlands,lstm
2022-12-01,0.0,False,P-aeruginosa__Amikacin__East Midlands,lstm
2023-01-01,0.0,False,P-aeruginosa__Amikacin__East Midlands,lstm
2023-02-01,0.0,False,P-aeruginosa__Amikacin__East Midlands,lstm
2023-03-01,0.0,False,P-aeruginosa__Amikacin__East Midlands,lstm
2023-04-01,2.17,False,P-aeruginosa__Amikacin__East Midlands,lstm
2023-05-01,3.7699999999999996,False,P-aeruginosa__Amikacin__East Midlands,lstm
2023-06-01,3.23,False,P-aeruginosa__Amikacin__East Midlands,lstm
2023-07-01,3.33,False,P-aeruginosa__Amikacin__East Midlands,lstm
2023-08-01,1.69,False,P-aeruginosa__Amikacin__East Midlands,lstm
2023-09-01,2.94,False,P-aeruginosa__Amikacin__East Midlands,lstm
2023-10-01,1.32,False,P-aeruginosa__Amikacin__East Midlands,lstm
2023-11-01,1.41,False,P-aeruginosa__Amikacin__East Midlands,lstm
2023-12-01,0.0,False,P-aeruginosa__Amikacin__East Midlands,lstm
2024-01-01,0.0,False,P-aeruginosa__Amikacin__East Midlands,lstm
2024-02-01,0.0,False,P-aeruginosa__Amikacin__East Midlands,lstm
2024-03-01,0.0,False,P-aeruginosa__Amikacin__East Midlands,lstm
2024-04-01,0.0,False,P-aeruginosa__Amikacin__East Midlands,lstm
2024-05-01,0.0,False,P-aeruginosa__Amikacin__East Midlands,lstm
2024-06-01,0.0,False,P-aeruginosa__Amikacin__East Midlands,lstm
2024-07-01,0.0,False,P-aeruginosa__Amikacin__East Midlands,lstm
2024-08-01,0.0,False,P-aeruginosa__Amikacin__East Midlands,lstm
2024-09-01,0.0,False,P-aeruginosa__Amikacin__East Midlands,lstm
2024-10-01,0.0,False,P-aeruginosa__Amikacin__East Midlands,lstm
2024-11-01,0.0,False,P-aeruginosa__Amikacin__East Midlands,lstm
2024-12-01,1.64,False,P-aeruginosa__Amikacin__East Midlands,lstm
2025-01-01,2.08,False,P-aeruginosa__Amikacin__East Midlands,lstm
2025-02-01,2.08,False,P-aeruginosa__Amikacin__East Midlands,lstm
2025-03-01,2.27,False,P-aeruginosa__Amikacin__East Midlands,lstm
2025-04-01,1.9199999999999997,False,P-aeruginosa__Amikacin__East Midlands,lstm
2025-05-01,1.75,False,P-aeruginosa__Amikacin__East Midlands,lstm
2025-06-01,0.0,False,P-aeruginosa__Amikacin__East Midlands,lstm
2025-07-01,1.7696055520162677,True,P-aeruginosa__Amikacin__East Midlands,lstm
2025-08-01,1.3124795732095769,True,P-aeruginosa__Amikacin__East Midlands,lstm
2025-09-01,0.7287671446017395,True,P-aeruginosa__Amikacin__East Midlands,lstm
2025-10-01,0.19195264089819739,True,P-aeruginosa__Amikacin__East Midlands,lstm
2025-11-01,-0.19456740695960376,True,P-aeruginosa__Amikacin__East Midlands,lstm
2025-12-01,-0.2796346802836488,True,P-aeruginosa__Amikacin__East Midlands,lstm
2020-08-01,2.56,False,P-aeruginosa__Amikacin__East of England,lstm
2020-09-01,1.27,False,P-aeruginosa__Amikacin__East of England,lstm
2020-10-01,1.4899999999999998,False,P-aeruginosa__Amikacin__East of England,lstm
2020-11-01,0.0,False,P-aeruginosa__Amikacin__East of England,lstm
2020-12-01,1.67,False,P-aeruginosa__Amikacin__East of England,lstm
2021-01-01,1.69,False,P-aeruginosa__Amikacin__East of England,lstm
2021-02-01,5.66,False,P-aeruginosa__Amikacin__East of England,lstm
2021-03-01,3.7700000000000005,False,P-aeruginosa__Amikacin__East of England,lstm
2021-04-01,4.84,False,P-aeruginosa__Amikacin__East of England,lstm
2021-05-01,3.0300000000000002,False,P-aeruginosa__Amikacin__East of England,lstm
2021-06-01,2.7,False,P-aeruginosa__Amikacin__East of England,lstm
2021-07-01,1.37,False,P-aeruginosa__Amikacin__East of England,lstm
2021-08-01,1.03,False,P-aeruginosa__Amikacin__East of England,lstm
2021-09-01,0.9899999999999999,False,P-aeruginosa__Amikacin__East of England,lstm
2021-10-01,1.74,False,P-aeruginosa__Amikacin__East of England,lstm
2021-11-01,2.17,False,P-aeruginosa__Amikacin__East of England,lstm
2021-12-01,2.2,False,P-aeruginosa__Amikacin__East of England,lstm
2022-01-01,3.95,False,P-aeruginosa__Amikacin__East of England,lstm
2022-02-01,2.74,False,P-aeruginosa__Amikacin__East of England,lstm
2022-03-01,4.76,False,P-aeruginosa__Amikacin__East of England,lstm
2022-04-01,1.64,False,P-aeruginosa__Amikacin__East of England,lstm
2022-05-01,1.39,False,P-aeruginosa__Amikacin__East of England,lstm
2022-06-01,0.0,False,P-aeruginosa__Amikacin__East of England,lstm
2022-07-01,0.0,False,P-aeruginosa__Amikacin__East of England,lstm
2022-08-01,0.0,False,P-aeruginosa__Amikacin__East of England,lstm
2022-09-01,2.22,False,P-aeruginosa__Amikacin__East of England,lstm
2022-10-01,2.15,False,P-aeruginosa__Amikacin__East of England,lstm
2022-11-01,1.94,False,P-aeruginosa__Amikacin__East of England,lstm
2022-12-01,0.0,False,P-aeruginosa__Amikacin__East of England,lstm
2023-01-01,0.0,False,P-aeruginosa__Amikacin__East of England,lstm
2023-02-01,0.0,False,P-aeruginosa__Amikacin__East of England,lstm
2023-03-01,0.0,False,P-aeruginosa__Amikacin__East of England,lstm
2023-04-01,0.0,False,P-aeruginosa__Amikacin__East of England,lstm
2023-05-01,0.0,False,P-aeruginosa__Amikacin__East of England,lstm
2023-06-01,0.0,False,P-aeruginosa__Amikacin__East of England,lstm
2023-07-01,3.4499999999999997,False,P-aeruginosa__Amikacin__East of England,lstm
2023-08-01,3.66,False,P-aeruginosa__Amikacin__East of England,lstm
2023-09-01,3.66,False,P-aeruginosa__Amikacin__East of England,lstm
2023-10-01,0.95,False,P-aeruginosa__Amikacin__East of England,lstm
2023-11-01,1.04,False,P-aeruginosa__Amikacin__East of England,lstm
2023-12-01,2.27,False,P-aeruginosa__Amikacin__East of England,lstm
2024-01-01,1.45,False,P-aeruginosa__Amikacin__East of England,lstm
2024-02-01,2.53,False,P-aeruginosa__Amikacin__East of England,lstm
2024-03-01,2.22,False,P-aeruginosa__Amikacin__East of England,lstm
2024-04-01,2.2,False,P-aeruginosa__Amikacin__East of England,lstm
2024-05-01,2.5,False,P-aeruginosa__Amikacin__East of England,lstm
2024-06-01,4.41,False,P-aeruginosa__Amikacin__East of England,lstm
2024-07-01,4.69,False,P-aeruginosa__Amikacin__East of England,lstm
2024-08-01,2.8600000000000003,False,P-aeruginosa__Amikacin__East of England,lstm
2024-09-01,0.0,False,P-aeruginosa__Amikacin__East of England,lstm
2024-10-01,1.01,False,P-aeruginosa__Amikacin__East of England,lstm
2024-11-01,1.02,False,P-aeruginosa__Amikacin__East of England,lstm
2024-12-01,0.97,False,P-aeruginosa__Amikacin__East of England,lstm
2025-01-01,0.0,False,P-aeruginosa__Amikacin__East of England,lstm
2025-02-01,0.0,False,P-aeruginosa__Amikacin__East of England,lstm
2025-03-01,1.16,False,P-aeruginosa__Amikacin__East of England,lstm
2025-04-01,1.41,False,P-aeruginosa__Amikacin__East of England,lstm
2025-05-01,1.45,False,P-aeruginosa__Amikacin__East of England,lstm
2025-06-01,0.0,False,P-aeruginosa__Amikacin__East of England,lstm
2025-07-01,2.040956435687819,True,P-aeruginosa__Amikacin__East of England,lstm
2025-08-01,2.017985218581511,True,P-aeruginosa__Amikacin__East of England,lstm
2025-09-01,1.882474023716182,True,P-aeruginosa__Amikacin__East of England,lstm
2025-10-01,1.6984072400104318,True,P-aeruginosa__Amikacin__East of England,lstm
2025-11-01,1.5108987428526557,True,P-aeruginosa__Amikacin__East of England,lstm
2025-12-01,1.372578687161476,True,P-aeruginosa__Amikacin__East of England,lstm
2020-08-01,1.53,False,P-aeruginosa__Amikacin__London,lstm
2020-09-01,1.92,False,P-aeruginosa__Amikacin__London,lstm
2020-10-01,1.36,False,P-aeruginosa__Amikacin__London,lstm
2020-11-01,2.1,False,P-aeruginosa__Amikacin__London,lstm
2020-12-01,1.4,False,P-aeruginosa__Amikacin__London,lstm
2021-01-01,0.55,False,P-aeruginosa__Amikacin__London,lstm
2021-02-01,1.12,False,P-aeruginosa__Amikacin__London,lstm
2021-03-01,2.38,False,P-aeruginosa__Amikacin__London,lstm
2021-04-01,3.05,False,P-aeruginosa__Amikacin__London,lstm
2021-05-01,1.65,False,P-aeruginosa__Amikacin__London,lstm
2021-06-01,0.0,False,P-aeruginosa__Amikacin__London,lstm
2021-07-01,0.0,False,P-aeruginosa__Amikacin__London,lstm
2021-08-01,1.04,False,P-aeruginosa__Amikacin__London,lstm
2021-09-01,1.86,False,P-aeruginosa__Amikacin__London,lstm
2021-10-01,2.5,False,P-aeruginosa__Amikacin__London,lstm
2021-11-01,2.34,False,P-aeruginosa__Amikacin__London,lstm
2021-12-01,1.33,False,P-aeruginosa__Amikacin__London,lstm
2022-01-01,0.66,False,P-aeruginosa__Amikacin__London,lstm
2022-02-01,0.0,False,P-aeruginosa__Amikacin__London,lstm
2022-03-01,0.0,False,P-aeruginosa__Amikacin__London,lstm
2022-04-01,0.0,False,P-aeruginosa__Amikacin__London,lstm
2022-05-01,0.0,False,P-aeruginosa__Amikacin__London,lstm
2022-06-01,0.0,False,P-aeruginosa__Amikacin__London,lstm
2022-07-01,1.2,False,P-aeruginosa__Amikacin__London,lstm
2022-08-01,1.12,False,P-aeruginosa__Amikacin__London,lstm
2022-09-01,2.09,False,P-aeruginosa__Amikacin__London,lstm
2022-10-01,1.01,False,P-aeruginosa__Amikacin__London,lstm
2022-11-01,1.52,False,P-aeruginosa__Amikacin__London,lstm
2022-12-01,1.03,False,P-aeruginosa__Amikacin__London,lstm
2023-01-01,1.11,False,P-aeruginosa__Amikacin__London,lstm
2023-02-01,0.59,False,P-aeruginosa__Amikacin__London,lstm
2023-03-01,0.0,False,P-aeruginosa__Amikacin__London,lstm
2023-04-01,0.66,False,P-aeruginosa__Amikacin__London,lstm
2023-05-01,0.66,False,P-aeruginosa__Amikacin__London,lstm
2023-06-01,0.62,False,P-aeruginosa__Amikacin__London,lstm
2023-07-01,0.66,False,P-aeruginosa__Amikacin__London,lstm
2023-08-01,1.25,False,P-aeruginosa__Amikacin__London,lstm
2023-09-01,1.78,False,P-aeruginosa__Amikacin__London,lstm
2023-10-01,2.22,False,P-aeruginosa__Amikacin__London,lstm
2023-11-01,1.97,False,P-aeruginosa__Amikacin__London,lstm
2023-12-01,1.39,False,P-aeruginosa__Amikacin__London,lstm
2024-01-01,1.5999999999999999,False,P-aeruginosa__Amikacin__London,lstm
2024-02-01,1.53,False,P-aeruginosa__Amikacin__London,lstm
2024-03-01,1.71,False,P-aeruginosa__Amikacin__London,lstm
2024-04-01,0.0,False,P-aeruginosa__Amikacin__London,lstm
2024-05-01,0.0,False,P-aeruginosa__Amikacin__London,lstm
2024-06-01,0.0,False,P-aeruginosa__Amikacin__London,lstm
2024-07-01,0.0,False,P-aeruginosa__Amikacin__London,lstm
2024-08-01,0.0,False,P-aeruginosa__Amikacin__London,lstm
2024-09-01,1.9599999999999997,False,P-aeruginosa__Amikacin__London,lstm
2024-10-01,2.58,False,P-aeruginosa__Amikacin__London,lstm
2024-11-01,2.48,False,P-aeruginosa__Amikacin__London,lstm
2024-12-01,2.88,False,P-aeruginosa__Amikacin__London,lstm
2025-01-01,2.54,False,P-aeruginosa__Amikacin__London,lstm
2025-02-01,2.78,False,P-aeruginosa__Amikacin__London,lstm
2025-03-01,0.0,False,P-aeruginosa__Amikacin__London,lstm
2025-04-01,0.0,False,P-aeruginosa__Amikacin__London,lstm
2025-05-01,0.0,False,P-aeruginosa__Amikacin__London,lstm
2025-06-01,0.0,False,P-aeruginosa__Amikacin__London,lstm
2025-07-01,0.6112239117236525,True,P-aeruginosa__Amikacin__London,lstm
2025-08-01,0.9658675966237454,True,P-aeruginosa__Amikacin__London,lstm
2025-09-01,1.5266675477255078,True,P-aeruginosa__Amikacin__London,lstm
2025-10-01,2.0545043959174154,True,P-aeruginosa__Amikacin__London,lstm
2025-11-01,2.4135340158028122,True,P-aeruginosa__Amikacin__London,lstm
2025-12-01,2.476752616059055,True,P-aeruginosa__Amikacin__London,lstm
2020-08-01,0.0,False,P-aeruginosa__Amikacin__North East,lstm
2020-09-01,0.0,False,P-aeruginosa__Amikacin__North East,lstm
2020-10-01,0.0,False,P-aeruginosa__Amikacin__North East,lstm
2020-11-01,0.0,False,P-aeruginosa__Amikacin__North East,lstm
2020-12-01,0.0,False,P-aeruginosa__Amikacin__North East,lstm
2021-01-01,0.0,False,P-aeruginosa__Amikacin__North East,lstm
2021-02-01,0.0,False,P-aeruginosa__Amikacin__North East,lstm
2021-03-01,0.0,False,P-aeruginosa__Amikacin__North East,lstm
2021-04-01,0.0,False,P-aeruginosa__Amikacin__North East,lstm
2021-05-01,0.0,False,P-aeruginosa__Amikacin__North East,lstm
2021-06-01,0.0,False,P-aeruginosa__Amikacin__North East,lstm
2021-07-01,0.0,False,P-aeruginosa__Amikacin__North East,lstm
2021-08-01,0.0,False,P-aeruginosa__Amikacin__North East,lstm
2021-09-01,4.76,False,P-aeruginosa__Amikacin__North East,lstm
2021-10-01,6.25,False,P-aeruginosa__Amikacin__North East,lstm
2021-11-01,4.35,False,P-aeruginosa__Amikacin__North East,lstm
2021-12-01,0.0,False,P-aeruginosa__Amikacin__North East,lstm
2022-01-01,4.0,False,P-aeruginosa__Amikacin__North East,lstm
2022-02-01,5.26,False,P-aeruginosa__Amikacin__North East,lstm
2022-03-01,3.5700000000000003,False,P-aeruginosa__Amikacin__North East,lstm
2022-04-01,0.0,False,P-aeruginosa__Amikacin__North East,lstm
2022-05-01,0.0,False,P-aeruginosa__Amikacin__North East,lstm
2022-06-01,0.0,False,P-aeruginosa__Amikacin__North East,lstm
2022-07-01,0.0,False,P-aeruginosa__Amikacin__North East,lstm
2022-08-01,0.0,False,P-aeruginosa__Amikacin__North East,lstm
2022-09-01,0.0,False,P-aeruginosa__Amikacin__North East,lstm
2022-10-01,0.0,False,P-aeruginosa__Amikacin__North East,lstm
2022-11-01,0.0,False,P-aeruginosa__Amikacin__North East,lstm
2022-12-01,0.0,False,P-aeruginosa__Amikacin__North East,lstm
2023-01-01,0.0,False,P-aeruginosa__Amikacin__North East,lstm
2023-02-01,0.0,False,P-aeruginosa__Amikacin__North East,lstm
2023-03-01,0.0,False,P-aeruginosa__Amikacin__North East,lstm
2023-04-01,0.0,False,P-aeruginosa__Amikacin__North East,lstm
2023-05-01,0.0,False,P-aeruginosa__Amikacin__North East,lstm
2023-06-01,0.0,False,P-aeruginosa__Amikacin__North East,lstm
2023-07-01,0.0,False,P-aeruginosa__Amikacin__North East,lstm
2023-08-01,0.0,False,P-aeruginosa__Amikacin__North East,lstm
2023-09-01,0.0,False,P-aeruginosa__Amikacin__North East,lstm
2023-10-01,0.0,False,P-aeruginosa__Amikacin__North East,lstm
2023-11-01,0.0,False,P-aeruginosa__Amikacin__North East,lstm
2023-12-01,0.0,False,P-aeruginosa__Amikacin__North East,lstm
2024-01-01,0.0,False,P-aeruginosa__Amikacin__North East,lstm
2024-02-01,0.0,False,P-aeruginosa__Amikacin__North East,lstm
2024-03-01,0.0,False,P-aeruginosa__Amikacin__North East,lstm
2024-04-01,0.0,False,P-aeruginosa__Amikacin__North East,lstm
2024-05-01,0.0,False,P-aeruginosa__Amikacin__North East,lstm
2024-06-01,0.0,False,P-aeruginosa__Amikacin__North East,lstm
2024-07-01,0.0,False,P-aeruginosa__Amikacin__North East,lstm
2024-08-01,0.0,False,P-aeruginosa__Amikacin__North East,lstm
2024-09-01,3.85,False,P-aeruginosa__Amikacin__North East,lstm
2024-10-01,3.33,False,P-aeruginosa__Amikacin__North East,lstm
2024-11-01,3.45,False,P-aeruginosa__Amikacin__North East,lstm
2024-12-01,0.0,False,P-aeruginosa__Amikacin__North East,lstm
2025-01-01,0.0,False,P-aeruginosa__Amikacin__North East,lstm
2025-02-01,0.0,False,P-aeruginosa__Amikacin__North East,lstm
2025-03-01,0.0,False,P-aeruginosa__Amikacin__North East,lstm
2025-04-01,0.0,False,P-aeruginosa__Amikacin__North East,lstm
2025-05-01,0.0,False,P-aeruginosa__Amikacin__North East,lstm
2025-06-01,0.0,False,P-aeruginosa__Amikacin__North East,lstm
2025-07-01,-0.2958273397515843,True,P-aeruginosa__Amikacin__North East,lstm
2025-08-01,0.30599392839151823,True,P-aeruginosa__Amikacin__North East,lstm
2025-09-01,0.8885513799167638,True,P-aeruginosa__Amikacin__North East,lstm
2025-10-01,1.326617045353587,True,P-aeruginosa__Amikacin__North East,lstm
2025-11-01,1.550234133285466,True,P-aeruginosa__Amikacin__North East,lstm
2025-12-01,1.5457670517057849,True,P-aeruginosa__Amikacin__North East,lstm
2020-08-01,0.0,False,P-aeruginosa__Amikacin__North West,lstm
2020-09-01,1.05,False,P-aeruginosa__Amikacin__North West,lstm
2020-10-01,2.33,False,P-aeruginosa__Amikacin__North West,lstm
2020-11-01,2.78,False,P-aeruginosa__Amikacin__North West,lstm
2020-12-01,1.39,False,P-aeruginosa__Amikacin__North West,lstm
2021-01-01,0.0,False,P-aeruginosa__Amikacin__North West,lstm
2021-02-01,0.0,False,P-aeruginosa__Amikacin__North West,lstm
2021-03-01,2.53,False,P-aeruginosa__Amikacin__North West,lstm
2021-04-01,2.7,False,P-aeruginosa__Amikacin__North West,lstm
2021-05-01,2.7,False,P-aeruginosa__Amikacin__North West,lstm
2021-06-01,0.0,False,P-aeruginosa__Amikacin__North West,lstm
2021-07-01,0.0,False,P-aeruginosa__Amikacin__North West,lstm
2021-08-01,0.0,False,P-aeruginosa__Amikacin__North West,lstm
2021-09-01,0.0,False,P-aeruginosa__Amikacin__North West,lstm
2021-10-01,0.0,False,P-aeruginosa__Amikacin__North West,lstm
2021-11-01,0.0,False,P-aeruginosa__Amikacin__North West,lstm
2021-12-01,0.0,False,P-aeruginosa__Amikacin__North West,lstm
2022-01-01,0.0,False,P-aeruginosa__Amikacin__North West,lstm
2022-02-01,1.67,False,P-aeruginosa__Amikacin__North West,lstm
2022-03-01,1.59,False,P-aeruginosa__Amikacin__North West,lstm
2022-04-01,4.11,False,P-aeruginosa__Amikacin__North West,lstm
2022-05-01,2.6,False,P-aeruginosa__Amikacin__North West,lstm
2022-06-01,2.47,False,P-aeruginosa__Amikacin__North West,lstm
2022-07-01,0.0,False,P-aeruginosa__Amikacin__North West,lstm
2022-08-01,0.0,False,P-aeruginosa__Amikacin__North West,lstm
2022-09-01,0.0,False,P-aeruginosa__Amikacin__North West,lstm
2022-10-01,0.0,False,P-aeruginosa__Amikacin__North West,lstm
2022-11-01,0.0,False,P-aeruginosa__Amikacin__North West,lstm
2022-12-01,0.0,False,P-aeruginosa__Amikacin__North West,lstm
2023-01-01,0.0,False,P-aeruginosa__Amikacin__North West,lstm
2023-02-01,0.0,False,P-aeruginosa__Amikacin__North West,lstm
2023-03-01,0.0,False,P-aeruginosa__Amikacin__North West,lstm
2023-04-01,1.09,False,P-aeruginosa__Amikacin__North West,lstm
2023-05-01,1.12,False,P-aeruginosa__Amikacin__North West,lstm
2023-06-01,1.28,False,P-aeruginosa__Amikacin__North West,lstm
2023-07-01,0.0,False,P-aeruginosa__Amikacin__North West,lstm
2023-08-01,0.0,False,P-aeruginosa__Amikacin__North West,lstm
2023-09-01,0.0,False,P-aeruginosa__Amikacin__North West,lstm
2023-10-01,0.0,False,P-aeruginosa__Amikacin__North West,lstm
2023-11-01,2.22,False,P-aeruginosa__Amikacin__North West,lstm
2023-12-01,2.91,False,P-aeruginosa__Amikacin__North West,lstm
2024-01-01,3.33,False,P-aeruginosa__Amikacin__North West,lstm
2024-02-01,1.18,False,P-aeruginosa__Amikacin__North West,lstm
2024-03-01,0.0,False,P-aeruginosa__Amikacin__North West,lstm
2024-04-01,0.0,False,P-aeruginosa__Amikacin__North West,lstm
2024-05-01,0.0,False,P-aeruginosa__Amikacin__North West,lstm
2024-06-01,0.0,False,P-aeruginosa__Amikacin__North West,lstm
2024-07-01,1.56,False,P-aeruginosa__Amikacin__North West,lstm
2024-08-01,1.12,False,P-aeruginosa__Amikacin__North West,lstm
2024-09-01,0.93,False,P-aeruginosa__Amikacin__North West,lstm
2024-10-01,0.0,False,P-aeruginosa__Amikacin__North West,lstm
2024-11-01,1.0,False,P-aeruginosa__Amikacin__North West,lstm
2024-12-01,2.33,False,P-aeruginosa__Amikacin__North West,lstm
2025-01-01,2.53,False,P-aeruginosa__Amikacin__North West,lstm
2025-02-01,1.45,False,P-aeruginosa__Amikacin__North West,lstm
2025-03-01,1.35,False,P-aeruginosa__Amikacin__North West,lstm
2025-04-01,2.63,False,P-aeruginosa__Amikacin__North West,lstm
2025-05-01,3.61,False,P-aeruginosa__Amikacin__North West,lstm
2025-06-01,2.11,False,P-aeruginosa__Amikacin__North West,lstm
2025-07-01,0.201689181322093,True,P-aeruginosa__Amikacin__North West,lstm
2025-08-01,0.05902711310579592,True,P-aeruginosa__Amikacin__North West,lstm
2025-09-01,0.054910181853816124,True,P-aeruginosa__Amikacin__North West,lstm
2025-10-01,0.13412315868113106,True,P-aeruginosa__Amikacin__North West,lstm
2025-11-01,0.2683603255151406,True,P-aeruginosa__Amikacin__North West,lstm
2025-12-01,0.5347166213784313,True,P-aeruginosa__Amikacin__North West,lstm
2020-08-01,0.8,False,P-aeruginosa__Amikacin__South East,lstm
2020-09-01,1.6,False,P-aeruginosa__Amikacin__South East,lstm
2020-10-01,1.64,False,P-aeruginosa__Amikacin__South East,lstm
2020-11-01,1.44,False,P-aeruginosa__Amikacin__South East,lstm
2020-12-01,1.32,False,P-aeruginosa__Amikacin__South East,lstm
2021-01-01,1.27,False,P-aeruginosa__Amikacin__South East,lstm
2021-02-01,0.68,False,P-aeruginosa__Amikacin__South East,lstm
2021-03-01,0.75,False,P-aeruginosa__Amikacin__South East,lstm
2021-04-01,0.77,False,P-aeruginosa__Amikacin__South East,lstm
2021-05-01,0.76,False,P-aeruginosa__Amikacin__South East,lstm
2021-06-01,0.0,False,P-aeruginosa__Amikacin__South East,lstm
2021-07-01,0.66,False,P-aeruginosa__Amikacin__South East,lstm
2021-08-01,0.68,False,P-aeruginosa__Amikacin__South East,lstm
2021-09-01,0.73,False,P-aeruginosa__Amikacin__South East,lstm
2021-10-01,0.0,False,P-aeruginosa__Amikacin__South East,lstm
2021-11-01,1.39,False,P-aeruginosa__Amikacin__South East,lstm
2021-12-01,1.38,False,P-aeruginosa__Amikacin__South East,lstm
2022-01-01,1.9400000000000002,False,P-aeruginosa__Amikacin__South East,lstm
2022-02-01,0.73,False,P-aeruginosa__Amikacin__South East,lstm
2022-03-01,1.52,False,P-aeruginosa__Amikacin__South East,lstm
2022-04-01,0.85,False,P-aeruginosa__Amikacin__South East,lstm
2022-05-01,1.63,False,P-aeruginosa__Amikacin__South East,lstm
2022-06-01,0.8,False,P-aeruginosa__Amikacin__South East,lstm
2022-07-01,1.53,False,P-aeruginosa__Amikacin__South East,lstm
2022-08-01,0.7,False,P-aeruginosa__Amikacin__South East,lstm
2022-09-01,0.62,False,P-aeruginosa__Amikacin__South East,lstm
2022-10-01,0.0,False,P-aeruginosa__Amikacin__South East,lstm
2022-11-01,0.0,False,P-aeruginosa__Amikacin__South East,lstm
2022-12-01,0.56,False,P-aeruginosa__Amikacin__South East,lstm
2023-01-01,1.11,False,P-aeruginosa__Amikacin__South East,lstm
2023-02-01,1.27,False,P-aeruginosa__Amikacin__South East,lstm
2023-03-01,2.03,False,P-aeruginosa__Amikacin__South East,lstm
2023-04-01,1.5,False,P-aeruginosa__Amikacin__South East,lstm
2023-05-01,2.88,False,P-aeruginosa__Amikacin__South East,lstm
2023-06-01,2.29,False,P-aeruginosa__Amikacin__South East,lstm
2023-07-01,3.68,False,P-aeruginosa__Amikacin__South East,lstm
2023-08-01,2.11,False,P-aeruginosa__Amikacin__South East,lstm
2023-09-01,2.56,False,P-aeruginosa__Amikacin__South East,lstm
2023-10-01,1.9400000000000002,False,P-aeruginosa__Amikacin__South East,lstm
2023-11-01,3.53,False,P-aeruginosa__Amikacin__South East,lstm
2023-12-01,3.33,False,P-aeruginosa__Amikacin__South East,lstm
2024-01-01,2.84,False,P-aeruginosa__Amikacin__South East,lstm
2024-02-01,0.85,False,P-aeruginosa__Amikacin__South East,lstm
2024-03-01,0.0,False,P-aeruginosa__Amikacin__South East,lstm
2024-04-01,0.0,False,P-aeruginosa__Amikacin__South East,lstm
2024-05-01,0.0,False,P-aeruginosa__Amikacin__South East,lstm
2024-06-01,0.67,False,P-aeruginosa__Amikacin__South East,lstm
2024-07-01,1.18,False,P-aeruginosa__Amikacin__South East,lstm
2024-08-01,2.23,False,P-aeruginosa__Amikacin__South East,lstm
2024-09-01,1.65,False,P-aeruginosa__Amikacin__South East,lstm
2024-10-01,1.17,False,P-aeruginosa__Amikacin__South East,lstm
2024-11-01,0.0,False,P-aeruginosa__Amikacin__South East,lstm
2024-12-01,0.0,False,P-aeruginosa__Amikacin__South East,lstm
2025-01-01,1.3,False,P-aeruginosa__Amikacin__South East,lstm
2025-02-01,2.13,False,P-aeruginosa__Amikacin__South East,lstm
2025-03-01,2.07,False,P-aeruginosa__Amikacin__South East,lstm
2025-04-01,0.75,False,P-aeruginosa__Amikacin__South East,lstm
2025-05-01,0.68,False,P-aeruginosa__Amikacin__South East,lstm
2025-06-01,0.7,False,P-aeruginosa__Amikacin__South East,lstm
2025-07-01,1.0994868627837,True,P-aeruginosa__Amikacin__South East,lstm
2025-08-01,1.102829144913133,True,P-aeruginosa__Amikacin__South East,lstm
2025-09-01,1.0036977672049052,True,P-aeruginosa__Amikacin__South East,lstm
2025-10-01,0.8157804844110091,True,P-aeruginosa__Amikacin__South East,lstm
2025-11-01,0.6444617293305996,True,P-aeruginosa__Amikacin__South East,lstm
2025-12-01,0.5060772946547356,True,P-aeruginosa__Amikacin__South East,lstm
2020-08-01,0.0,False,P-aeruginosa__Amikacin__South West,lstm
2020-09-01,0.0,False,P-aeruginosa__Amikacin__South West,lstm
2020-10-01,0.0,False,P-aeruginosa__Amikacin__South West,lstm
2020-11-01,0.0,False,P-aeruginosa__Amikacin__South West,lstm
2020-12-01,0.0,False,P-aeruginosa__Amikacin__South West,lstm
2021-01-01,0.0,False,P-aeruginosa__Amikacin__South West,lstm
2021-02-01,0.0,False,P-aeruginosa__Amikacin__South West,lstm
2021-03-01,1.9199999999999997,False,P-aeruginosa__Amikacin__South West,lstm
2021-04-01,2.17,False,P-aeruginosa__Amikacin__South West,lstm
2021-05-01,1.7899999999999998,False,P-aeruginosa__Amikacin__South West,lstm
2021-06-01,0.0,False,P-aeruginosa__Amikacin__South West,lstm
2021-07-01,0.0,False,P-aeruginosa__Amikacin__South West,lstm
2021-08-01,0.0,False,P-aeruginosa__Amikacin__South West,lstm
2021-09-01,0.0,False,P-aeruginosa__Amikacin__South West,lstm
2021-10-01,0.0,False,P-aeruginosa__Amikacin__South West,lstm
2021-11-01,0.0,False,P-aeruginosa__Amikacin__South West,lstm
2021-12-01,0.0,False,P-aeruginosa__Amikacin__South West,lstm
2022-01-01,1.59,False,P-aeruginosa__Amikacin__South West,lstm
2022-02-01,1.72,False,P-aeruginosa__Amikacin__South West,lstm
2022-03-01,1.54,False,P-aeruginosa__Amikacin__South West,lstm
2022-04-01,0.0,False,P-aeruginosa__Amikacin__South West,lstm
2022-05-01,0.0,False,P-aeruginosa__Amikacin__South West,lstm
2022-06-01,0.0,False,P-aeruginosa__Amikacin__South West,lstm
2022-07-01,0.0,False,P-aeruginosa__Amikacin__South West,lstm
2022-08-01,0.0,False,P-aeruginosa__Amikacin__South West,lstm
2022-09-01,0.0,False,P-aeruginosa__Amikacin__South West,lstm
2022-10-01,0.0,False,P-aeruginosa__Amikacin__South West,lstm
2022-11-01,1.56,False,P-aeruginosa__Amikacin__South West,lstm
2022-12-01,1.59,False,P-aeruginosa__Amikacin__South West,lstm
2023-01-01,1.8500000000000003,False,P-aeruginosa__Amikacin__South West,lstm
2023-02-01,0.0,False,P-aeruginosa__Amikacin__South West,lstm
2023-03-01,0.0,False,P-aeruginosa__Amikacin__South West,lstm
2023-04-01,0.0,False,P-aeruginosa__Amikacin__South West,lstm
2023-05-01,1.6399999999999997,False,P-aeruginosa__Amikacin__South West,lstm
2023-06-01,3.03,False,P-aeruginosa__Amikacin__South West,lstm
2023-07-01,2.82,False,P-aeruginosa__Amikacin__South West,lstm
2023-08-01,1.45,False,P-aeruginosa__Amikacin__South West,lstm
2023-09-01,0.0,False,P-aeruginosa__Amikacin__South West,lstm
2023-10-01,0.0,False,P-aeruginosa__Amikacin__South West,lstm
2023-11-01,0.0,False,P-aeruginosa__Amikacin__South West,lstm
2023-12-01,0.0,False,P-aeruginosa__Amikacin__South West,lstm
2024-01-01,0.0,False,P-aeruginosa__Amikacin__South West,lstm
2024-02-01,0.0,False,P-aeruginosa__Amikacin__South West,lstm
2024-03-01,1.7899999999999998,False,P-aeruginosa__Amikacin__South West,lstm
2024-04-01,3.17,False,P-aeruginosa__Amikacin__South West,lstm
2024-05-01,3.08,False,P-aeruginosa__Amikacin__South West,lstm
2024-06-01,1.6899999999999997,False,P-aeruginosa__Amikacin__South West,lstm
2024-07-01,0.0,False,P-aeruginosa__Amikacin__South West,lstm
2024-08-01,0.0,False,P-aeruginosa__Amikacin__South West,lstm
2024-09-01,1.41,False,P-aeruginosa__Amikacin__South West,lstm
2024-10-01,1.52,False,P-aeruginosa__Amikacin__South West,lstm
2024-11-01,1.96,False,P-aeruginosa__Amikacin__South West,lstm
2024-12-01,2.44,False,P-aeruginosa__Amikacin__South West,lstm
2025-01-01,2.17,False,P-aeruginosa__Amikacin__South West,lstm
2025-02-01,2.22,False,P-aeruginosa__Amikacin__South West,lstm
2025-03-01,0.0,False,P-aeruginosa__Amikacin__South West,lstm
2025-04-01,0.0,False,P-aeruginosa__Amikacin__South West,lstm
2025-05-01,0.0,False,P-aeruginosa__Amikacin__South West,lstm
2025-06-01,0.0,False,P-aeruginosa__Amikacin__South West,lstm
2025-07-01,1.5047865436210413,True,P-aeruginosa__Amikacin__South West,lstm
2025-08-01,1.4438593065924137,True,P-aeruginosa__Amikacin__South West,lstm
2025-09-01,1.2907936015103292,True,P-aeruginosa__Amikacin__South West,lstm
2025-10-01,1.037451173499855,True,P-aeruginosa__Amikacin__South West,lstm
2025-11-01,0.8237480085951396,True,P-aeruginosa__Amikacin__South West,lstm
2025-12-01,0.7181136524354291,True,P-aeruginosa__Amikacin__South West,lstm
2020-08-01,1.16,False,P-aeruginosa__Amikacin__West Midlands,lstm
2020-09-01,1.06,False,P-aeruginosa__Amikacin__West Midlands,lstm
2020-10-01,2.2,False,P-aeruginosa__Amikacin__West Midlands,lstm
2020-11-01,1.05,False,P-aeruginosa__Amikacin__West Midlands,lstm
2020-12-01,0.9699999999999999,False,P-aeruginosa__Amikacin__West Midlands,lstm
2021-01-01,0.0,False,P-aeruginosa__Amikacin__West Midlands,lstm
2021-02-01,0.0,False,P-aeruginosa__Amikacin__West Midlands,lstm
2021-03-01,1.02,False,P-aeruginosa__Amikacin__West Midlands,lstm
2021-04-01,2.2,False,P-aeruginosa__Amikacin__West Midlands,lstm
2021-05-01,5.38,False,P-aeruginosa__Amikacin__West Midlands,lstm
2021-06-01,4.26,False,P-aeruginosa__Amikacin__West Midlands,lstm
2021-07-01,4.17,False,P-aeruginosa__Amikacin__West Midlands,lstm
2021-08-01,0.95,False,P-aeruginosa__Amikacin__West Midlands,lstm
2021-09-01,1.79,False,P-aeruginosa__Amikacin__West Midlands,lstm
2021-10-01,0.8800000000000001,False,P-aeruginosa__Amikacin__West Midlands,lstm
2021-11-01,1.0,False,P-aeruginosa__Amikacin__West Midlands,lstm
2021-12-01,0.0,False,P-aeruginosa__Amikacin__West Midlands,lstm
2022-01-01,1.1,False,P-aeruginosa__Amikacin__West Midlands,lstm
2022-02-01,1.08,False,P-aeruginosa__Amikacin__West Midlands,lstm
2022-03-01,2.44,False,P-aeruginosa__Amikacin__West Midlands,lstm
2022-04-01,3.4900000000000007,False,P-aeruginosa__Amikacin__West Midlands,lstm
2022-05-01,3.8999999999999995,False,P-aeruginosa__Amikacin__West Midlands,lstm
2022-06-01,2.47,False,P-aeruginosa__Amikacin__West Midlands,lstm
2022-07-01,0.0,False,P-aeruginosa__Amikacin__West Midlands,lstm
2022-08-01,0.0,False,P-aeruginosa__Amikacin__West Midlands,lstm
2022-09-01,1.11,False,P-aeruginosa__Amikacin__West Midlands,lstm
2022-10-01,1.0,False,P-aeruginosa__Amikacin__West Midlands,lstm
2022-11-01,2.11,False,P-aeruginosa__Amikacin__West Midlands,lstm
2022-12-01,2.13,False,P-aeruginosa__Amikacin__West Midlands,lstm
2023-01-01,2.08,False,P-aeruginosa__Amikacin__West Midlands,lstm
2023-02-01,2.22,False,P-aeruginosa__Amikacin__West Midlands,lstm
2023-03-01,1.08,False,P-aeruginosa__Amikacin__West Midlands,lstm
2023-04-01,1.2,False,P-aeruginosa__Amikacin__West Midlands,lstm
2023-05-01,0.0,False,P-aeruginosa__Amikacin__West Midlands,lstm
2023-06-01,0.0,False,P-aeruginosa__Amikacin__West Midlands,lstm
2023-07-01,0.0,False,P-aeruginosa__Amikacin__West Midlands,lstm
2023-08-01,0.0,False,P-aeruginosa__Amikacin__West Midlands,lstm
2023-09-01,0.0,False,P-aeruginosa__Amikacin__West Midlands,lstm
2023-10-01,0.0,False,P-aeruginosa__Amikacin__West Midlands,lstm
2023-11-01,0.0,False,P-aeruginosa__Amikacin__West Midlands,lstm
2023-12-01,0.0,False,P-aeruginosa__Amikacin__West Midlands,lstm
2024-01-01,0.0,False,P-aeruginosa__Amikacin__West Midlands,lstm
2024-02-01,0.94,False,P-aeruginosa__Amikacin__West Midlands,lstm
2024-03-01,1.08,False,P-aeruginosa__Amikacin__West Midlands,lstm
2024-04-01,1.11,False,P-aeruginosa__Amikacin__West Midlands,lstm
2024-05-01,2.35,False,P-aeruginosa__Amikacin__West Midlands,lstm
2024-06-01,2.75,False,P-aeruginosa__Amikacin__West Midlands,lstm
2024-07-01,2.61,False,P-aeruginosa__Amikacin__West Midlands,lstm
2024-08-01,1.5999999999999999,False,P-aeruginosa__Amikacin__West Midlands,lstm
2024-09-01,0.84,False,P-aeruginosa__Amikacin__West Midlands,lstm
2024-10-01,2.44,False,P-aeruginosa__Amikacin__West Midlands,lstm
2024-11-01,1.7500000000000002,False,P-aeruginosa__Amikacin__West Midlands,lstm
2024-12-01,1.74,False,P-aeruginosa__Amikacin__West Midlands,lstm
2025-01-01,0.0,False,P-aeruginosa__Amikacin__West Midlands,lstm
2025-02-01,0.93,False,P-aeruginosa__Amikacin__West Midlands,lstm
2025-03-01,3.16,False,P-aeruginosa__Amikacin__West Midlands,lstm
2025-04-01,3.61,False,P-aeruginosa__Amikacin__West Midlands,lstm
2025-05-01,2.44,False,P-aeruginosa__Amikacin__West Midlands,lstm
2025-06-01,0.0,False,P-aeruginosa__Amikacin__West Midlands,lstm
2025-07-01,1.3158380146630697,True,P-aeruginosa__Amikacin__West Midlands,lstm
2025-08-01,1.0878249198336523,True,P-aeruginosa__Amikacin__West Midlands,lstm
2025-09-01,0.8921435582128683,True,P-aeruginosa__Amikacin__West Midlands,lstm
2025-10-01,0.8396045238050013,True,P-aeruginosa__Amikacin__West Midlands,lstm
2025-11-01,0.9461562958437563,True,P-aeruginosa__Amikacin__West Midlands,lstm
2025-12-01,1.1669001826154282,True,P-aeruginosa__Amikacin__West Midlands,lstm
2020-08-01,0.0,False,P-aeruginosa__Amikacin__Yorkshire and Humber,lstm
2020-09-01,3.7,False,P-aeruginosa__Amikacin__Yorkshire and Humber,lstm
2020-10-01,7.14,False,P-aeruginosa__Amikacin__Yorkshire and Humber,lstm
2020-11-01,8.33,False,P-aeruginosa__Amikacin__Yorkshire and Humber,lstm
2020-12-01,4.76,False,P-aeruginosa__Amikacin__Yorkshire and Humber,lstm
2021-01-01,0.0,False,P-aeruginosa__Amikacin__Yorkshire and Humber,lstm
2021-02-01,0.0,False,P-aeruginosa__Amikacin__Yorkshire and Humber,lstm
2021-03-01,0.0,False,P-aeruginosa__Amikacin__Yorkshire and Humber,lstm
2021-04-01,0.0,False,P-aeruginosa__Amikacin__Yorkshire and Humber,lstm
2021-05-01,0.0,False,P-aeruginosa__Amikacin__Yorkshire and Humber,lstm
2021-06-01,0.0,False,P-aeruginosa__Amikacin__Yorkshire and Humber,lstm
2021-07-01,0.0,False,P-aeruginosa__Amikacin__Yorkshire and Humber,lstm
2021-08-01,0.0,False,P-aeruginosa__Amikacin__Yorkshire and Humber,lstm
2021-09-01,0.0,False,P-aeruginosa__Amikacin__Yorkshire and Humber,lstm
2021-10-01,0.0,False,P-aeruginosa__Amikacin__Yorkshire and Humber,lstm
2021-11-01,0.0,False,P-aeruginosa__Amikacin__Yorkshire and Humber,lstm
2021-12-01,0.0,False,P-aeruginosa__Amikacin__Yorkshire and Humber,lstm
2022-01-01,0.0,False,P-aeruginosa__Amikacin__Yorkshire and Humber,lstm
2022-02-01,0.0,False,P-aeruginosa__Amikacin__Yorkshire and Humber,lstm
2022-03-01,0.0,False,P-aeruginosa__Amikacin__Yorkshire and Humber,lstm
2022-04-01,0.0,False,P-aeruginosa__Amikacin__Yorkshire and Humber,lstm
2022-05-01,0.0,False,P-aeruginosa__Amikacin__Yorkshire and Humber,lstm
2022-06-01,0.0,False,P-aeruginosa__Amikacin__Yorkshire and Humber,lstm
2022-07-01,0.0,False,P-aeruginosa__Amikacin__Yorkshire and Humber,lstm
2022-08-01,0.0,False,P-aeruginosa__Amikacin__Yorkshire and Humber,lstm
2022-09-01,0.0,False,P-aeruginosa__Amikacin__Yorkshire and Humber,lstm
2022-10-01,0.0,False,P-aeruginosa__Amikacin__Yorkshire and Humber,lstm
2022-11-01,0.0,False,P-aeruginosa__Amikacin__Yorkshire and Humber,lstm
2022-12-01,0.0,False,P-aeruginosa__Amikacin__Yorkshire and Humber,lstm
2023-01-01,0.0,False,P-aeruginosa__Amikacin__Yorkshire and Humber,lstm
2023-02-01,0.0,False,P-aeruginosa__Amikacin__Yorkshire and Humber,lstm
2023-03-01,0.0,False,P-aeruginosa__Amikacin__Yorkshire and Humber,lstm
2023-04-01,0.0,False,P-aeruginosa__Amikacin__Yorkshire and Humber,lstm
2023-05-01,0.0,False,P-aeruginosa__Amikacin__Yorkshire and Humber,lstm
2023-06-01,0.0,False,P-aeruginosa__Amikacin__Yorkshire and Humber,lstm
2023-07-01,0.0,False,P-aeruginosa__Amikacin__Yorkshire and Humber,lstm
2023-08-01,0.0,False,P-aeruginosa__Amikacin__Yorkshire and Humber,lstm
2023-09-01,0.0,False,P-aeruginosa__Amikacin__Yorkshire and Humber,lstm
2023-10-01,4.55,False,P-aeruginosa__Amikacin__Yorkshire and Humber,lstm
2023-11-01,5.0,False,P-aeruginosa__Amikacin__Yorkshire and Humber,lstm
2023-12-01,5.56,False,P-aeruginosa__Amikacin__Yorkshire and Humber,lstm
2024-01-01,0.0,False,P-aeruginosa__Amikacin__Yorkshire and Humber,lstm
2024-02-01,0.0,False,P-aeruginosa__Amikacin__Yorkshire and Humber,lstm
2024-03-01,0.0,False,P-aeruginosa__Amikacin__Yorkshire and Humber,lstm
2024-04-01,0.0,False,P-aeruginosa__Amikacin__Yorkshire and Humber,lstm
2024-05-01,0.0,False,P-aeruginosa__Amikacin__Yorkshire and Humber,lstm
2024-06-01,0.0,False,P-aeruginosa__Amikacin__Yorkshire and Humber,lstm
2024-07-01,0.0,False,P-aeruginosa__Amikacin__Yorkshire and Humber,lstm
2024-08-01,0.0,False,P-aeruginosa__Amikacin__Yorkshire and Humber,lstm
2024-09-01,0.0,False,P-aeruginosa__Amikacin__Yorkshire and Humber,lstm
2024-10-01,0.0,False,P-aeruginosa__Amikacin__Yorkshire and Humber,lstm
2024-11-01,0.0,False,P-aeruginosa__Amikacin__Yorkshire and Humber,lstm
2024-12-01,0.0,False,P-aeruginosa__Amikacin__Yorkshire and Humber,lstm
2025-01-01,0.0,False,P-aeruginosa__Amikacin__Yorkshire and Humber,lstm
2025-02-01,0.0,False,P-aeruginosa__Amikacin__Yorkshire and Humber,lstm
2025-03-01,0.0,False,P-aeruginosa__Amikacin__Yorkshire and Humber,lstm
2025-04-01,0.0,False,P-aeruginosa__Amikacin__Yorkshire and Humber,lstm
2025-05-01,0.0,False,P-aeruginosa__Amikacin__Yorkshire and Humber,lstm
2025-06-01,0.0,False,P-aeruginosa__Amikacin__Yorkshire and Humber,lstm
2025-07-01,0.6463864430857016,True,P-aeruginosa__Amikacin__Yorkshire and Humber,lstm
2025-08-01,1.0362942489669218,True,P-aeruginosa__Amikacin__Yorkshire and Humber,lstm
2025-09-01,1.4064131844529597,True,P-aeruginosa__Amikacin__Yorkshire and Humber,lstm
2025-10-01,1.6275264907666283,True,P-aeruginosa__Amikacin__Yorkshire and Humber,lstm
2025-11-01,1.5920717119489782,True,P-aeruginosa__Amikacin__Yorkshire and Humber,lstm
2025-12-01,1.2827695926458904,True,P-aeruginosa__Amikacin__Yorkshire and Humber,lstm
2020-08-01,7.459999999999999,False,P-aeruginosa__Carbapenems__East Midlands,lstm
2020-09-01,7.889999999999999,False,P-aeruginosa__Carbapenems__East Midlands,lstm
2020-10-01,9.089999999999998,False,P-aeruginosa__Carbapenems__East Midlands,lstm
2020-11-01,8.2,False,P-aeruginosa__Carbapenems__East Midlands,lstm
2020-12-01,5.26,False,P-aeruginosa__Carbapenems__East Midlands,lstm
2021-01-01,4.62,False,P-aeruginosa__Carbapenems__East Midlands,lstm
2021-02-01,2.86,False,P-aeruginosa__Carbapenems__East Midlands,lstm
2021-03-01,7.06,False,P-aeruginosa__Carbapenems__East Midlands,lstm
2021-04-01,5.06,False,P-aeruginosa__Carbapenems__East Midlands,lstm
2021-05-01,5.33,False,P-aeruginosa__Carbapenems__East Midlands,lstm
2021-06-01,1.49,False,P-aeruginosa__Carbapenems__East Midlands,lstm
2021-07-01,1.3,False,P-aeruginosa__Carbapenems__East Midlands,lstm
2021-08-01,4.26,False,P-aeruginosa__Carbapenems__East Midlands,lstm
2021-09-01,5.1,False,P-aeruginosa__Carbapenems__East Midlands,lstm
2021-10-01,6.25,False,P-aeruginosa__Carbapenems__East Midlands,lstm
2021-11-01,3.41,False,P-aeruginosa__Carbapenems__East Midlands,lstm
2021-12-01,2.33,False,P-aeruginosa__Carbapenems__East Midlands,lstm
2022-01-01,3.95,False,P-aeruginosa__Carbapenems__East Midlands,lstm
2022-02-01,4.69,False,P-aeruginosa__Carbapenems__East Midlands,lstm
2022-03-01,3.64,False,P-aeruginosa__Carbapenems__East Midlands,lstm
2022-04-01,1.56,False,P-aeruginosa__Carbapenems__East Midlands,lstm
2022-05-01,6.02,False,P-aeruginosa__Carbapenems__East Midlands,lstm
2022-06-01,5.21,False,P-aeruginosa__Carbapenems__East Midlands,lstm
2022-07-01,6.32,False,P-aeruginosa__Carbapenems__East Midlands,lstm
2022-08-01,4.17,False,P-aeruginosa__Carbapenems__East Midlands,lstm
2022-09-01,4.04,False,P-aeruginosa__Carbapenems__East Midlands,lstm
2022-10-01,4.42,False,P-aeruginosa__Carbapenems__East Midlands,lstm
2022-11-01,4.46,False,P-aeruginosa__Carbapenems__East Midlands,lstm
2022-12-01,7.92,False,P-aeruginosa__Carbapenems__East Midlands,lstm
2023-01-01,10.0,False,P-aeruginosa__Carbapenems__East Midlands,lstm
2023-02-01,10.839999999999998,False,P-aeruginosa__Carbapenems__East Midlands,lstm
2023-03-01,12.2,False,P-aeruginosa__Carbapenems__East Midlands,lstm
2023-04-01,9.409999999999998,False,P-aeruginosa__Carbapenems__East Midlands,lstm
2023-05-01,11.250000000000002,False,P-aeruginosa__Carbapenems__East Midlands,lstm
2023-06-01,7.229999999999999,False,P-aeruginosa__Carbapenems__East Midlands,lstm
2023-07-01,6.17,False,P-aeruginosa__Carbapenems__East Midlands,lstm
2023-08-01,3.53,False,P-aeruginosa__Carbapenems__East Midlands,lstm
2023-09-01,2.86,False,P-aeruginosa__Carbapenems__East Midlands,lstm
2023-10-01,5.610000000000001,False,P-aeruginosa__Carbapenems__East Midlands,lstm
2023-11-01,6.12,False,P-aeruginosa__Carbapenems__East Midlands,lstm
2023-12-01,8.33,False,P-aeruginosa__Carbapenems__East Midlands,lstm
2024-01-01,4.35,False,P-aeruginosa__Carbapenems__East Midlands,lstm
2024-02-01,4.44,False,P-aeruginosa__Carbapenems__East Midlands,lstm
2024-03-01,4.12,False,P-aeruginosa__Carbapenems__East Midlands,lstm
2024-04-01,6.19,False,P-aeruginosa__Carbapenems__East Midlands,lstm
2024-05-01,8.89,False,P-aeruginosa__Carbapenems__East Midlands,lstm
2024-06-01,6.929999999999999,False,P-aeruginosa__Carbapenems__East Midlands,lstm
2024-07-01,6.19,False,P-aeruginosa__Carbapenems__East Midlands,lstm
2024-08-01,5.15,False,P-aeruginosa__Carbapenems__East Midlands,lstm
2024-09-01,6.8999999999999995,False,P-aeruginosa__Carbapenems__East Midlands,lstm
2024-10-01,6.52,False,P-aeruginosa__Carbapenems__East Midlands,lstm
2024-11-01,7.14,False,P-aeruginosa__Carbapenems__East Midlands,lstm
2024-12-01,7.6899999999999995,False,P-aeruginosa__Carbapenems__East Midlands,lstm
2025-01-01,6.759999999999999,False,P-aeruginosa__Carbapenems__East Midlands,lstm
2025-02-01,4.29,False,P-aeruginosa__Carbapenems__East Midlands,lstm
2025-03-01,3.2299999999999995,False,P-aeruginosa__Carbapenems__East Midlands,lstm
2025-04-01,4.88,False,P-aeruginosa__Carbapenems__East Midlands,lstm
2025-05-01,5.489999999999999,False,P-aeruginosa__Carbapenems__East Midlands,lstm
2025-06-01,6.449999999999999,False,P-aeruginosa__Carbapenems__East Midlands,lstm
2025-07-01,6.1009470297633595,True,P-aeruginosa__Carbapenems__East Midlands,lstm
2025-08-01,5.989078538173068,True,P-aeruginosa__Carbapenems__East Midlands,lstm
2025-09-01,5.8666837191090435,True,P-aeruginosa__Carbapenems__East Midlands,lstm
2025-10-01,5.826041292048726,True,P-aeruginosa__Carbapenems__East Midlands,lstm
2025-11-01,5.835615275675822,True,P-aeruginosa__Carbapenems__East Midlands,lstm
2025-12-01,5.900854846877833,True,P-aeruginosa__Carbapenems__East Midlands,lstm
2020-08-01,5.34,False,P-aeruginosa__Carbapenems__East of England,lstm
2020-09-01,4.29,False,P-aeruginosa__Carbapenems__East of England,lstm
2020-10-01,3.42,False,P-aeruginosa__Carbapenems__East of England,lstm
2020-11-01,1.8699999999999999,False,P-aeruginosa__Carbapenems__East of England,lstm
2020-12-01,4.4,False,P-aeruginosa__Carbapenems__East of England,lstm
2021-01-01,5.49,False,P-aeruginosa__Carbapenems__East of England,lstm
2021-02-01,5.62,False,P-aeruginosa__Carbapenems__East of England,lstm
2021-03-01,6.450000000000001,False,P-aeruginosa__Carbapenems__East of England,lstm
2021-04-01,7.84,False,P-aeruginosa__Carbapenems__East of England,lstm
2021-05-01,9.17,False,P-aeruginosa__Carbapenems__East of England,lstm
2021-06-01,6.84,False,P-aeruginosa__Carbapenems__East of England,lstm
2021-07-01,6.450000000000001,False,P-aeruginosa__Carbapenems__East of England,lstm
2021-08-01,7.38,False,P-aeruginosa__Carbapenems__East of England,lstm
2021-09-01,8.12,False,P-aeruginosa__Carbapenems__East of England,lstm
2021-10-01,6.79,False,P-aeruginosa__Carbapenems__East of England,lstm
2021-11-01,4.379999999999999,False,P-aeruginosa__Carbapenems__East of England,lstm
2021-12-01,6.11,False,P-aeruginosa__Carbapenems__East of England,lstm
2022-01-01,7.44,False,P-aeruginosa__Carbapenems__East of England,lstm
2022-02-01,9.4,False,P-aeruginosa__Carbapenems__East of England,lstm
2022-03-01,6.48,False,P-aeruginosa__Carbapenems__East of England,lstm
2022-04-01,5.56,False,P-aeruginosa__Carbapenems__East of England,lstm
2022-05-01,5.13,False,P-aeruginosa__Carbapenems__East of England,lstm
2022-06-01,7.889999999999999,False,P-aeruginosa__Carbapenems__East of England,lstm
2022-07-01,7.76,False,P-aeruginosa__Carbapenems__East of England,lstm
2022-08-01,6.67,False,P-aeruginosa__Carbapenems__East of England,lstm
2022-09-01,4.549999999999999,False,P-aeruginosa__Carbapenems__East of England,lstm
2022-10-01,4.379999999999999,False,P-aeruginosa__Carbapenems__East of England,lstm
2022-11-01,6.94,False,P-aeruginosa__Carbapenems__East of England,lstm
2022-12-01,8.33,False,P-aeruginosa__Carbapenems__East of England,lstm
2023-01-01,10.08,False,P-aeruginosa__Carbapenems__East of England,lstm
2023-02-01,10.57,False,P-aeruginosa__Carbapenems__East of England,lstm
2023-03-01,11.63,False,P-aeruginosa__Carbapenems__East of England,lstm
2023-04-01,9.23,False,P-aeruginosa__Carbapenems__East of England,lstm
2023-05-01,7.75,False,P-aeruginosa__Carbapenems__East of England,lstm
2023-06-01,5.26,False,P-aeruginosa__Carbapenems__East of England,lstm
2023-07-01,6.92,False,P-aeruginosa__Carbapenems__East of England,lstm
2023-08-01,4.76,False,P-aeruginosa__Carbapenems__East of England,lstm
2023-09-01,6.4,False,P-aeruginosa__Carbapenems__East of England,lstm
2023-10-01,6.25,False,P-aeruginosa__Carbapenems__East of England,lstm
2023-11-01,9.29,False,P-aeruginosa__Carbapenems__East of England,lstm
2023-12-01,7.46,False,P-aeruginosa__Carbapenems__East of England,lstm
2024-01-01,6.67,False,P-aeruginosa__Carbapenems__East of England,lstm
2024-02-01,3.9400000000000004,False,P-aeruginosa__Carbapenems__East of England,lstm
2024-03-01,5.97,False,P-aeruginosa__Carbapenems__East of England,lstm
2024-04-01,5.3,False,P-aeruginosa__Carbapenems__East of England,lstm
2024-05-01,6.56,False,P-aeruginosa__Carbapenems__East of England,lstm
2024-06-01,3.5099999999999993,False,P-aeruginosa__Carbapenems__East of England,lstm
2024-07-01,4.59,False,P-aeruginosa__Carbapenems__East of England,lstm
2024-08-01,3.42,False,P-aeruginosa__Carbapenems__East of England,lstm
2024-09-01,5.65,False,P-aeruginosa__Carbapenems__East of England,lstm
2024-10-01,7.69,False,P-aeruginosa__Carbapenems__East of England,lstm
2024-11-01,7.04,False,P-aeruginosa__Carbapenems__East of England,lstm
2024-12-01,7.329999999999999,False,P-aeruginosa__Carbapenems__East of England,lstm
2025-01-01,5.589999999999999,False,P-aeruginosa__Carbapenems__East of England,lstm
2025-02-01,6.92,False,P-aeruginosa__Carbapenems__East of England,lstm
2025-03-01,7.320000000000001,False,P-aeruginosa__Carbapenems__East of England,lstm
2025-04-01,6.8,False,P-aeruginosa__Carbapenems__East of England,lstm
2025-05-01,6.930000000000001,False,P-aeruginosa__Carbapenems__East of England,lstm
2025-06-01,4.26,False,P-aeruginosa__Carbapenems__East of England,lstm
2025-07-01,5.7531789277522565,True,P-aeruginosa__Carbapenems__East of England,lstm
2025-08-01,5.937645727239005,True,P-aeruginosa__Carbapenems__East of England,lstm
2025-09-01,6.20996097152396,True,P-aeruginosa__Carbapenems__East of England,lstm
2025-10-01,6.516741213619719,True,P-aeruginosa__Carbapenems__East of England,lstm
2025-11-01,6.825042210472576,True,P-aeruginosa__Carbapenems__East of England,lstm
2025-12-01,6.989642068960205,True,P-aeruginosa__Carbapenems__East of England,lstm
2020-08-01,14.289999999999997,False,P-aeruginosa__Carbapenems__London,lstm
2020-09-01,9.41,False,P-aeruginosa__Carbapenems__London,lstm
2020-10-01,7.98,False,P-aeruginosa__Carbapenems__London,lstm
2020-11-01,7.829999999999999,False,P-aeruginosa__Carbapenems__London,lstm
2020-12-01,10.84,False,P-aeruginosa__Carbapenems__London,lstm
2021-01-01,10.48,False,P-aeruginosa__Carbapenems__London,lstm
2021-02-01,14.630000000000003,False,P-aeruginosa__Carbapenems__London,lstm
2021-03-01,17.09,False,P-aeruginosa__Carbapenems__London,lstm
2021-04-01,20.65,False,P-aeruginosa__Carbapenems__London,lstm
2021-05-01,16.9,False,P-aeruginosa__Carbapenems__London,lstm
2021-06-01,15.169999999999998,False,P-aeruginosa__Carbapenems__London,lstm
2021-07-01,17.06,False,P-aeruginosa__Carbapenems__London,lstm
2021-08-01,18.36,False,P-aeruginosa__Carbapenems__London,lstm
2021-09-01,17.26,False,P-aeruginosa__Carbapenems__London,lstm
2021-10-01,13.88,False,P-aeruginosa__Carbapenems__London,lstm
2021-11-01,13.260000000000002,False,P-aeruginosa__Carbapenems__London,lstm
2021-12-01,11.76,False,P-aeruginosa__Carbapenems__London,lstm
2022-01-01,14.74,False,P-aeruginosa__Carbapenems__London,lstm
2022-02-01,12.95,False,P-aeruginosa__Carbapenems__London,lstm
2022-03-01,16.44,False,P-aeruginosa__Carbapenems__London,lstm
2022-04-01,14.48,False,P-aeruginosa__Carbapenems__London,lstm
2022-05-01,14.37,False,P-aeruginosa__Carbapenems__London,lstm
2022-06-01,12.03,False,P-aeruginosa__Carbapenems__London,lstm
2022-07-01,14.12,False,P-aeruginosa__Carbapenems__London,lstm
2022-08-01,13.33,False,P-aeruginosa__Carbapenems__London,lstm
2022-09-01,12.82,False,P-aeruginosa__Carbapenems__London,lstm
2022-10-01,12.25,False,P-aeruginosa__Carbapenems__London,lstm
2022-11-01,13.11,False,P-aeruginosa__Carbapenems__London,lstm
2022-12-01,13.57,False,P-aeruginosa__Carbapenems__London,lstm
2023-01-01,14.84,False,P-aeruginosa__Carbapenems__London,lstm
2023-02-01,14.200000000000001,False,P-aeruginosa__Carbapenems__London,lstm
2023-03-01,16.78,False,P-aeruginosa__Carbapenems__London,lstm
2023-04-01,14.380000000000003,False,P-aeruginosa__Carbapenems__London,lstm
2023-05-01,12.42,False,P-aeruginosa__Carbapenems__London,lstm
2023-06-01,10.3,False,P-aeruginosa__Carbapenems__London,lstm
2023-07-01,12.58,False,P-aeruginosa__Carbapenems__London,lstm
2023-08-01,13.020000000000001,False,P-aeruginosa__Carbapenems__London,lstm
2023-09-01,12.07,False,P-aeruginosa__Carbapenems__London,lstm
2023-10-01,8.43,False,P-aeruginosa__Carbapenems__London,lstm
2023-11-01,8.78,False,P-aeruginosa__Carbapenems__London,lstm
2023-12-01,10.0,False,P-aeruginosa__Carbapenems__London,lstm
2024-01-01,12.0,False,P-aeruginosa__Carbapenems__London,lstm
2024-02-01,11.28,False,P-aeruginosa__Carbapenems__London,lstm
2024-03-01,9.17,False,P-aeruginosa__Carbapenems__London,lstm
2024-04-01,10.66,False,P-aeruginosa__Carbapenems__London,lstm
2024-05-01,9.6,False,P-aeruginosa__Carbapenems__London,lstm
2024-06-01,10.61,False,P-aeruginosa__Carbapenems__London,lstm
2024-07-01,9.15,False,P-aeruginosa__Carbapenems__London,lstm
2024-08-01,11.28,False,P-aeruginosa__Carbapenems__London,lstm
2024-09-01,13.33,False,P-aeruginosa__Carbapenems__London,lstm
2024-10-01,14.650000000000002,False,P-aeruginosa__Carbapenems__London,lstm
2024-11-01,12.42,False,P-aeruginosa__Carbapenems__London,lstm
2024-12-01,13.38,False,P-aeruginosa__Carbapenems__London,lstm
2025-01-01,11.86,False,P-aeruginosa__Carbapenems__London,lstm
2025-02-01,14.55,False,P-aeruginosa__Carbapenems__London,lstm
2025-03-01,10.19,False,P-aeruginosa__Carbapenems__London,lstm
2025-04-01,9.73,False,P-aeruginosa__Carbapenems__London,lstm
2025-05-01,8.55,False,P-aeruginosa__Carbapenems__London,lstm
2025-06-01,9.32,False,P-aeruginosa__Carbapenems__London,lstm
2025-07-01,11.125036657835349,True,P-aeruginosa__Carbapenems__London,lstm
2025-08-01,11.341696326194928,True,P-aeruginosa__Carbapenems__London,lstm
2025-09-01,11.4405613964638,True,P-aeruginosa__Carbapenems__London,lstm
2025-10-01,11.552677287271173,True,P-aeruginosa__Carbapenems__London,lstm
2025-11-01,11.623371060179508,True,P-aeruginosa__Carbapenems__London,lstm
2025-12-01,11.688754144338258,True,P-aeruginosa__Carbapenems__London,lstm
2020-08-01,8.82,False,P-aeruginosa__Carbapenems__North East,lstm
2020-09-01,4.65,False,P-aeruginosa__Carbapenems__North East,lstm
2020-10-01,1.89,False,P-aeruginosa__Carbapenems__North East,lstm
2020-11-01,3.77,False,P-aeruginosa__Carbapenems__North East,lstm
2020-12-01,5.0,False,P-aeruginosa__Carbapenems__North East,lstm
2021-01-01,6.06,False,P-aeruginosa__Carbapenems__North East,lstm
2021-02-01,6.67,False,P-aeruginosa__Carbapenems__North East,lstm
2021-03-01,10.0,False,P-aeruginosa__Carbapenems__North East,lstm
2021-04-01,18.18,False,P-aeruginosa__Carbapenems__North East,lstm
2021-05-01,20.0,False,P-aeruginosa__Carbapenems__North East,lstm
2021-06-01,12.5,False,P-aeruginosa__Carbapenems__North East,lstm
2021-07-01,7.690000000000001,False,P-aeruginosa__Carbapenems__North East,lstm
2021-08-01,3.92,False,P-aeruginosa__Carbapenems__North East,lstm
2021-09-01,2.27,False,P-aeruginosa__Carbapenems__North East,lstm
2021-10-01,5.26,False,P-aeruginosa__Carbapenems__North East,lstm
2021-11-01,6.98,False,P-aeruginosa__Carbapenems__North East,lstm
2021-12-01,7.690000000000001,False,P-aeruginosa__Carbapenems__North East,lstm
2022-01-01,7.32,False,P-aeruginosa__Carbapenems__North East,lstm
2022-02-01,7.5,False,P-aeruginosa__Carbapenems__North East,lstm
2022-03-01,9.52,False,P-aeruginosa__Carbapenems__North East,lstm
2022-04-01,9.38,False,P-aeruginosa__Carbapenems__North East,lstm
2022-05-01,6.06,False,P-aeruginosa__Carbapenems__North East,lstm
2022-06-01,6.45,False,P-aeruginosa__Carbapenems__North East,lstm
2022-07-01,5.13,False,P-aeruginosa__Carbapenems__North East,lstm
2022-08-01,5.13,False,P-aeruginosa__Carbapenems__North East,lstm
2022-09-01,4.08,False,P-aeruginosa__Carbapenems__North East,lstm
2022-10-01,6.67,False,P-aeruginosa__Carbapenems__North East,lstm
2022-11-01,9.76,False,P-aeruginosa__Carbapenems__North East,lstm
2022-12-01,16.13,False,P-aeruginosa__Carbapenems__North East,lstm
2023-01-01,10.0,False,P-aeruginosa__Carbapenems__North East,lstm
2023-02-01,8.57,False,P-aeruginosa__Carbapenems__North East,lstm
2023-03-01,4.88,False,P-aeruginosa__Carbapenems__North East,lstm
2023-04-01,7.14,False,P-aeruginosa__Carbapenems__North East,lstm
2023-05-01,4.65,False,P-aeruginosa__Carbapenems__North East,lstm
2023-06-01,2.22,False,P-aeruginosa__Carbapenems__North East,lstm
2023-07-01,0.0,False,P-aeruginosa__Carbapenems__North East,lstm
2023-08-01,3.7,False,P-aeruginosa__Carbapenems__North East,lstm
2023-09-01,4.08,False,P-aeruginosa__Carbapenems__North East,lstm
2023-10-01,8.33,False,P-aeruginosa__Carbapenems__North East,lstm
2023-11-01,7.14,False,P-aeruginosa__Carbapenems__North East,lstm
2023-12-01,10.53,False,P-aeruginosa__Carbapenems__North East,lstm
2024-01-01,5.41,False,P-aeruginosa__Carbapenems__North East,lstm
2024-02-01,8.33,False,P-aeruginosa__Carbapenems__North East,lstm
2024-03-01,5.71,False,P-aeruginosa__Carbapenems__North East,lstm
2024-04-01,10.26,False,P-aeruginosa__Carbapenems__North East,lstm
2024-05-01,5.41,False,P-aeruginosa__Carbapenems__North East,lstm
2024-06-01,6.98,False,P-aeruginosa__Carbapenems__North East,lstm
2024-07-01,5.0,False,P-aeruginosa__Carbapenems__North East,lstm
2024-08-01,4.76,False,P-aeruginosa__Carbapenems__North East,lstm
2024-09-01,6.82,False,P-aeruginosa__Carbapenems__North East,lstm
2024-10-01,4.17,False,P-aeruginosa__Carbapenems__North East,lstm
2024-11-01,5.879999999999999,False,P-aeruginosa__Carbapenems__North East,lstm
2024-12-01,2.04,False,P-aeruginosa__Carbapenems__North East,lstm
2025-01-01,5.0,False,P-aeruginosa__Carbapenems__North East,lstm
2025-02-01,3.1200000000000006,False,P-aeruginosa__Carbapenems__North East,lstm
2025-03-01,10.34,False,P-aeruginosa__Carbapenems__North East,lstm
2025-04-01,6.06,False,P-aeruginosa__Carbapenems__North East,lstm
2025-05-01,6.98,False,P-aeruginosa__Carbapenems__North East,lstm
2025-06-01,3.85,False,P-aeruginosa__Carbapenems__North East,lstm
2025-07-01,4.4728044316077415,True,P-aeruginosa__Carbapenems__North East,lstm
2025-08-01,4.714780558564282,True,P-aeruginosa__Carbapenems__North East,lstm
2025-09-01,5.259248448631328,True,P-aeruginosa__Carbapenems__North East,lstm
2025-10-01,5.973548668145479,True,P-aeruginosa__Carbapenems__North East,lstm
2025-11-01,6.742100699356541,True,P-aeruginosa__Carbapenems__North East,lstm
2025-12-01,7.371550568262554,True,P-aeruginosa__Carbapenems__North East,lstm
2020-08-01,10.34,False,P-aeruginosa__Carbapenems__North West,lstm
2020-09-01,11.38,False,P-aeruginosa__Carbapenems__North West,lstm
2020-10-01,11.5,False,P-aeruginosa__Carbapenems__North West,lstm
2020-11-01,11.339999999999998,False,P-aeruginosa__Carbapenems__North West,lstm
2020-12-01,7.139999999999999,False,P-aeruginosa__Carbapenems__North West,lstm
2021-01-01,4.9,False,P-aeruginosa__Carbapenems__North West,lstm
2021-02-01,4.3,False,P-aeruginosa__Carbapenems__North West,lstm
2021-03-01,7.0,False,P-aeruginosa__Carbapenems__North West,lstm
2021-04-01,7.690000000000002,False,P-aeruginosa__Carbapenems__North West,lstm
2021-05-01,6.67,False,P-aeruginosa__Carbapenems__North West,lstm
2021-06-01,4.35,False,P-aeruginosa__Carbapenems__North West,lstm
2021-07-01,2.41,False,P-aeruginosa__Carbapenems__North West,lstm
2021-08-01,1.9599999999999997,False,P-aeruginosa__Carbapenems__North West,lstm
2021-09-01,3.45,False,P-aeruginosa__Carbapenems__North West,lstm
2021-10-01,9.17,False,P-aeruginosa__Carbapenems__North West,lstm
2021-11-01,10.480000000000002,False,P-aeruginosa__Carbapenems__North West,lstm
2021-12-01,8.82,False,P-aeruginosa__Carbapenems__North West,lstm
2022-01-01,4.88,False,P-aeruginosa__Carbapenems__North West,lstm
2022-02-01,5.0,False,P-aeruginosa__Carbapenems__North West,lstm
2022-03-01,5.81,False,P-aeruginosa__Carbapenems__North West,lstm
2022-04-01,7.22,False,P-aeruginosa__Carbapenems__North West,lstm
2022-05-01,6.67,False,P-aeruginosa__Carbapenems__North West,lstm
2022-06-01,8.74,False,P-aeruginosa__Carbapenems__North West,lstm
2022-07-01,6.8,False,P-aeruginosa__Carbapenems__North West,lstm
2022-08-01,6.73,False,P-aeruginosa__Carbapenems__North West,lstm
2022-09-01,5.41,False,P-aeruginosa__Carbapenems__North West,lstm
2022-10-01,5.83,False,P-aeruginosa__Carbapenems__North West,lstm
2022-11-01,7.27,False,P-aeruginosa__Carbapenems__North West,lstm
2022-12-01,5.26,False,P-aeruginosa__Carbapenems__North West,lstm
2023-01-01,2.33,False,P-aeruginosa__Carbapenems__North West,lstm
2023-02-01,3.1899999999999995,False,P-aeruginosa__Carbapenems__North West,lstm
2023-03-01,5.36,False,P-aeruginosa__Carbapenems__North West,lstm
2023-04-01,8.7,False,P-aeruginosa__Carbapenems__North West,lstm
2023-05-01,10.0,False,P-aeruginosa__Carbapenems__North West,lstm
2023-06-01,9.62,False,P-aeruginosa__Carbapenems__North West,lstm
2023-07-01,6.78,False,P-aeruginosa__Carbapenems__North West,lstm
2023-08-01,5.34,False,P-aeruginosa__Carbapenems__North West,lstm
2023-09-01,4.92,False,P-aeruginosa__Carbapenems__North West,lstm
2023-10-01,7.690000000000002,False,P-aeruginosa__Carbapenems__North West,lstm
2023-11-01,7.960000000000001,False,P-aeruginosa__Carbapenems__North West,lstm
2023-12-01,10.69,False,P-aeruginosa__Carbapenems__North West,lstm
2024-01-01,10.08,False,P-aeruginosa__Carbapenems__North West,lstm
2024-02-01,11.5,False,P-aeruginosa__Carbapenems__North West,lstm
2024-03-01,11.11,False,P-aeruginosa__Carbapenems__North West,lstm
2024-04-01,12.9,False,P-aeruginosa__Carbapenems__North West,lstm
2024-05-01,10.71,False,P-aeruginosa__Carbapenems__North West,lstm
2024-06-01,6.59,False,P-aeruginosa__Carbapenems__North West,lstm
2024-07-01,3.49,False,P-aeruginosa__Carbapenems__North West,lstm
2024-08-01,5.41,False,P-aeruginosa__Carbapenems__North West,lstm
2024-09-01,10.57,False,P-aeruginosa__Carbapenems__North West,lstm
2024-10-01,9.56,False,P-aeruginosa__Carbapenems__North West,lstm
2024-11-01,9.240000000000002,False,P-aeruginosa__Carbapenems__North West,lstm
2024-12-01,5.659999999999999,False,P-aeruginosa__Carbapenems__North West,lstm
2025-01-01,5.21,False,P-aeruginosa__Carbapenems__North West,lstm
2025-02-01,5.56,False,P-aeruginosa__Carbapenems__North West,lstm
2025-03-01,7.22,False,P-aeruginosa__Carbapenems__North West,lstm
2025-04-01,8.49,False,P-aeruginosa__Carbapenems__North West,lstm
2025-05-01,10.43,False,P-aeruginosa__Carbapenems__North West,lstm
2025-06-01,9.6,False,P-aeruginosa__Carbapenems__North West,lstm
2025-07-01,7.612744147022858,True,P-aeruginosa__Carbapenems__North West,lstm
2025-08-01,7.5334094837094305,True,P-aeruginosa__Carbapenems__North West,lstm
2025-09-01,7.4647648853198,True,P-aeruginosa__Carbapenems__North West,lstm
2025-10-01,7.412580958548105,True,P-aeruginosa__Carbapenems__North West,lstm
2025-11-01,7.418778319061559,True,P-aeruginosa__Carbapenems__North West,lstm
2025-12-01,7.389043842310389,True,P-aeruginosa__Carbapenems__North West,lstm
2020-08-01,7.05,False,P-aeruginosa__Carbapenems__South East,lstm
2020-09-01,6.25,False,P-aeruginosa__Carbapenems__South East,lstm
2020-10-01,4.58,False,P-aeruginosa__Carbapenems__South East,lstm
2020-11-01,5.42,False,P-aeruginosa__Carbapenems__South East,lstm
2020-12-01,3.47,False,P-aeruginosa__Carbapenems__South East,lstm
2021-01-01,2.82,False,P-aeruginosa__Carbapenems__South East,lstm
2021-02-01,4.19,False,P-aeruginosa__Carbapenems__South East,lstm
2021-03-01,5.84,False,P-aeruginosa__Carbapenems__South East,lstm
2021-04-01,7.95,False,P-aeruginosa__Carbapenems__South East,lstm
2021-05-01,6.579999999999999,False,P-aeruginosa__Carbapenems__South East,lstm
2021-06-01,6.9799999999999995,False,P-aeruginosa__Carbapenems__South East,lstm
2021-07-01,7.95,False,P-aeruginosa__Carbapenems__South East,lstm
2021-08-01,6.55,False,P-aeruginosa__Carbapenems__South East,lstm
2021-09-01,5.92,False,P-aeruginosa__Carbapenems__South East,lstm
2021-10-01,5.41,False,P-aeruginosa__Carbapenems__South East,lstm
2021-11-01,8.07,False,P-aeruginosa__Carbapenems__South East,lstm
2021-12-01,7.639999999999999,False,P-aeruginosa__Carbapenems__South East,lstm
2022-01-01,7.2299999999999995,False,P-aeruginosa__Carbapenems__South East,lstm
2022-02-01,4.73,False,P-aeruginosa__Carbapenems__South East,lstm
2022-03-01,3.38,False,P-aeruginosa__Carbapenems__South East,lstm
2022-04-01,3.65,False,P-aeruginosa__Carbapenems__South East,lstm
2022-05-01,5.11,False,P-aeruginosa__Carbapenems__South East,lstm
2022-06-01,5.56,False,P-aeruginosa__Carbapenems__South East,lstm
2022-07-01,6.959999999999999,False,P-aeruginosa__Carbapenems__South East,lstm
2022-08-01,5.06,False,P-aeruginosa__Carbapenems__South East,lstm
2022-09-01,5.85,False,P-aeruginosa__Carbapenems__South East,lstm
2022-10-01,3.21,False,P-aeruginosa__Carbapenems__South East,lstm
2022-11-01,3.66,False,P-aeruginosa__Carbapenems__South East,lstm
2022-12-01,4.37,False,P-aeruginosa__Carbapenems__South East,lstm
2023-01-01,5.32,False,P-aeruginosa__Carbapenems__South East,lstm
2023-02-01,7.409999999999999,False,P-aeruginosa__Carbapenems__South East,lstm
2023-03-01,8.23,False,P-aeruginosa__Carbapenems__South East,lstm
2023-04-01,9.29,False,P-aeruginosa__Carbapenems__South East,lstm
2023-05-01,7.139999999999999,False,P-aeruginosa__Carbapenems__South East,lstm
2023-06-01,7.38,False,P-aeruginosa__Carbapenems__South East,lstm
2023-07-01,7.2299999999999995,False,P-aeruginosa__Carbapenems__South East,lstm
2023-08-01,7.059999999999999,False,P-aeruginosa__Carbapenems__South East,lstm
2023-09-01,5.49,False,P-aeruginosa__Carbapenems__South East,lstm
2023-10-01,4.65,False,P-aeruginosa__Carbapenems__South East,lstm
2023-11-01,4.79,False,P-aeruginosa__Carbapenems__South East,lstm
2023-12-01,5.949999999999999,False,P-aeruginosa__Carbapenems__South East,lstm
2024-01-01,5.03,False,P-aeruginosa__Carbapenems__South East,lstm
2024-02-01,4.32,False,P-aeruginosa__Carbapenems__South East,lstm
2024-03-01,2.05,False,P-aeruginosa__Carbapenems__South East,lstm
2024-04-01,4.49,False,P-aeruginosa__Carbapenems__South East,lstm
2024-05-01,6.37,False,P-aeruginosa__Carbapenems__South East,lstm
2024-06-01,6.36,False,P-aeruginosa__Carbapenems__South East,lstm
2024-07-01,5.32,False,P-aeruginosa__Carbapenems__South East,lstm
2024-08-01,5.42,False,P-aeruginosa__Carbapenems__South East,lstm
2024-09-01,7.35,False,P-aeruginosa__Carbapenems__South East,lstm
2024-10-01,6.1499999999999995,False,P-aeruginosa__Carbapenems__South East,lstm
2024-11-01,5.43,False,P-aeruginosa__Carbapenems__South East,lstm
2024-12-01,3.53,False,P-aeruginosa__Carbapenems__South East,lstm
2025-01-01,5.11,False,P-aeruginosa__Carbapenems__South East,lstm
2025-02-01,4.32,False,P-aeruginosa__Carbapenems__South East,lstm
2025-03-01,3.12,False,P-aeruginosa__Carbapenems__South East,lstm
2025-04-01,2.0,False,P-aeruginosa__Carbapenems__South East,lstm
2025-05-01,1.86,False,P-aeruginosa__Carbapenems__South East,lstm
2025-06-01,4.4,False,P-aeruginosa__Carbapenems__South East,lstm
2025-07-01,5.792398342430596,True,P-aeruginosa__Carbapenems__South East,lstm
2025-08-01,5.8550098230885315,True,P-aeruginosa__Carbapenems__South East,lstm
2025-09-01,5.7579200525893395,True,P-aeruginosa__Carbapenems__South East,lstm
2025-10-01,5.532929464605249,True,P-aeruginosa__Carbapenems__South East,lstm
2025-11-01,5.256443397265,True,P-aeruginosa__Carbapenems__South East,lstm
2025-12-01,5.051451316666749,True,P-aeruginosa__Carbapenems__South East,lstm
2020-08-01,2.67,False,P-aeruginosa__Carbapenems__South West,lstm
2020-09-01,7.06,False,P-aeruginosa__Carbapenems__South West,lstm
2020-10-01,10.26,False,P-aeruginosa__Carbapenems__South West,lstm
2020-11-01,10.96,False,P-aeruginosa__Carbapenems__South West,lstm
2020-12-01,8.11,False,P-aeruginosa__Carbapenems__South West,lstm
2021-01-01,5.0,False,P-aeruginosa__Carbapenems__South West,lstm
2021-02-01,5.06,False,P-aeruginosa__Carbapenems__South West,lstm
2021-03-01,5.71,False,P-aeruginosa__Carbapenems__South West,lstm
2021-04-01,6.45,False,P-aeruginosa__Carbapenems__South West,lstm
2021-05-01,5.48,False,P-aeruginosa__Carbapenems__South West,lstm
2021-06-01,6.849999999999999,False,P-aeruginosa__Carbapenems__South West,lstm
2021-07-01,5.75,False,P-aeruginosa__Carbapenems__South West,lstm
2021-08-01,6.52,False,P-aeruginosa__Carbapenems__South West,lstm
2021-09-01,9.57,False,P-aeruginosa__Carbapenems__South West,lstm
2021-10-01,11.7,False,P-aeruginosa__Carbapenems__South West,lstm
2021-11-01,13.79,False,P-aeruginosa__Carbapenems__South West,lstm
2021-12-01,8.43,False,P-aeruginosa__Carbapenems__South West,lstm
2022-01-01,14.860000000000001,False,P-aeruginosa__Carbapenems__South West,lstm
2022-02-01,13.24,False,P-aeruginosa__Carbapenems__South West,lstm
2022-03-01,13.699999999999998,False,P-aeruginosa__Carbapenems__South West,lstm
2022-04-01,7.69,False,P-aeruginosa__Carbapenems__South West,lstm
2022-05-01,6.06,False,P-aeruginosa__Carbapenems__South West,lstm
2022-06-01,4.69,False,P-aeruginosa__Carbapenems__South West,lstm
2022-07-01,4.05,False,P-aeruginosa__Carbapenems__South West,lstm
2022-08-01,6.1,False,P-aeruginosa__Carbapenems__South West,lstm
2022-09-01,8.24,False,P-aeruginosa__Carbapenems__South West,lstm
2022-10-01,9.78,False,P-aeruginosa__Carbapenems__South West,lstm
2022-11-01,11.49,False,P-aeruginosa__Carbapenems__South West,lstm
2022-12-01,9.2,False,P-aeruginosa__Carbapenems__South West,lstm
2023-01-01,7.69,False,P-aeruginosa__Carbapenems__South West,lstm
2023-02-01,4.11,False,P-aeruginosa__Carbapenems__South West,lstm
2023-03-01,4.35,False,P-aeruginosa__Carbapenems__South West,lstm
2023-04-01,2.86,False,P-aeruginosa__Carbapenems__South West,lstm
2023-05-01,8.43,False,P-aeruginosa__Carbapenems__South West,lstm
2023-06-01,6.82,False,P-aeruginosa__Carbapenems__South West,lstm
2023-07-01,8.33,False,P-aeruginosa__Carbapenems__South West,lstm
2023-08-01,4.49,False,P-aeruginosa__Carbapenems__South West,lstm
2023-09-01,8.14,False,P-aeruginosa__Carbapenems__South West,lstm
2023-10-01,8.43,False,P-aeruginosa__Carbapenems__South West,lstm
2023-11-01,13.410000000000002,False,P-aeruginosa__Carbapenems__South West,lstm
2023-12-01,14.099999999999998,False,P-aeruginosa__Carbapenems__South West,lstm
2024-01-01,13.699999999999998,False,P-aeruginosa__Carbapenems__South West,lstm
2024-02-01,10.61,False,P-aeruginosa__Carbapenems__South West,lstm
2024-03-01,7.14,False,P-aeruginosa__Carbapenems__South West,lstm
2024-04-01,10.81,False,P-aeruginosa__Carbapenems__South West,lstm
2024-05-01,8.86,False,P-aeruginosa__Carbapenems__South West,lstm
2024-06-01,11.84,False,P-aeruginosa__Carbapenems__South West,lstm
2024-07-01,5.8,False,P-aeruginosa__Carbapenems__South West,lstm
2024-08-01,8.86,False,P-aeruginosa__Carbapenems__South West,lstm
2024-09-01,11.11,False,P-aeruginosa__Carbapenems__South West,lstm
2024-10-01,14.43,False,P-aeruginosa__Carbapenems__South West,lstm
2024-11-01,13.099999999999998,False,P-aeruginosa__Carbapenems__South West,lstm
2024-12-01,9.59,False,P-aeruginosa__Carbapenems__South West,lstm
2025-01-01,5.56,False,P-aeruginosa__Carbapenems__South West,lstm
2025-02-01,8.96,False,P-aeruginosa__Carbapenems__South West,lstm
2025-03-01,6.25,False,P-aeruginosa__Carbapenems__South West,lstm
2025-04-01,5.26,False,P-aeruginosa__Carbapenems__South West,lstm
2025-05-01,5.68,False,P-aeruginosa__Carbapenems__South West,lstm
2025-06-01,7.61,False,P-aeruginosa__Carbapenems__South West,lstm
2025-07-01,8.027891011189094,True,P-aeruginosa__Carbapenems__South West,lstm
2025-08-01,8.862185905097993,True,P-aeruginosa__Carbapenems__South West,lstm
2025-09-01,9.69263925984217,True,P-aeruginosa__Carbapenems__South West,lstm
2025-10-01,10.377783387904788,True,P-aeruginosa__Carbapenems__South West,lstm
2025-11-01,10.743386545354907,True,P-aeruginosa__Carbapenems__South West,lstm
2025-12-01,10.68281953830093,True,P-aeruginosa__Carbapenems__South West,lstm
2020-08-01,10.42,False,P-aeruginosa__Carbapenems__West Midlands,lstm
2020-09-01,8.57,False,P-aeruginosa__Carbapenems__West Midlands,lstm
2020-10-01,11.11,False,P-aeruginosa__Carbapenems__West Midlands,lstm
2020-11-01,11.43,False,P-aeruginosa__Carbapenems__West Midlands,lstm
2020-12-01,8.7,False,P-aeruginosa__Carbapenems__West Midlands,lstm
2021-01-01,6.09,False,P-aeruginosa__Carbapenems__West Midlands,lstm
2021-02-01,7.96,False,P-aeruginosa__Carbapenems__West Midlands,lstm
2021-03-01,11.43,False,P-aeruginosa__Carbapenems__West Midlands,lstm
2021-04-01,12.0,False,P-aeruginosa__Carbapenems__West Midlands,lstm
2021-05-01,13.0,False,P-aeruginosa__Carbapenems__West Midlands,lstm
2021-06-01,8.41,False,P-aeruginosa__Carbapenems__West Midlands,lstm
2021-07-01,11.11,False,P-aeruginosa__Carbapenems__West Midlands,lstm
2021-08-01,8.21,False,P-aeruginosa__Carbapenems__West Midlands,lstm
2021-09-01,9.86,False,P-aeruginosa__Carbapenems__West Midlands,lstm
2021-10-01,9.35,False,P-aeruginosa__Carbapenems__West Midlands,lstm
2021-11-01,9.02,False,P-aeruginosa__Carbapenems__West Midlands,lstm
2021-12-01,9.57,False,P-aeruginosa__Carbapenems__West Midlands,lstm
2022-01-01,9.09,False,P-aeruginosa__Carbapenems__West Midlands,lstm
2022-02-01,11.71,False,P-aeruginosa__Carbapenems__West Midlands,lstm
2022-03-01,11.88,False,P-aeruginosa__Carbapenems__West Midlands,lstm
2022-04-01,13.08,False,P-aeruginosa__Carbapenems__West Midlands,lstm
2022-05-01,15.05,False,P-aeruginosa__Carbapenems__West Midlands,lstm
2022-06-01,13.68,False,P-aeruginosa__Carbapenems__West Midlands,lstm
2022-07-01,9.41,False,P-aeruginosa__Carbapenems__West Midlands,lstm
2022-08-01,6.67,False,P-aeruginosa__Carbapenems__West Midlands,lstm
2022-09-01,5.9799999999999995,False,P-aeruginosa__Carbapenems__West Midlands,lstm
2022-10-01,4.76,False,P-aeruginosa__Carbapenems__West Midlands,lstm
2022-11-01,4.84,False,P-aeruginosa__Carbapenems__West Midlands,lstm
2022-12-01,6.31,False,P-aeruginosa__Carbapenems__West Midlands,lstm
2023-01-01,10.09,False,P-aeruginosa__Carbapenems__West Midlands,lstm
2023-02-01,11.46,False,P-aeruginosa__Carbapenems__West Midlands,lstm
2023-03-01,10.42,False,P-aeruginosa__Carbapenems__West Midlands,lstm
2023-04-01,14.94,False,P-aeruginosa__Carbapenems__West Midlands,lstm
2023-05-01,12.22,False,P-aeruginosa__Carbapenems__West Midlands,lstm
2023-06-01,14.68,False,P-aeruginosa__Carbapenems__West Midlands,lstm
2023-07-01,10.09,False,P-aeruginosa__Carbapenems__West Midlands,lstm
2023-08-01,9.02,False,P-aeruginosa__Carbapenems__West Midlands,lstm
2023-09-01,3.67,False,P-aeruginosa__Carbapenems__West Midlands,lstm
2023-10-01,2.78,False,P-aeruginosa__Carbapenems__West Midlands,lstm
2023-11-01,3.74,False,P-aeruginosa__Carbapenems__West Midlands,lstm
2023-12-01,4.0,False,P-aeruginosa__Carbapenems__West Midlands,lstm
2024-01-01,4.63,False,P-aeruginosa__Carbapenems__West Midlands,lstm
2024-02-01,5.56,False,P-aeruginosa__Carbapenems__West Midlands,lstm
2024-03-01,6.380000000000001,False,P-aeruginosa__Carbapenems__West Midlands,lstm
2024-04-01,6.380000000000001,False,P-aeruginosa__Carbapenems__West Midlands,lstm
2024-05-01,6.67,False,P-aeruginosa__Carbapenems__West Midlands,lstm
2024-06-01,7.69,False,P-aeruginosa__Carbapenems__West Midlands,lstm
2024-07-01,7.259999999999999,False,P-aeruginosa__Carbapenems__West Midlands,lstm
2024-08-01,6.769999999999999,False,P-aeruginosa__Carbapenems__West Midlands,lstm
2024-09-01,4.72,False,P-aeruginosa__Carbapenems__West Midlands,lstm
2024-10-01,7.580000000000001,False,P-aeruginosa__Carbapenems__West Midlands,lstm
2024-11-01,7.14,False,P-aeruginosa__Carbapenems__West Midlands,lstm
2024-12-01,8.0,False,P-aeruginosa__Carbapenems__West Midlands,lstm
2025-01-01,5.04,False,P-aeruginosa__Carbapenems__West Midlands,lstm
2025-02-01,8.04,False,P-aeruginosa__Carbapenems__West Midlands,lstm
2025-03-01,11.65,False,P-aeruginosa__Carbapenems__West Midlands,lstm
2025-04-01,14.609999999999998,False,P-aeruginosa__Carbapenems__West Midlands,lstm
2025-05-01,12.36,False,P-aeruginosa__Carbapenems__West Midlands,lstm
2025-06-01,9.89,False,P-aeruginosa__Carbapenems__West Midlands,lstm
2025-07-01,6.8105175714785995,True,P-aeruginosa__Carbapenems__West Midlands,lstm
2025-08-01,5.826571593126303,True,P-aeruginosa__Carbapenems__West Midlands,lstm
2025-09-01,4.9119066495776345,True,P-aeruginosa__Carbapenems__West Midlands,lstm
2025-10-01,4.409803465084659,True,P-aeruginosa__Carbapenems__West Midlands,lstm
2025-11-01,4.535680489059812,True,P-aeruginosa__Carbapenems__West Midlands,lstm
2025-12-01,5.260726007321701,True,P-aeruginosa__Carbapenems__West Midlands,lstm
2020-08-01,7.59,False,P-aeruginosa__Carbapenems__Yorkshire and Humber,lstm
2020-09-01,4.3,False,P-aeruginosa__Carbapenems__Yorkshire and Humber,lstm
2020-10-01,8.54,False,P-aeruginosa__Carbapenems__Yorkshire and Humber,lstm
2020-11-01,6.76,False,P-aeruginosa__Carbapenems__Yorkshire and Humber,lstm
2020-12-01,6.94,False,P-aeruginosa__Carbapenems__Yorkshire and Humber,lstm
2021-01-01,4.23,False,P-aeruginosa__Carbapenems__Yorkshire and Humber,lstm
2021-02-01,8.970000000000002,False,P-aeruginosa__Carbapenems__Yorkshire and Humber,lstm
2021-03-01,10.0,False,P-aeruginosa__Carbapenems__Yorkshire and Humber,lstm
2021-04-01,8.24,False,P-aeruginosa__Carbapenems__Yorkshire and Humber,lstm
2021-05-01,5.56,False,P-aeruginosa__Carbapenems__Yorkshire and Humber,lstm
2021-06-01,3.41,False,P-aeruginosa__Carbapenems__Yorkshire and Humber,lstm
2021-07-01,6.45,False,P-aeruginosa__Carbapenems__Yorkshire and Humber,lstm
2021-08-01,6.249999999999999,False,P-aeruginosa__Carbapenems__Yorkshire and Humber,lstm
2021-09-01,6.12,False,P-aeruginosa__Carbapenems__Yorkshire and Humber,lstm
2021-10-01,6.31,False,P-aeruginosa__Carbapenems__Yorkshire and Humber,lstm
2021-11-01,6.6,False,P-aeruginosa__Carbapenems__Yorkshire and Humber,lstm
2021-12-01,10.58,False,P-aeruginosa__Carbapenems__Yorkshire and Humber,lstm
2022-01-01,8.54,False,P-aeruginosa__Carbapenems__Yorkshire and Humber,lstm
2022-02-01,9.210000000000003,False,P-aeruginosa__Carbapenems__Yorkshire and Humber,lstm
2022-03-01,6.58,False,P-aeruginosa__Carbapenems__Yorkshire and Humber,lstm
2022-04-01,7.35,False,P-aeruginosa__Carbapenems__Yorkshire and Humber,lstm
2022-05-01,6.41,False,P-aeruginosa__Carbapenems__Yorkshire and Humber,lstm
2022-06-01,4.11,False,P-aeruginosa__Carbapenems__Yorkshire and Humber,lstm
2022-07-01,7.14,False,P-aeruginosa__Carbapenems__Yorkshire and Humber,lstm
2022-08-01,7.61,False,P-aeruginosa__Carbapenems__Yorkshire and Humber,lstm
2022-09-01,7.69,False,P-aeruginosa__Carbapenems__Yorkshire and Humber,lstm
2022-10-01,5.45,False,P-aeruginosa__Carbapenems__Yorkshire and Humber,lstm
2022-11-01,2.94,False,P-aeruginosa__Carbapenems__Yorkshire and Humber,lstm
2022-12-01,3.54,False,P-aeruginosa__Carbapenems__Yorkshire and Humber,lstm
2023-01-01,4.0,False,P-aeruginosa__Carbapenems__Yorkshire and Humber,lstm
2023-02-01,5.75,False,P-aeruginosa__Carbapenems__Yorkshire and Humber,lstm
2023-03-01,7.58,False,P-aeruginosa__Carbapenems__Yorkshire and Humber,lstm
2023-04-01,6.56,False,P-aeruginosa__Carbapenems__Yorkshire and Humber,lstm
2023-05-01,6.85,False,P-aeruginosa__Carbapenems__Yorkshire and Humber,lstm
2023-06-01,7.14,False,P-aeruginosa__Carbapenems__Yorkshire and Humber,lstm
2023-07-01,7.14,False,P-aeruginosa__Carbapenems__Yorkshire and Humber,lstm
2023-08-01,6.82,False,P-aeruginosa__Carbapenems__Yorkshire and Humber,lstm
2023-09-01,3.33,False,P-aeruginosa__Carbapenems__Yorkshire and Humber,lstm
2023-10-01,5.43,False,P-aeruginosa__Carbapenems__Yorkshire and Humber,lstm
2023-11-01,3.66,False,P-aeruginosa__Carbapenems__Yorkshire and Humber,lstm
2023-12-01,6.1,False,P-aeruginosa__Carbapenems__Yorkshire and Humber,lstm
2024-01-01,3.53,False,P-aeruginosa__Carbapenems__Yorkshire and Humber,lstm
2024-02-01,6.169999999999999,False,P-aeruginosa__Carbapenems__Yorkshire and Humber,lstm
2024-03-01,4.88,False,P-aeruginosa__Carbapenems__Yorkshire and Humber,lstm
2024-04-01,8.22,False,P-aeruginosa__Carbapenems__Yorkshire and Humber,lstm
2024-05-01,11.39,False,P-aeruginosa__Carbapenems__Yorkshire and Humber,lstm
2024-06-01,10.26,False,P-aeruginosa__Carbapenems__Yorkshire and Humber,lstm
2024-07-01,7.69,False,P-aeruginosa__Carbapenems__Yorkshire and Humber,lstm
2024-08-01,3.12,False,P-aeruginosa__Carbapenems__Yorkshire and Humber,lstm
2024-09-01,5.83,False,P-aeruginosa__Carbapenems__Yorkshire and Humber,lstm
2024-10-01,3.67,False,P-aeruginosa__Carbapenems__Yorkshire and Humber,lstm
2024-11-01,3.8100000000000005,False,P-aeruginosa__Carbapenems__Yorkshire and Humber,lstm
2024-12-01,2.7,False,P-aeruginosa__Carbapenems__Yorkshire and Humber,lstm
2025-01-01,5.49,False,P-aeruginosa__Carbapenems__Yorkshire and Humber,lstm
2025-02-01,5.68,False,P-aeruginosa__Carbapenems__Yorkshire and Humber,lstm
2025-03-01,9.59,False,P-aeruginosa__Carbapenems__Yorkshire and Humber,lstm
2025-04-01,8.64,False,P-aeruginosa__Carbapenems__Yorkshire and Humber,lstm
2025-05-01,8.11,False,P-aeruginosa__Carbapenems__Yorkshire and Humber,lstm
2025-06-01,7.35,False,P-aeruginosa__Carbapenems__Yorkshire and Humber,lstm
2025-07-01,6.538678767953759,True,P-aeruginosa__Carbapenems__Yorkshire and Humber,lstm
2025-08-01,5.980952367747163,True,P-aeruginosa__Carbapenems__Yorkshire and Humber,lstm
2025-09-01,5.331874588294372,True,P-aeruginosa__Carbapenems__Yorkshire and Humber,lstm
2025-10-01,4.920895359714575,True,P-aeruginosa__Carbapenems__Yorkshire and Humber,lstm
2025-11-01,4.83566437756956,True,P-aeruginosa__Carbapenems__Yorkshire and Humber,lstm
2025-12-01,5.084401760003599,True,P-aeruginosa__Carbapenems__Yorkshire and Humber,lstm
2020-08-01,3.0800000000000005,False,P-aeruginosa__Ceftazidime__East Midlands,lstm
2020-09-01,4.0,False,P-aeruginosa__Ceftazidime__East Midlands,lstm
2020-10-01,9.09,False,P-aeruginosa__Ceftazidime__East Midlands,lstm
2020-11-01,7.69,False,P-aeruginosa__Ceftazidime__East Midlands,lstm
2020-12-01,8.2,False,P-aeruginosa__Ceftazidime__East Midlands,lstm
2021-01-01,2.94,False,P-aeruginosa__Ceftazidime__East Midlands,lstm
2021-02-01,4.35,False,P-aeruginosa__Ceftazidime__East Midlands,lstm
2021-03-01,3.57,False,P-aeruginosa__Ceftazidime__East Midlands,lstm
2021-04-01,5.13,False,P-aeruginosa__Ceftazidime__East Midlands,lstm
2021-05-01,6.67,False,P-aeruginosa__Ceftazidime__East Midlands,lstm
2021-06-01,5.97,False,P-aeruginosa__Ceftazidime__East Midlands,lstm
2021-07-01,4.0,False,P-aeruginosa__Ceftazidime__East Midlands,lstm
2021-08-01,6.67,False,P-aeruginosa__Ceftazidime__East Midlands,lstm
2021-09-01,6.25,False,P-aeruginosa__Ceftazidime__East Midlands,lstm
2021-10-01,5.21,False,P-aeruginosa__Ceftazidime__East Midlands,lstm
2021-11-01,0.0,False,P-aeruginosa__Ceftazidime__East Midlands,lstm
2021-12-01,1.2,False,P-aeruginosa__Ceftazidime__East Midlands,lstm
2022-01-01,1.37,False,P-aeruginosa__Ceftazidime__East Midlands,lstm
2022-02-01,1.5400000000000003,False,P-aeruginosa__Ceftazidime__East Midlands,lstm
2022-03-01,1.82,False,P-aeruginosa__Ceftazidime__East Midlands,lstm
2022-04-01,1.5400000000000003,False,P-aeruginosa__Ceftazidime__East Midlands,lstm
2022-05-01,4.82,False,P-aeruginosa__Ceftazidime__East Midlands,lstm
2022-06-01,3.16,False,P-aeruginosa__Ceftazidime__East Midlands,lstm
2022-07-01,5.43,False,P-aeruginosa__Ceftazidime__East Midlands,lstm
2022-08-01,2.15,False,P-aeruginosa__Ceftazidime__East Midlands,lstm
2022-09-01,3.16,False,P-aeruginosa__Ceftazidime__East Midlands,lstm
2022-10-01,2.8,False,P-aeruginosa__Ceftazidime__East Midlands,lstm
2022-11-01,3.92,False,P-aeruginosa__Ceftazidime__East Midlands,lstm
2022-12-01,5.38,False,P-aeruginosa__Ceftazidime__East Midlands,lstm
2023-01-01,5.95,False,P-aeruginosa__Ceftazidime__East Midlands,lstm
2023-02-01,6.33,False,P-aeruginosa__Ceftazidime__East Midlands,lstm
2023-03-01,5.06,False,P-aeruginosa__Ceftazidime__East Midlands,lstm
2023-04-01,4.76,False,P-aeruginosa__Ceftazidime__East Midlands,lstm
2023-05-01,6.33,False,P-aeruginosa__Ceftazidime__East Midlands,lstm
2023-06-01,6.0200000000000005,False,P-aeruginosa__Ceftazidime__East Midlands,lstm
2023-07-01,5.06,False,P-aeruginosa__Ceftazidime__East Midlands,lstm
2023-08-01,4.88,False,P-aeruginosa__Ceftazidime__East Midlands,lstm
2023-09-01,4.95,False,P-aeruginosa__Ceftazidime__East Midlands,lstm
2023-10-01,5.83,False,P-aeruginosa__Ceftazidime__East Midlands,lstm
2023-11-01,5.05,False,P-aeruginosa__Ceftazidime__East Midlands,lstm
2023-12-01,4.05,False,P-aeruginosa__Ceftazidime__East Midlands,lstm
2024-01-01,1.39,False,P-aeruginosa__Ceftazidime__East Midlands,lstm
2024-02-01,1.1,False,P-aeruginosa__Ceftazidime__East Midlands,lstm
2024-03-01,2.08,False,P-aeruginosa__Ceftazidime__East Midlands,lstm
2024-04-01,3.23,False,P-aeruginosa__Ceftazidime__East Midlands,lstm
2024-05-01,4.71,False,P-aeruginosa__Ceftazidime__East Midlands,lstm
2024-06-01,3.16,False,P-aeruginosa__Ceftazidime__East Midlands,lstm
2024-07-01,6.67,False,P-aeruginosa__Ceftazidime__East Midlands,lstm
2024-08-01,8.99,False,P-aeruginosa__Ceftazidime__East Midlands,lstm
2024-09-01,10.98,False,P-aeruginosa__Ceftazidime__East Midlands,lstm
2024-10-01,7.78,False,P-aeruginosa__Ceftazidime__East Midlands,lstm
2024-11-01,7.14,False,P-aeruginosa__Ceftazidime__East Midlands,lstm
2024-12-01,9.89,False,P-aeruginosa__Ceftazidime__East Midlands,lstm
2025-01-01,10.81,False,P-aeruginosa__Ceftazidime__East Midlands,lstm
2025-02-01,7.14,False,P-aeruginosa__Ceftazidime__East Midlands,lstm
2025-03-01,3.45,False,P-aeruginosa__Ceftazidime__East Midlands,lstm
2025-04-01,3.8499999999999996,False,P-aeruginosa__Ceftazidime__East Midlands,lstm
2025-05-01,6.9,False,P-aeruginosa__Ceftazidime__East Midlands,lstm
2025-06-01,6.45,False,P-aeruginosa__Ceftazidime__East Midlands,lstm
2025-07-01,5.893633613123549,True,P-aeruginosa__Ceftazidime__East Midlands,lstm
2025-08-01,6.197432974708813,True,P-aeruginosa__Ceftazidime__East Midlands,lstm
2025-09-01,6.254091233127933,True,P-aeruginosa__Ceftazidime__East Midlands,lstm
2025-10-01,6.081154575850383,True,P-aeruginosa__Ceftazidime__East Midlands,lstm
2025-11-01,5.683400778293983,True,P-aeruginosa__Ceftazidime__East Midlands,lstm
2025-12-01,5.1143889379431124,True,P-aeruginosa__Ceftazidime__East Midlands,lstm
2020-08-01,8.73,False,P-aeruginosa__Ceftazidime__East of England,lstm
2020-09-01,7.409999999999999,False,P-aeruginosa__Ceftazidime__East of England,lstm
2020-10-01,6.84,False,P-aeruginosa__Ceftazidime__East of England,lstm
2020-11-01,6.539999999999999,False,P-aeruginosa__Ceftazidime__East of England,lstm
2020-12-01,10.99,False,P-aeruginosa__Ceftazidime__East of England,lstm
2021-01-01,10.87,False,P-aeruginosa__Ceftazidime__East of England,lstm
2021-02-01,12.359999999999998,False,P-aeruginosa__Ceftazidime__East of England,lstm
2021-03-01,8.509999999999998,False,P-aeruginosa__Ceftazidime__East of England,lstm
2021-04-01,7.919999999999998,False,P-aeruginosa__Ceftazidime__East of England,lstm
2021-05-01,4.76,False,P-aeruginosa__Ceftazidime__East of England,lstm
2021-06-01,5.5,False,P-aeruginosa__Ceftazidime__East of England,lstm
2021-07-01,4.24,False,P-aeruginosa__Ceftazidime__East of England,lstm
2021-08-01,5.44,False,P-aeruginosa__Ceftazidime__East of England,lstm
2021-09-01,3.7,False,P-aeruginosa__Ceftazidime__East of England,lstm
2021-10-01,4.29,False,P-aeruginosa__Ceftazidime__East of England,lstm
2021-11-01,3.65,False,P-aeruginosa__Ceftazidime__East of England,lstm
2021-12-01,5.3,False,P-aeruginosa__Ceftazidime__East of England,lstm
2022-01-01,5.88,False,P-aeruginosa__Ceftazidime__East of England,lstm
2022-02-01,6.900000000000001,False,P-aeruginosa__Ceftazidime__East of England,lstm
2022-03-01,8.569999999999999,False,P-aeruginosa__Ceftazidime__East of England,lstm
2022-04-01,6.48,False,P-aeruginosa__Ceftazidime__East of England,lstm
2022-05-01,7.02,False,P-aeruginosa__Ceftazidime__East of England,lstm
2022-06-01,5.359999999999999,False,P-aeruginosa__Ceftazidime__East of England,lstm
2022-07-01,6.25,False,P-aeruginosa__Ceftazidime__East of England,lstm
2022-08-01,5.08,False,P-aeruginosa__Ceftazidime__East of England,lstm
2022-09-01,4.58,False,P-aeruginosa__Ceftazidime__East of England,lstm
2022-10-01,2.9,False,P-aeruginosa__Ceftazidime__East of England,lstm
2022-11-01,4.11,False,P-aeruginosa__Ceftazidime__East of England,lstm
2022-12-01,3.7600000000000002,False,P-aeruginosa__Ceftazidime__East of England,lstm
2023-01-01,6.2,False,P-aeruginosa__Ceftazidime__East of England,lstm
2023-02-01,5.04,False,P-aeruginosa__Ceftazidime__East of England,lstm
2023-03-01,7.089999999999999,False,P-aeruginosa__Ceftazidime__East of England,lstm
2023-04-01,7.03,False,P-aeruginosa__Ceftazidime__East of England,lstm
2023-05-01,6.110000000000001,False,P-aeruginosa__Ceftazidime__East of England,lstm
2023-06-01,5.19,False,P-aeruginosa__Ceftazidime__East of England,lstm
2023-07-01,3.7600000000000002,False,P-aeruginosa__Ceftazidime__East of England,lstm
2023-08-01,3.82,False,P-aeruginosa__Ceftazidime__East of England,lstm
2023-09-01,3.97,False,P-aeruginosa__Ceftazidime__East of England,lstm
2023-10-01,5.52,False,P-aeruginosa__Ceftazidime__East of England,lstm
2023-11-01,5.11,False,P-aeruginosa__Ceftazidime__East of England,lstm
2023-12-01,4.55,False,P-aeruginosa__Ceftazidime__East of England,lstm
2024-01-01,1.72,False,P-aeruginosa__Ceftazidime__East of England,lstm
2024-02-01,3.2,False,P-aeruginosa__Ceftazidime__East of England,lstm
2024-03-01,3.7600000000000002,False,P-aeruginosa__Ceftazidime__East of England,lstm
2024-04-01,4.69,False,P-aeruginosa__Ceftazidime__East of England,lstm
2024-05-01,4.35,False,P-aeruginosa__Ceftazidime__East of England,lstm
2024-06-01,2.86,False,P-aeruginosa__Ceftazidime__East of England,lstm
2024-07-01,4.0,False,P-aeruginosa__Ceftazidime__East of England,lstm
2024-08-01,4.55,False,P-aeruginosa__Ceftazidime__East of England,lstm
2024-09-01,9.32,False,P-aeruginosa__Ceftazidime__East of England,lstm
2024-10-01,9.15,False,P-aeruginosa__Ceftazidime__East of England,lstm
2024-11-01,9.86,False,P-aeruginosa__Ceftazidime__East of England,lstm
2024-12-01,7.1899999999999995,False,P-aeruginosa__Ceftazidime__East of England,lstm
2025-01-01,8.969999999999999,False,P-aeruginosa__Ceftazidime__East of England,lstm
2025-02-01,7.5200000000000005,False,P-aeruginosa__Ceftazidime__East of England,lstm
2025-03-01,8.2,False,P-aeruginosa__Ceftazidime__East of England,lstm
2025-04-01,4.85,False,P-aeruginosa__Ceftazidime__East of England,lstm
2025-05-01,5.0,False,P-aeruginosa__Ceftazidime__East of England,lstm
2025-06-01,4.26,False,P-aeruginosa__Ceftazidime__East of England,lstm
2025-07-01,4.964092179123153,True,P-aeruginosa__Ceftazidime__East of England,lstm
2025-08-01,5.127847713554273,True,P-aeruginosa__Ceftazidime__East of England,lstm
2025-09-01,5.331198513373144,True,P-aeruginosa__Ceftazidime__East of England,lstm
2025-10-01,5.531680992547231,True,P-aeruginosa__Ceftazidime__East of England,lstm
2025-11-01,5.735343532459119,True,P-aeruginosa__Ceftazidime__East of England,lstm
2025-12-01,5.8777385015007715,True,P-aeruginosa__Ceftazidime__East of England,lstm
2020-08-01,9.72,False,P-aeruginosa__Ceftazidime__London,lstm
2020-09-01,8.28,False,P-aeruginosa__Ceftazidime__London,lstm
2020-10-01,9.94,False,P-aeruginosa__Ceftazidime__London,lstm
2020-11-01,9.82,False,P-aeruginosa__Ceftazidime__London,lstm
2020-12-01,11.179999999999998,False,P-aeruginosa__Ceftazidime__London,lstm
2021-01-01,8.82,False,P-aeruginosa__Ceftazidime__London,lstm
2021-02-01,10.34,False,P-aeruginosa__Ceftazidime__London,lstm
2021-03-01,10.1,False,P-aeruginosa__Ceftazidime__London,lstm
2021-04-01,13.38,False,P-aeruginosa__Ceftazidime__London,lstm
2021-05-01,16.08,False,P-aeruginosa__Ceftazidime__London,lstm
2021-06-01,16.9,False,P-aeruginosa__Ceftazidime__London,lstm
2021-07-01,13.1,False,P-aeruginosa__Ceftazidime__London,lstm
2021-08-01,12.44,False,P-aeruginosa__Ceftazidime__London,lstm
2021-09-01,10.76,False,P-aeruginosa__Ceftazidime__London,lstm
2021-10-01,10.73,False,P-aeruginosa__Ceftazidime__London,lstm
2021-11-01,6.15,False,P-aeruginosa__Ceftazidime__London,lstm
2021-12-01,6.579999999999999,False,P-aeruginosa__Ceftazidime__London,lstm
2022-01-01,8.33,False,P-aeruginosa__Ceftazidime__London,lstm
2022-02-01,11.35,False,P-aeruginosa__Ceftazidime__London,lstm
2022-03-01,12.24,False,P-aeruginosa__Ceftazidime__London,lstm
2022-04-01,13.01,False,P-aeruginosa__Ceftazidime__London,lstm
2022-05-01,12.499999999999998,False,P-aeruginosa__Ceftazidime__London,lstm
2022-06-01,10.83,False,P-aeruginosa__Ceftazidime__London,lstm
2022-07-01,11.31,False,P-aeruginosa__Ceftazidime__London,lstm
2022-08-01,11.3,False,P-aeruginosa__Ceftazidime__London,lstm
2022-09-01,12.299999999999999,False,P-aeruginosa__Ceftazidime__London,lstm
2022-10-01,9.38,False,P-aeruginosa__Ceftazidime__London,lstm
2022-11-01,8.21,False,P-aeruginosa__Ceftazidime__London,lstm
2022-12-01,6.25,False,P-aeruginosa__Ceftazidime__London,lstm
2023-01-01,6.15,False,P-aeruginosa__Ceftazidime__London,lstm
2023-02-01,8.38,False,P-aeruginosa__Ceftazidime__London,lstm
2023-03-01,11.41,False,P-aeruginosa__Ceftazidime__London,lstm
2023-04-01,14.47,False,P-aeruginosa__Ceftazidime__London,lstm
2023-05-01,14.189999999999998,False,P-aeruginosa__Ceftazidime__London,lstm
2023-06-01,13.38,False,P-aeruginosa__Ceftazidime__London,lstm
2023-07-01,9.33,False,P-aeruginosa__Ceftazidime__London,lstm
2023-08-01,7.55,False,P-aeruginosa__Ceftazidime__London,lstm
2023-09-01,4.22,False,P-aeruginosa__Ceftazidime__London,lstm
2023-10-01,5.14,False,P-aeruginosa__Ceftazidime__London,lstm
2023-11-01,4.05,False,P-aeruginosa__Ceftazidime__London,lstm
2023-12-01,5.67,False,P-aeruginosa__Ceftazidime__London,lstm
2024-01-01,5.83,False,P-aeruginosa__Ceftazidime__London,lstm
2024-02-01,6.2,False,P-aeruginosa__Ceftazidime__London,lstm
2024-03-01,4.31,False,P-aeruginosa__Ceftazidime__London,lstm
2024-04-01,6.719999999999999,False,P-aeruginosa__Ceftazidime__London,lstm
2024-05-01,6.719999999999999,False,P-aeruginosa__Ceftazidime__London,lstm
2024-06-01,6.35,False,P-aeruginosa__Ceftazidime__London,lstm
2024-07-01,4.44,False,P-aeruginosa__Ceftazidime__London,lstm
2024-08-01,5.38,False,P-aeruginosa__Ceftazidime__London,lstm
2024-09-01,7.48,False,P-aeruginosa__Ceftazidime__London,lstm
2024-10-01,7.739999999999999,False,P-aeruginosa__Ceftazidime__London,lstm
2024-11-01,5.7,False,P-aeruginosa__Ceftazidime__London,lstm
2024-12-01,7.35,False,P-aeruginosa__Ceftazidime__London,lstm
2025-01-01,10.34,False,P-aeruginosa__Ceftazidime__London,lstm
2025-02-01,15.89,False,P-aeruginosa__Ceftazidime__London,lstm
2025-03-01,10.38,False,P-aeruginosa__Ceftazidime__London,lstm
2025-04-01,9.26,False,P-aeruginosa__Ceftazidime__London,lstm
2025-05-01,6.42,False,P-aeruginosa__Ceftazidime__London,lstm
2025-06-01,7.02,False,P-aeruginosa__Ceftazidime__London,lstm
2025-07-01,7.615084807839523,True,P-aeruginosa__Ceftazidime__London,lstm
2025-08-01,7.0993607340769405,True,P-aeruginosa__Ceftazidime__London,lstm
2025-09-01,6.595428293750452,True,P-aeruginosa__Ceftazidime__London,lstm
2025-10-01,6.251959044983262,True,P-aeruginosa__Ceftazidime__London,lstm
2025-11-01,6.173907811322005,True,P-aeruginosa__Ceftazidime__London,lstm
2025-12-01,6.414815714999733,True,P-aeruginosa__Ceftazidime__London,lstm
2020-08-01,0.0,False,P-aeruginosa__Ceftazidime__North East,lstm
2020-09-01,0.0,False,P-aeruginosa__Ceftazidime__North East,lstm
2020-10-01,3.77,False,P-aeruginosa__Ceftazidime__North East,lstm
2020-11-01,7.55,False,P-aeruginosa__Ceftazidime__North East,lstm
2020-12-01,10.0,False,P-aeruginosa__Ceftazidime__North East,lstm
2021-01-01,6.06,False,P-aeruginosa__Ceftazidime__North East,lstm
2021-02-01,3.45,False,P-aeruginosa__Ceftazidime__North East,lstm
2021-03-01,7.14,False,P-aeruginosa__Ceftazidime__North East,lstm
2021-04-01,16.13,False,P-aeruginosa__Ceftazidime__North East,lstm
2021-05-01,14.71,False,P-aeruginosa__Ceftazidime__North East,lstm
2021-06-01,14.58,False,P-aeruginosa__Ceftazidime__North East,lstm
2021-07-01,8.0,False,P-aeruginosa__Ceftazidime__North East,lstm
2021-08-01,8.33,False,P-aeruginosa__Ceftazidime__North East,lstm
2021-09-01,5.0,False,P-aeruginosa__Ceftazidime__North East,lstm
2021-10-01,8.33,False,P-aeruginosa__Ceftazidime__North East,lstm
2021-11-01,11.9,False,P-aeruginosa__Ceftazidime__North East,lstm
2021-12-01,10.26,False,P-aeruginosa__Ceftazidime__North East,lstm
2022-01-01,12.2,False,P-aeruginosa__Ceftazidime__North East,lstm
2022-02-01,7.5,False,P-aeruginosa__Ceftazidime__North East,lstm
2022-03-01,7.14,False,P-aeruginosa__Ceftazidime__North East,lstm
2022-04-01,3.12,False,P-aeruginosa__Ceftazidime__North East,lstm
2022-05-01,3.12,False,P-aeruginosa__Ceftazidime__North East,lstm
2022-06-01,3.33,False,P-aeruginosa__Ceftazidime__North East,lstm
2022-07-01,2.63,False,P-aeruginosa__Ceftazidime__North East,lstm
2022-08-01,0.0,False,P-aeruginosa__Ceftazidime__North East,lstm
2022-09-01,2.04,False,P-aeruginosa__Ceftazidime__North East,lstm
2022-10-01,4.44,False,P-aeruginosa__Ceftazidime__North East,lstm
2022-11-01,4.65,False,P-aeruginosa__Ceftazidime__North East,lstm
2022-12-01,9.09,False,P-aeruginosa__Ceftazidime__North East,lstm
2023-01-01,6.25,False,P-aeruginosa__Ceftazidime__North East,lstm
2023-02-01,5.56,False,P-aeruginosa__Ceftazidime__North East,lstm
2023-03-01,0.0,False,P-aeruginosa__Ceftazidime__North East,lstm
2023-04-01,0.0,False,P-aeruginosa__Ceftazidime__North East,lstm
2023-05-01,2.38,False,P-aeruginosa__Ceftazidime__North East,lstm
2023-06-01,2.44,False,P-aeruginosa__Ceftazidime__North East,lstm
2023-07-01,2.17,False,P-aeruginosa__Ceftazidime__North East,lstm
2023-08-01,1.92,False,P-aeruginosa__Ceftazidime__North East,lstm
2023-09-01,2.08,False,P-aeruginosa__Ceftazidime__North East,lstm
2023-10-01,6.38,False,P-aeruginosa__Ceftazidime__North East,lstm
2023-11-01,7.14,False,P-aeruginosa__Ceftazidime__North East,lstm
2023-12-01,7.5,False,P-aeruginosa__Ceftazidime__North East,lstm
2024-01-01,2.63,False,P-aeruginosa__Ceftazidime__North East,lstm
2024-02-01,2.86,False,P-aeruginosa__Ceftazidime__North East,lstm
2024-03-01,2.94,False,P-aeruginosa__Ceftazidime__North East,lstm
2024-04-01,5.41,False,P-aeruginosa__Ceftazidime__North East,lstm
2024-05-01,5.71,False,P-aeruginosa__Ceftazidime__North East,lstm
2024-06-01,7.32,False,P-aeruginosa__Ceftazidime__North East,lstm
2024-07-01,4.88,False,P-aeruginosa__Ceftazidime__North East,lstm
2024-08-01,4.55,False,P-aeruginosa__Ceftazidime__North East,lstm
2024-09-01,2.08,False,P-aeruginosa__Ceftazidime__North East,lstm
2024-10-01,2.04,False,P-aeruginosa__Ceftazidime__North East,lstm
2024-11-01,0.0,False,P-aeruginosa__Ceftazidime__North East,lstm
2024-12-01,0.0,False,P-aeruginosa__Ceftazidime__North East,lstm
2025-01-01,2.56,False,P-aeruginosa__Ceftazidime__North East,lstm
2025-02-01,3.03,False,P-aeruginosa__Ceftazidime__North East,lstm
2025-03-01,3.12,False,P-aeruginosa__Ceftazidime__North East,lstm
2025-04-01,3.12,False,P-aeruginosa__Ceftazidime__North East,lstm
2025-05-01,2.44,False,P-aeruginosa__Ceftazidime__North East,lstm
2025-06-01,4.0,False,P-aeruginosa__Ceftazidime__North East,lstm
2025-07-01,1.8583191761921962,True,P-aeruginosa__Ceftazidime__North East,lstm
2025-08-01,2.3597427936651445,True,P-aeruginosa__Ceftazidime__North East,lstm
2025-09-01,3.0393171500167004,True,P-aeruginosa__Ceftazidime__North East,lstm
2025-10-01,3.7739621408292976,True,P-aeruginosa__Ceftazidime__North East,lstm
2025-11-01,4.37715116775146,True,P-aeruginosa__Ceftazidime__North East,lstm
2025-12-01,4.775907951642592,True,P-aeruginosa__Ceftazidime__North East,lstm
2020-08-01,8.26,False,P-aeruginosa__Ceftazidime__North West,lstm
2020-09-01,10.26,False,P-aeruginosa__Ceftazidime__North West,lstm
2020-10-01,10.58,False,P-aeruginosa__Ceftazidime__North West,lstm
2020-11-01,8.89,False,P-aeruginosa__Ceftazidime__North West,lstm
2020-12-01,4.49,False,P-aeruginosa__Ceftazidime__North West,lstm
2021-01-01,3.16,False,P-aeruginosa__Ceftazidime__North West,lstm
2021-02-01,2.27,False,P-aeruginosa__Ceftazidime__North West,lstm
2021-03-01,5.15,False,P-aeruginosa__Ceftazidime__North West,lstm
2021-04-01,4.55,False,P-aeruginosa__Ceftazidime__North West,lstm
2021-05-01,4.6,False,P-aeruginosa__Ceftazidime__North West,lstm
2021-06-01,1.56,False,P-aeruginosa__Ceftazidime__North West,lstm
2021-07-01,2.67,False,P-aeruginosa__Ceftazidime__North West,lstm
2021-08-01,5.56,False,P-aeruginosa__Ceftazidime__North West,lstm
2021-09-01,7.7700000000000005,False,P-aeruginosa__Ceftazidime__North West,lstm
2021-10-01,11.21,False,P-aeruginosa__Ceftazidime__North West,lstm
2021-11-01,10.64,False,P-aeruginosa__Ceftazidime__North West,lstm
2021-12-01,10.87,False,P-aeruginosa__Ceftazidime__North West,lstm
2022-01-01,10.39,False,P-aeruginosa__Ceftazidime__North West,lstm
2022-02-01,10.67,False,P-aeruginosa__Ceftazidime__North West,lstm
2022-03-01,8.43,False,P-aeruginosa__Ceftazidime__North West,lstm
2022-04-01,7.450000000000001,False,P-aeruginosa__Ceftazidime__North West,lstm
2022-05-01,8.65,False,P-aeruginosa__Ceftazidime__North West,lstm
2022-06-01,10.89,False,P-aeruginosa__Ceftazidime__North West,lstm
2022-07-01,11.0,False,P-aeruginosa__Ceftazidime__North West,lstm
2022-08-01,9.18,False,P-aeruginosa__Ceftazidime__North West,lstm
2022-09-01,7.480000000000001,False,P-aeruginosa__Ceftazidime__North West,lstm
2022-10-01,10.43,False,P-aeruginosa__Ceftazidime__North West,lstm
2022-11-01,13.64,False,P-aeruginosa__Ceftazidime__North West,lstm
2022-12-01,13.54,False,P-aeruginosa__Ceftazidime__North West,lstm
2023-01-01,10.34,False,P-aeruginosa__Ceftazidime__North West,lstm
2023-02-01,7.78,False,P-aeruginosa__Ceftazidime__North West,lstm
2023-03-01,14.15,False,P-aeruginosa__Ceftazidime__North West,lstm
2023-04-01,11.93,False,P-aeruginosa__Ceftazidime__North West,lstm
2023-05-01,13.21,False,P-aeruginosa__Ceftazidime__North West,lstm
2023-06-01,6.38,False,P-aeruginosa__Ceftazidime__North West,lstm
2023-07-01,9.17,False,P-aeruginosa__Ceftazidime__North West,lstm
2023-08-01,9.24,False,P-aeruginosa__Ceftazidime__North West,lstm
2023-09-01,11.86,False,P-aeruginosa__Ceftazidime__North West,lstm
2023-10-01,12.84,False,P-aeruginosa__Ceftazidime__North West,lstm
2023-11-01,11.32,False,P-aeruginosa__Ceftazidime__North West,lstm
2023-12-01,10.57,False,P-aeruginosa__Ceftazidime__North West,lstm
2024-01-01,7.829999999999999,False,P-aeruginosa__Ceftazidime__North West,lstm
2024-02-01,7.209999999999999,False,P-aeruginosa__Ceftazidime__North West,lstm
2024-03-01,6.98,False,P-aeruginosa__Ceftazidime__North West,lstm
2024-04-01,10.11,False,P-aeruginosa__Ceftazidime__North West,lstm
2024-05-01,12.66,False,P-aeruginosa__Ceftazidime__North West,lstm
2024-06-01,9.41,False,P-aeruginosa__Ceftazidime__North West,lstm
2024-07-01,8.75,False,P-aeruginosa__Ceftazidime__North West,lstm
2024-08-01,5.71,False,P-aeruginosa__Ceftazidime__North West,lstm
2024-09-01,7.69,False,P-aeruginosa__Ceftazidime__North West,lstm
2024-10-01,6.5600000000000005,False,P-aeruginosa__Ceftazidime__North West,lstm
2024-11-01,8.57,False,P-aeruginosa__Ceftazidime__North West,lstm
2024-12-01,6.45,False,P-aeruginosa__Ceftazidime__North West,lstm
2025-01-01,5.56,False,P-aeruginosa__Ceftazidime__North West,lstm
2025-02-01,3.66,False,P-aeruginosa__Ceftazidime__North West,lstm
2025-03-01,4.44,False,P-aeruginosa__Ceftazidime__North West,lstm
2025-04-01,5.0,False,P-aeruginosa__Ceftazidime__North West,lstm
2025-05-01,8.85,False,P-aeruginosa__Ceftazidime__North West,lstm
2025-06-01,8.8,False,P-aeruginosa__Ceftazidime__North West,lstm
2025-07-01,8.973623245165967,True,P-aeruginosa__Ceftazidime__North West,lstm
2025-08-01,9.217806396304626,True,P-aeruginosa__Ceftazidime__North West,lstm
2025-09-01,9.376549165671857,True,P-aeruginosa__Ceftazidime__North West,lstm
2025-10-01,9.4105470964921,True,P-aeruginosa__Ceftazidime__North West,lstm
2025-11-01,9.443994850067929,True,P-aeruginosa__Ceftazidime__North West,lstm
2025-12-01,9.3245100652756,True,P-aeruginosa__Ceftazidime__North West,lstm
2020-08-01,5.81,False,P-aeruginosa__Ceftazidime__South East,lstm
2020-09-01,4.24,False,P-aeruginosa__Ceftazidime__South East,lstm
2020-10-01,3.18,False,P-aeruginosa__Ceftazidime__South East,lstm
2020-11-01,2.96,False,P-aeruginosa__Ceftazidime__South East,lstm
2020-12-01,6.36,False,P-aeruginosa__Ceftazidime__South East,lstm
2021-01-01,5.75,False,P-aeruginosa__Ceftazidime__South East,lstm
2021-02-01,6.669999999999999,False,P-aeruginosa__Ceftazidime__South East,lstm
2021-03-01,4.67,False,P-aeruginosa__Ceftazidime__South East,lstm
2021-04-01,6.8,False,P-aeruginosa__Ceftazidime__South East,lstm
2021-05-01,5.44,False,P-aeruginosa__Ceftazidime__South East,lstm
2021-06-01,5.36,False,P-aeruginosa__Ceftazidime__South East,lstm
2021-07-01,4.07,False,P-aeruginosa__Ceftazidime__South East,lstm
2021-08-01,6.13,False,P-aeruginosa__Ceftazidime__South East,lstm
2021-09-01,5.370000000000001,False,P-aeruginosa__Ceftazidime__South East,lstm
2021-10-01,7.639999999999999,False,P-aeruginosa__Ceftazidime__South East,lstm
2021-11-01,6.33,False,P-aeruginosa__Ceftazidime__South East,lstm
2021-12-01,5.88,False,P-aeruginosa__Ceftazidime__South East,lstm
2022-01-01,5.42,False,P-aeruginosa__Ceftazidime__South East,lstm
2022-02-01,5.370000000000001,False,P-aeruginosa__Ceftazidime__South East,lstm
2022-03-01,7.379999999999999,False,P-aeruginosa__Ceftazidime__South East,lstm
2022-04-01,6.52,False,P-aeruginosa__Ceftazidime__South East,lstm
2022-05-01,9.49,False,P-aeruginosa__Ceftazidime__South East,lstm
2022-06-01,8.279999999999998,False,P-aeruginosa__Ceftazidime__South East,lstm
2022-07-01,8.18,False,P-aeruginosa__Ceftazidime__South East,lstm
2022-08-01,5.59,False,P-aeruginosa__Ceftazidime__South East,lstm
2022-09-01,4.89,False,P-aeruginosa__Ceftazidime__South East,lstm
2022-10-01,6.989999999999999,False,P-aeruginosa__Ceftazidime__South East,lstm
2022-11-01,6.879999999999999,False,P-aeruginosa__Ceftazidime__South East,lstm
2022-12-01,7.489999999999998,False,P-aeruginosa__Ceftazidime__South East,lstm
2023-01-01,5.38,False,P-aeruginosa__Ceftazidime__South East,lstm
2023-02-01,6.37,False,P-aeruginosa__Ceftazidime__South East,lstm
2023-03-01,9.4,False,P-aeruginosa__Ceftazidime__South East,lstm
2023-04-01,10.53,False,P-aeruginosa__Ceftazidime__South East,lstm
2023-05-01,9.87,False,P-aeruginosa__Ceftazidime__South East,lstm
2023-06-01,8.11,False,P-aeruginosa__Ceftazidime__South East,lstm
2023-07-01,7.27,False,P-aeruginosa__Ceftazidime__South East,lstm
2023-08-01,5.36,False,P-aeruginosa__Ceftazidime__South East,lstm
2023-09-01,4.55,False,P-aeruginosa__Ceftazidime__South East,lstm
2023-10-01,3.07,False,P-aeruginosa__Ceftazidime__South East,lstm
2023-11-01,5.11,False,P-aeruginosa__Ceftazidime__South East,lstm
2023-12-01,4.43,False,P-aeruginosa__Ceftazidime__South East,lstm
2024-01-01,4.05,False,P-aeruginosa__Ceftazidime__South East,lstm
2024-02-01,1.6,False,P-aeruginosa__Ceftazidime__South East,lstm
2024-03-01,2.2400000000000007,False,P-aeruginosa__Ceftazidime__South East,lstm
2024-04-01,4.79,False,P-aeruginosa__Ceftazidime__South East,lstm
2024-05-01,6.0,False,P-aeruginosa__Ceftazidime__South East,lstm
2024-06-01,5.45,False,P-aeruginosa__Ceftazidime__South East,lstm
2024-07-01,6.04,False,P-aeruginosa__Ceftazidime__South East,lstm
2024-08-01,6.06,False,P-aeruginosa__Ceftazidime__South East,lstm
2024-09-01,6.37,False,P-aeruginosa__Ceftazidime__South East,lstm
2024-10-01,5.24,False,P-aeruginosa__Ceftazidime__South East,lstm
2024-11-01,4.49,False,P-aeruginosa__Ceftazidime__South East,lstm
2024-12-01,5.7,False,P-aeruginosa__Ceftazidime__South East,lstm
2025-01-01,5.39,False,P-aeruginosa__Ceftazidime__South East,lstm
2025-02-01,5.77,False,P-aeruginosa__Ceftazidime__South East,lstm
2025-03-01,3.82,False,P-aeruginosa__Ceftazidime__South East,lstm
2025-04-01,4.08,False,P-aeruginosa__Ceftazidime__South East,lstm
2025-05-01,3.16,False,P-aeruginosa__Ceftazidime__South East,lstm
2025-06-01,3.16,False,P-aeruginosa__Ceftazidime__South East,lstm
2025-07-01,7.11856634309088,True,P-aeruginosa__Ceftazidime__South East,lstm
2025-08-01,7.197784611532269,True,P-aeruginosa__Ceftazidime__South East,lstm
2025-09-01,7.057100998334037,True,P-aeruginosa__Ceftazidime__South East,lstm
2025-10-01,6.833949216810555,True,P-aeruginosa__Ceftazidime__South East,lstm
2025-11-01,6.580091430851704,True,P-aeruginosa__Ceftazidime__South East,lstm
2025-12-01,6.410753862416219,True,P-aeruginosa__Ceftazidime__South East,lstm
2020-08-01,3.9500000000000006,False,P-aeruginosa__Ceftazidime__South West,lstm
2020-09-01,7.14,False,P-aeruginosa__Ceftazidime__South West,lstm
2020-10-01,10.13,False,P-aeruginosa__Ceftazidime__South West,lstm
2020-11-01,8.11,False,P-aeruginosa__Ceftazidime__South West,lstm
2020-12-01,9.33,False,P-aeruginosa__Ceftazidime__South West,lstm
2021-01-01,7.79,False,P-aeruginosa__Ceftazidime__South West,lstm
2021-02-01,9.21,False,P-aeruginosa__Ceftazidime__South West,lstm
2021-03-01,4.48,False,P-aeruginosa__Ceftazidime__South West,lstm
2021-04-01,4.92,False,P-aeruginosa__Ceftazidime__South West,lstm
2021-05-01,5.48,False,P-aeruginosa__Ceftazidime__South West,lstm
2021-06-01,6.76,False,P-aeruginosa__Ceftazidime__South West,lstm
2021-07-01,8.05,False,P-aeruginosa__Ceftazidime__South West,lstm
2021-08-01,7.61,False,P-aeruginosa__Ceftazidime__South West,lstm
2021-09-01,9.57,False,P-aeruginosa__Ceftazidime__South West,lstm
2021-10-01,6.32,False,P-aeruginosa__Ceftazidime__South West,lstm
2021-11-01,5.81,False,P-aeruginosa__Ceftazidime__South West,lstm
2021-12-01,4.88,False,P-aeruginosa__Ceftazidime__South West,lstm
2022-01-01,6.76,False,P-aeruginosa__Ceftazidime__South West,lstm
2022-02-01,7.25,False,P-aeruginosa__Ceftazidime__South West,lstm
2022-03-01,4.05,False,P-aeruginosa__Ceftazidime__South West,lstm
2022-04-01,3.08,False,P-aeruginosa__Ceftazidime__South West,lstm
2022-05-01,4.48,False,P-aeruginosa__Ceftazidime__South West,lstm
2022-06-01,4.62,False,P-aeruginosa__Ceftazidime__South West,lstm
2022-07-01,6.49,False,P-aeruginosa__Ceftazidime__South West,lstm
2022-08-01,7.32,False,P-aeruginosa__Ceftazidime__South West,lstm
2022-09-01,11.63,False,P-aeruginosa__Ceftazidime__South West,lstm
2022-10-01,10.23,False,P-aeruginosa__Ceftazidime__South West,lstm
2022-11-01,12.2,False,P-aeruginosa__Ceftazidime__South West,lstm
2022-12-01,8.64,False,P-aeruginosa__Ceftazidime__South West,lstm
2023-01-01,6.94,False,P-aeruginosa__Ceftazidime__South West,lstm
2023-02-01,1.47,False,P-aeruginosa__Ceftazidime__South West,lstm
2023-03-01,0.0,False,P-aeruginosa__Ceftazidime__South West,lstm
2023-04-01,1.49,False,P-aeruginosa__Ceftazidime__South West,lstm
2023-05-01,4.76,False,P-aeruginosa__Ceftazidime__South West,lstm
2023-06-01,5.68,False,P-aeruginosa__Ceftazidime__South West,lstm
2023-07-01,6.12,False,P-aeruginosa__Ceftazidime__South West,lstm
2023-08-01,4.49,False,P-aeruginosa__Ceftazidime__South West,lstm
2023-09-01,5.88,False,P-aeruginosa__Ceftazidime__South West,lstm
2023-10-01,5.95,False,P-aeruginosa__Ceftazidime__South West,lstm
2023-11-01,9.64,False,P-aeruginosa__Ceftazidime__South West,lstm
2023-12-01,7.32,False,P-aeruginosa__Ceftazidime__South West,lstm
2024-01-01,5.56,False,P-aeruginosa__Ceftazidime__South West,lstm
2024-02-01,0.0,False,P-aeruginosa__Ceftazidime__South West,lstm
2024-03-01,1.56,False,P-aeruginosa__Ceftazidime__South West,lstm
2024-04-01,6.94,False,P-aeruginosa__Ceftazidime__South West,lstm
2024-05-01,12.5,False,P-aeruginosa__Ceftazidime__South West,lstm
2024-06-01,15.79,False,P-aeruginosa__Ceftazidime__South West,lstm
2024-07-01,13.43,False,P-aeruginosa__Ceftazidime__South West,lstm
2024-08-01,8.97,False,P-aeruginosa__Ceftazidime__South West,lstm
2024-09-01,10.34,False,P-aeruginosa__Ceftazidime__South West,lstm
2024-10-01,9.78,False,P-aeruginosa__Ceftazidime__South West,lstm
2024-11-01,7.59,False,P-aeruginosa__Ceftazidime__South West,lstm
2024-12-01,4.29,False,P-aeruginosa__Ceftazidime__South West,lstm
2025-01-01,2.82,False,P-aeruginosa__Ceftazidime__South West,lstm
2025-02-01,4.55,False,P-aeruginosa__Ceftazidime__South West,lstm
2025-03-01,1.59,False,P-aeruginosa__Ceftazidime__South West,lstm
2025-04-01,2.7,False,P-aeruginosa__Ceftazidime__South West,lstm
2025-05-01,1.22,False,P-aeruginosa__Ceftazidime__South West,lstm
2025-06-01,2.27,False,P-aeruginosa__Ceftazidime__South West,lstm
2025-07-01,8.767797560164965,True,P-aeruginosa__Ceftazidime__South West,lstm
2025-08-01,9.487684805648387,True,P-aeruginosa__Ceftazidime__South West,lstm
2025-09-01,9.53986644646199,True,P-aeruginosa__Ceftazidime__South West,lstm
2025-10-01,8.89491510196935,True,P-aeruginosa__Ceftazidime__South West,lstm
2025-11-01,7.6374288165663975,True,P-aeruginosa__Ceftazidime__South West,lstm
2025-12-01,6.134115683427197,True,P-aeruginosa__Ceftazidime__South West,lstm
2020-08-01,5.260000000000001,False,P-aeruginosa__Ceftazidime__West Midlands,lstm
2020-09-01,5.710000000000001,False,P-aeruginosa__Ceftazidime__West Midlands,lstm
2020-10-01,7.07,False,P-aeruginosa__Ceftazidime__West Midlands,lstm
2020-11-01,8.65,False,P-aeruginosa__Ceftazidime__West Midlands,lstm
2020-12-01,6.14,False,P-aeruginosa__Ceftazidime__West Midlands,lstm
2021-01-01,6.14,False,P-aeruginosa__Ceftazidime__West Midlands,lstm
2021-02-01,6.31,False,P-aeruginosa__Ceftazidime__West Midlands,lstm
2021-03-01,11.76,False,P-aeruginosa__Ceftazidime__West Midlands,lstm
2021-04-01,11.58,False,P-aeruginosa__Ceftazidime__West Midlands,lstm
2021-05-01,10.53,False,P-aeruginosa__Ceftazidime__West Midlands,lstm
2021-06-01,6.8,False,P-aeruginosa__Ceftazidime__West Midlands,lstm
2021-07-01,5.31,False,P-aeruginosa__Ceftazidime__West Midlands,lstm
2021-08-01,3.03,False,P-aeruginosa__Ceftazidime__West Midlands,lstm
2021-09-01,2.92,False,P-aeruginosa__Ceftazidime__West Midlands,lstm
2021-10-01,2.22,False,P-aeruginosa__Ceftazidime__West Midlands,lstm
2021-11-01,3.45,False,P-aeruginosa__Ceftazidime__West Midlands,lstm
2021-12-01,3.51,False,P-aeruginosa__Ceftazidime__West Midlands,lstm
2022-01-01,5.5600000000000005,False,P-aeruginosa__Ceftazidime__West Midlands,lstm
2022-02-01,8.26,False,P-aeruginosa__Ceftazidime__West Midlands,lstm
2022-03-01,8.08,False,P-aeruginosa__Ceftazidime__West Midlands,lstm
2022-04-01,11.54,False,P-aeruginosa__Ceftazidime__West Midlands,lstm
2022-05-01,11.11,False,P-aeruginosa__Ceftazidime__West Midlands,lstm
2022-06-01,8.89,False,P-aeruginosa__Ceftazidime__West Midlands,lstm
2022-07-01,3.61,False,P-aeruginosa__Ceftazidime__West Midlands,lstm
2022-08-01,1.9400000000000002,False,P-aeruginosa__Ceftazidime__West Midlands,lstm
2022-09-01,6.14,False,P-aeruginosa__Ceftazidime__West Midlands,lstm
2022-10-01,5.69,False,P-aeruginosa__Ceftazidime__West Midlands,lstm
2022-11-01,7.320000000000001,False,P-aeruginosa__Ceftazidime__West Midlands,lstm
2022-12-01,5.450000000000001,False,P-aeruginosa__Ceftazidime__West Midlands,lstm
2023-01-01,9.35,False,P-aeruginosa__Ceftazidime__West Midlands,lstm
2023-02-01,8.89,False,P-aeruginosa__Ceftazidime__West Midlands,lstm
2023-03-01,7.690000000000001,False,P-aeruginosa__Ceftazidime__West Midlands,lstm
2023-04-01,6.02,False,P-aeruginosa__Ceftazidime__West Midlands,lstm
2023-05-01,4.55,False,P-aeruginosa__Ceftazidime__West Midlands,lstm
2023-06-01,8.57,False,P-aeruginosa__Ceftazidime__West Midlands,lstm
2023-07-01,8.57,False,P-aeruginosa__Ceftazidime__West Midlands,lstm
2023-08-01,10.92,False,P-aeruginosa__Ceftazidime__West Midlands,lstm
2023-09-01,8.33,False,P-aeruginosa__Ceftazidime__West Midlands,lstm
2023-10-01,8.57,False,P-aeruginosa__Ceftazidime__West Midlands,lstm
2023-11-01,8.82,False,P-aeruginosa__Ceftazidime__West Midlands,lstm
2023-12-01,8.42,False,P-aeruginosa__Ceftazidime__West Midlands,lstm
2024-01-01,5.830000000000001,False,P-aeruginosa__Ceftazidime__West Midlands,lstm
2024-02-01,3.8800000000000003,False,P-aeruginosa__Ceftazidime__West Midlands,lstm
2024-03-01,3.33,False,P-aeruginosa__Ceftazidime__West Midlands,lstm
2024-04-01,4.35,False,P-aeruginosa__Ceftazidime__West Midlands,lstm
2024-05-01,5.68,False,P-aeruginosa__Ceftazidime__West Midlands,lstm
2024-06-01,7.89,False,P-aeruginosa__Ceftazidime__West Midlands,lstm
2024-07-01,6.72,False,P-aeruginosa__Ceftazidime__West Midlands,lstm
2024-08-01,6.559999999999999,False,P-aeruginosa__Ceftazidime__West Midlands,lstm
2024-09-01,5.13,False,P-aeruginosa__Ceftazidime__West Midlands,lstm
2024-10-01,6.610000000000001,False,P-aeruginosa__Ceftazidime__West Midlands,lstm
2024-11-01,6.559999999999999,False,P-aeruginosa__Ceftazidime__West Midlands,lstm
2024-12-01,6.78,False,P-aeruginosa__Ceftazidime__West Midlands,lstm
2025-01-01,4.42,False,P-aeruginosa__Ceftazidime__West Midlands,lstm
2025-02-01,3.85,False,P-aeruginosa__Ceftazidime__West Midlands,lstm
2025-03-01,6.25,False,P-aeruginosa__Ceftazidime__West Midlands,lstm
2025-04-01,12.2,False,P-aeruginosa__Ceftazidime__West Midlands,lstm
2025-05-01,14.12,False,P-aeruginosa__Ceftazidime__West Midlands,lstm
2025-06-01,10.34,False,P-aeruginosa__Ceftazidime__West Midlands,lstm
2025-07-01,7.124459222547884,True,P-aeruginosa__Ceftazidime__West Midlands,lstm
2025-08-01,7.07521680519233,True,P-aeruginosa__Ceftazidime__West Midlands,lstm
2025-09-01,6.876663554283347,True,P-aeruginosa__Ceftazidime__West Midlands,lstm
2025-10-01,6.605011738308787,True,P-aeruginosa__Ceftazidime__West Midlands,lstm
2025-11-01,6.405012807531145,True,P-aeruginosa__Ceftazidime__West Midlands,lstm
2025-12-01,6.367577987934617,True,P-aeruginosa__Ceftazidime__West Midlands,lstm
2020-08-01,5.19,False,P-aeruginosa__Ceftazidime__Yorkshire and Humber,lstm
2020-09-01,4.35,False,P-aeruginosa__Ceftazidime__Yorkshire and Humber,lstm
2020-10-01,4.76,False,P-aeruginosa__Ceftazidime__Yorkshire and Humber,lstm
2020-11-01,3.85,False,P-aeruginosa__Ceftazidime__Yorkshire and Humber,lstm
2020-12-01,5.26,False,P-aeruginosa__Ceftazidime__Yorkshire and Humber,lstm
2021-01-01,5.56,False,P-aeruginosa__Ceftazidime__Yorkshire and Humber,lstm
2021-02-01,7.59,False,P-aeruginosa__Ceftazidime__Yorkshire and Humber,lstm
2021-03-01,7.59,False,P-aeruginosa__Ceftazidime__Yorkshire and Humber,lstm
2021-04-01,5.75,False,P-aeruginosa__Ceftazidime__Yorkshire and Humber,lstm
2021-05-01,6.67,False,P-aeruginosa__Ceftazidime__Yorkshire and Humber,lstm
2021-06-01,4.55,False,P-aeruginosa__Ceftazidime__Yorkshire and Humber,lstm
2021-07-01,5.56,False,P-aeruginosa__Ceftazidime__Yorkshire and Humber,lstm
2021-08-01,4.3,False,P-aeruginosa__Ceftazidime__Yorkshire and Humber,lstm
2021-09-01,10.2,False,P-aeruginosa__Ceftazidime__Yorkshire and Humber,lstm
2021-10-01,10.71,False,P-aeruginosa__Ceftazidime__Yorkshire and Humber,lstm
2021-11-01,11.01,False,P-aeruginosa__Ceftazidime__Yorkshire and Humber,lstm
2021-12-01,4.76,False,P-aeruginosa__Ceftazidime__Yorkshire and Humber,lstm
2022-01-01,3.53,False,P-aeruginosa__Ceftazidime__Yorkshire and Humber,lstm
2022-02-01,1.3,False,P-aeruginosa__Ceftazidime__Yorkshire and Humber,lstm
2022-03-01,5.33,False,P-aeruginosa__Ceftazidime__Yorkshire and Humber,lstm
2022-04-01,4.62,False,P-aeruginosa__Ceftazidime__Yorkshire and Humber,lstm
2022-05-01,3.9,False,P-aeruginosa__Ceftazidime__Yorkshire and Humber,lstm
2022-06-01,1.37,False,P-aeruginosa__Ceftazidime__Yorkshire and Humber,lstm
2022-07-01,4.94,False,P-aeruginosa__Ceftazidime__Yorkshire and Humber,lstm
2022-08-01,5.62,False,P-aeruginosa__Ceftazidime__Yorkshire and Humber,lstm
2022-09-01,7.06,False,P-aeruginosa__Ceftazidime__Yorkshire and Humber,lstm
2022-10-01,6.67,False,P-aeruginosa__Ceftazidime__Yorkshire and Humber,lstm
2022-11-01,7.37,False,P-aeruginosa__Ceftazidime__Yorkshire and Humber,lstm
2022-12-01,7.27,False,P-aeruginosa__Ceftazidime__Yorkshire and Humber,lstm
2023-01-01,8.0,False,P-aeruginosa__Ceftazidime__Yorkshire and Humber,lstm
2023-02-01,11.36,False,P-aeruginosa__Ceftazidime__Yorkshire and Humber,lstm
2023-03-01,13.24,False,P-aeruginosa__Ceftazidime__Yorkshire and Humber,lstm
2023-04-01,9.68,False,P-aeruginosa__Ceftazidime__Yorkshire and Humber,lstm
2023-05-01,6.67,False,P-aeruginosa__Ceftazidime__Yorkshire and Humber,lstm
2023-06-01,5.95,False,P-aeruginosa__Ceftazidime__Yorkshire and Humber,lstm
2023-07-01,4.88,False,P-aeruginosa__Ceftazidime__Yorkshire and Humber,lstm
2023-08-01,2.41,False,P-aeruginosa__Ceftazidime__Yorkshire and Humber,lstm
2023-09-01,0.0,False,P-aeruginosa__Ceftazidime__Yorkshire and Humber,lstm
2023-10-01,1.1,False,P-aeruginosa__Ceftazidime__Yorkshire and Humber,lstm
2023-11-01,4.82,False,P-aeruginosa__Ceftazidime__Yorkshire and Humber,lstm
2023-12-01,7.319999999999999,False,P-aeruginosa__Ceftazidime__Yorkshire and Humber,lstm
2024-01-01,9.09,False,P-aeruginosa__Ceftazidime__Yorkshire and Humber,lstm
2024-02-01,9.52,False,P-aeruginosa__Ceftazidime__Yorkshire and Humber,lstm
2024-03-01,8.14,False,P-aeruginosa__Ceftazidime__Yorkshire and Humber,lstm
2024-04-01,8.11,False,P-aeruginosa__Ceftazidime__Yorkshire and Humber,lstm
2024-05-01,7.410000000000001,False,P-aeruginosa__Ceftazidime__Yorkshire and Humber,lstm
2024-06-01,7.89,False,P-aeruginosa__Ceftazidime__Yorkshire and Humber,lstm
2024-07-01,5.62,False,P-aeruginosa__Ceftazidime__Yorkshire and Humber,lstm
2024-08-01,2.13,False,P-aeruginosa__Ceftazidime__Yorkshire and Humber,lstm
2024-09-01,2.88,False,P-aeruginosa__Ceftazidime__Yorkshire and Humber,lstm
2024-10-01,1.89,False,P-aeruginosa__Ceftazidime__Yorkshire and Humber,lstm
2024-11-01,2.0,False,P-aeruginosa__Ceftazidime__Yorkshire and Humber,lstm
2024-12-01,2.8,False,P-aeruginosa__Ceftazidime__Yorkshire and Humber,lstm
2025-01-01,3.49,False,P-aeruginosa__Ceftazidime__Yorkshire and Humber,lstm
2025-02-01,5.0,False,P-aeruginosa__Ceftazidime__Yorkshire and Humber,lstm
2025-03-01,6.35,False,P-aeruginosa__Ceftazidime__Yorkshire and Humber,lstm
2025-04-01,10.13,False,P-aeruginosa__Ceftazidime__Yorkshire and Humber,lstm
2025-05-01,13.16,False,P-aeruginosa__Ceftazidime__Yorkshire and Humber,lstm
2025-06-01,13.16,False,P-aeruginosa__Ceftazidime__Yorkshire and Humber,lstm
2025-07-01,5.188726569508855,True,P-aeruginosa__Ceftazidime__Yorkshire and Humber,lstm
2025-08-01,4.998399035492878,True,P-aeruginosa__Ceftazidime__Yorkshire and Humber,lstm
2025-09-01,4.905650305418012,True,P-aeruginosa__Ceftazidime__Yorkshire and Humber,lstm
2025-10-01,4.956849084888052,True,P-aeruginosa__Ceftazidime__Yorkshire and Humber,lstm
2025-11-01,5.148024438589791,True,P-aeruginosa__Ceftazidime__Yorkshire and Humber,lstm
2025-12-01,5.468028557068857,True,P-aeruginosa__Ceftazidime__Yorkshire and Humber,lstm
2020-08-01,4.41,False,P-aeruginosa__Ciprofloxacin__East Midlands,lstm
2020-09-01,6.25,False,P-aeruginosa__Ciprofloxacin__East Midlands,lstm
2020-10-01,4.76,False,P-aeruginosa__Ciprofloxacin__East Midlands,lstm
2020-11-01,5.88,False,P-aeruginosa__Ciprofloxacin__East Midlands,lstm
2020-12-01,6.45,False,P-aeruginosa__Ciprofloxacin__East Midlands,lstm
2021-01-01,5.97,False,P-aeruginosa__Ciprofloxacin__East Midlands,lstm
2021-02-01,7.14,False,P-aeruginosa__Ciprofloxacin__East Midlands,lstm
2021-03-01,4.71,False,P-aeruginosa__Ciprofloxacin__East Midlands,lstm
2021-04-01,7.79,False,P-aeruginosa__Ciprofloxacin__East Midlands,lstm
2021-05-01,6.85,False,P-aeruginosa__Ciprofloxacin__East Midlands,lstm
2021-06-01,7.69,False,P-aeruginosa__Ciprofloxacin__East Midlands,lstm
2021-07-01,7.79,False,P-aeruginosa__Ciprofloxacin__East Midlands,lstm
2021-08-01,8.42,False,P-aeruginosa__Ciprofloxacin__East Midlands,lstm
2021-09-01,8.08,False,P-aeruginosa__Ciprofloxacin__East Midlands,lstm
2021-10-01,5.1,False,P-aeruginosa__Ciprofloxacin__East Midlands,lstm
2021-11-01,4.49,False,P-aeruginosa__Ciprofloxacin__East Midlands,lstm
2021-12-01,4.65,False,P-aeruginosa__Ciprofloxacin__East Midlands,lstm
2022-01-01,6.67,False,P-aeruginosa__Ciprofloxacin__East Midlands,lstm
2022-02-01,6.25,False,P-aeruginosa__Ciprofloxacin__East Midlands,lstm
2022-03-01,5.45,False,P-aeruginosa__Ciprofloxacin__East Midlands,lstm
2022-04-01,3.0300000000000002,False,P-aeruginosa__Ciprofloxacin__East Midlands,lstm
2022-05-01,6.02,False,P-aeruginosa__Ciprofloxacin__East Midlands,lstm
2022-06-01,6.32,False,P-aeruginosa__Ciprofloxacin__East Midlands,lstm
2022-07-01,7.61,False,P-aeruginosa__Ciprofloxacin__East Midlands,lstm
2022-08-01,4.26,False,P-aeruginosa__Ciprofloxacin__East Midlands,lstm
2022-09-01,6.0600000000000005,False,P-aeruginosa__Ciprofloxacin__East Midlands,lstm
2022-10-01,6.36,False,P-aeruginosa__Ciprofloxacin__East Midlands,lstm
2022-11-01,8.33,False,P-aeruginosa__Ciprofloxacin__East Midlands,lstm
2022-12-01,6.25,False,P-aeruginosa__Ciprofloxacin__East Midlands,lstm
2023-01-01,5.68,False,P-aeruginosa__Ciprofloxacin__East Midlands,lstm
2023-02-01,3.61,False,P-aeruginosa__Ciprofloxacin__East Midlands,lstm
2023-03-01,6.17,False,P-aeruginosa__Ciprofloxacin__East Midlands,lstm
2023-04-01,7.14,False,P-aeruginosa__Ciprofloxacin__East Midlands,lstm
2023-05-01,10.67,False,P-aeruginosa__Ciprofloxacin__East Midlands,lstm
2023-06-01,7.32,False,P-aeruginosa__Ciprofloxacin__East Midlands,lstm
2023-07-01,6.49,False,P-aeruginosa__Ciprofloxacin__East Midlands,lstm
2023-08-01,3.7,False,P-aeruginosa__Ciprofloxacin__East Midlands,lstm
2023-09-01,6.25,False,P-aeruginosa__Ciprofloxacin__East Midlands,lstm
2023-10-01,6.93,False,P-aeruginosa__Ciprofloxacin__East Midlands,lstm
2023-11-01,9.28,False,P-aeruginosa__Ciprofloxacin__East Midlands,lstm
2023-12-01,10.96,False,P-aeruginosa__Ciprofloxacin__East Midlands,lstm
2024-01-01,6.94,False,P-aeruginosa__Ciprofloxacin__East Midlands,lstm
2024-02-01,6.74,False,P-aeruginosa__Ciprofloxacin__East Midlands,lstm
2024-03-01,4.21,False,P-aeruginosa__Ciprofloxacin__East Midlands,lstm
2024-04-01,9.779999999999998,False,P-aeruginosa__Ciprofloxacin__East Midlands,lstm
2024-05-01,9.3,False,P-aeruginosa__Ciprofloxacin__East Midlands,lstm
2024-06-01,8.16,False,P-aeruginosa__Ciprofloxacin__East Midlands,lstm
2024-07-01,5.43,False,P-aeruginosa__Ciprofloxacin__East Midlands,lstm
2024-08-01,5.43,False,P-aeruginosa__Ciprofloxacin__East Midlands,lstm
2024-09-01,6.1,False,P-aeruginosa__Ciprofloxacin__East Midlands,lstm
2024-10-01,6.74,False,P-aeruginosa__Ciprofloxacin__East Midlands,lstm
2024-11-01,7.69,False,P-aeruginosa__Ciprofloxacin__East Midlands,lstm
2024-12-01,11.9,False,P-aeruginosa__Ciprofloxacin__East Midlands,lstm
2025-01-01,11.59,False,P-aeruginosa__Ciprofloxacin__East Midlands,lstm
2025-02-01,10.14,False,P-aeruginosa__Ciprofloxacin__East Midlands,lstm
2025-03-01,7.9399999999999995,False,P-aeruginosa__Ciprofloxacin__East Midlands,lstm
2025-04-01,8.86,False,P-aeruginosa__Ciprofloxacin__East Midlands,lstm
2025-05-01,10.34,False,P-aeruginosa__Ciprofloxacin__East Midlands,lstm
2025-06-01,8.99,False,P-aeruginosa__Ciprofloxacin__East Midlands,lstm
2025-07-01,7.605648580872634,True,P-aeruginosa__Ciprofloxacin__East Midlands,lstm
2025-08-01,7.817473592846971,True,P-aeruginosa__Ciprofloxacin__East Midlands,lstm
2025-09-01,7.893705378284745,True,P-aeruginosa__Ciprofloxacin__East Midlands,lstm
2025-10-01,8.017683263545727,True,P-aeruginosa__Ciprofloxacin__East Midlands,lstm
2025-11-01,8.178978369310105,True,P-aeruginosa__Ciprofloxacin__East Midlands,lstm
2025-12-01,8.206829097782617,True,P-aeruginosa__Ciprofloxacin__East Midlands,lstm
2020-08-01,10.0,False,P-aeruginosa__Ciprofloxacin__East of England,lstm
2020-09-01,7.09,False,P-aeruginosa__Ciprofloxacin__East of England,lstm
2020-10-01,4.17,False,P-aeruginosa__Ciprofloxacin__East of England,lstm
2020-11-01,4.5,False,P-aeruginosa__Ciprofloxacin__East of England,lstm
2020-12-01,8.51,False,P-aeruginosa__Ciprofloxacin__East of England,lstm
2021-01-01,13.539999999999997,False,P-aeruginosa__Ciprofloxacin__East of England,lstm
2021-02-01,11.700000000000001,False,P-aeruginosa__Ciprofloxacin__East of England,lstm
2021-03-01,13.27,False,P-aeruginosa__Ciprofloxacin__East of England,lstm
2021-04-01,12.619999999999997,False,P-aeruginosa__Ciprofloxacin__East of England,lstm
2021-05-01,11.93,False,P-aeruginosa__Ciprofloxacin__East of England,lstm
2021-06-01,9.24,False,P-aeruginosa__Ciprofloxacin__East of England,lstm
2021-07-01,7.63,False,P-aeruginosa__Ciprofloxacin__East of England,lstm
2021-08-01,7.05,False,P-aeruginosa__Ciprofloxacin__East of England,lstm
2021-09-01,5.449999999999999,False,P-aeruginosa__Ciprofloxacin__East of England,lstm
2021-10-01,4.88,False,P-aeruginosa__Ciprofloxacin__East of England,lstm
2021-11-01,4.41,False,P-aeruginosa__Ciprofloxacin__East of England,lstm
2021-12-01,6.11,False,P-aeruginosa__Ciprofloxacin__East of England,lstm
2022-01-01,7.44,False,P-aeruginosa__Ciprofloxacin__East of England,lstm
2022-02-01,8.26,False,P-aeruginosa__Ciprofloxacin__East of England,lstm
2022-03-01,8.18,False,P-aeruginosa__Ciprofloxacin__East of England,lstm
2022-04-01,9.26,False,P-aeruginosa__Ciprofloxacin__East of England,lstm
2022-05-01,8.55,False,P-aeruginosa__Ciprofloxacin__East of England,lstm
2022-06-01,8.77,False,P-aeruginosa__Ciprofloxacin__East of England,lstm
2022-07-01,6.96,False,P-aeruginosa__Ciprofloxacin__East of England,lstm
2022-08-01,10.34,False,P-aeruginosa__Ciprofloxacin__East of England,lstm
2022-09-01,10.85,False,P-aeruginosa__Ciprofloxacin__East of England,lstm
2022-10-01,8.96,False,P-aeruginosa__Ciprofloxacin__East of England,lstm
2022-11-01,8.33,False,P-aeruginosa__Ciprofloxacin__East of England,lstm
2022-12-01,9.85,False,P-aeruginosa__Ciprofloxacin__East of England,lstm
2023-01-01,11.54,False,P-aeruginosa__Ciprofloxacin__East of England,lstm
2023-02-01,11.020000000000001,False,P-aeruginosa__Ciprofloxacin__East of England,lstm
2023-03-01,7.14,False,P-aeruginosa__Ciprofloxacin__East of England,lstm
2023-04-01,7.2,False,P-aeruginosa__Ciprofloxacin__East of England,lstm
2023-05-01,6.98,False,P-aeruginosa__Ciprofloxacin__East of England,lstm
2023-06-01,7.52,False,P-aeruginosa__Ciprofloxacin__East of England,lstm
2023-07-01,6.98,False,P-aeruginosa__Ciprofloxacin__East of England,lstm
2023-08-01,5.56,False,P-aeruginosa__Ciprofloxacin__East of England,lstm
2023-09-01,5.65,False,P-aeruginosa__Ciprofloxacin__East of England,lstm
2023-10-01,7.53,False,P-aeruginosa__Ciprofloxacin__East of England,lstm
2023-11-01,7.75,False,P-aeruginosa__Ciprofloxacin__East of England,lstm
2023-12-01,6.670000000000001,False,P-aeruginosa__Ciprofloxacin__East of England,lstm
2024-01-01,4.2,False,P-aeruginosa__Ciprofloxacin__East of England,lstm
2024-02-01,3.97,False,P-aeruginosa__Ciprofloxacin__East of England,lstm
2024-03-01,2.99,False,P-aeruginosa__Ciprofloxacin__East of England,lstm
2024-04-01,4.51,False,P-aeruginosa__Ciprofloxacin__East of England,lstm
2024-05-01,5.79,False,P-aeruginosa__Ciprofloxacin__East of England,lstm
2024-06-01,7.14,False,P-aeruginosa__Ciprofloxacin__East of England,lstm
2024-07-01,8.49,False,P-aeruginosa__Ciprofloxacin__East of England,lstm
2024-08-01,6.309999999999999,False,P-aeruginosa__Ciprofloxacin__East of England,lstm
2024-09-01,8.77,False,P-aeruginosa__Ciprofloxacin__East of England,lstm
2024-10-01,5.93,False,P-aeruginosa__Ciprofloxacin__East of England,lstm
2024-11-01,10.79,False,P-aeruginosa__Ciprofloxacin__East of England,lstm
2024-12-01,10.88,False,P-aeruginosa__Ciprofloxacin__East of England,lstm
2025-01-01,13.040000000000001,False,P-aeruginosa__Ciprofloxacin__East of England,lstm
2025-02-01,11.9,False,P-aeruginosa__Ciprofloxacin__East of England,lstm
2025-03-01,9.02,False,P-aeruginosa__Ciprofloxacin__East of England,lstm
2025-04-01,8.74,False,P-aeruginosa__Ciprofloxacin__East of England,lstm
2025-05-01,6.120000000000001,False,P-aeruginosa__Ciprofloxacin__East of England,lstm
2025-06-01,8.7,False,P-aeruginosa__Ciprofloxacin__East of England,lstm
2025-07-01,7.445889585827854,True,P-aeruginosa__Ciprofloxacin__East of England,lstm
2025-08-01,7.729839481926821,True,P-aeruginosa__Ciprofloxacin__East of England,lstm
2025-09-01,7.939421765099358,True,P-aeruginosa__Ciprofloxacin__East of England,lstm
2025-10-01,8.127418342537176,True,P-aeruginosa__Ciprofloxacin__East of England,lstm
2025-11-01,8.195988940039763,True,P-aeruginosa__Ciprofloxacin__East of England,lstm
2025-12-01,8.241632713924623,True,P-aeruginosa__Ciprofloxacin__East of England,lstm
2020-08-01,7.69,False,P-aeruginosa__Ciprofloxacin__London,lstm
2020-09-01,6.559999999999999,False,P-aeruginosa__Ciprofloxacin__London,lstm
2020-10-01,8.88,False,P-aeruginosa__Ciprofloxacin__London,lstm
2020-11-01,6.630000000000001,False,P-aeruginosa__Ciprofloxacin__London,lstm
2020-12-01,9.09,False,P-aeruginosa__Ciprofloxacin__London,lstm
2021-01-01,7.25,False,P-aeruginosa__Ciprofloxacin__London,lstm
2021-02-01,9.27,False,P-aeruginosa__Ciprofloxacin__London,lstm
2021-03-01,11.62,False,P-aeruginosa__Ciprofloxacin__London,lstm
2021-04-01,12.899999999999999,False,P-aeruginosa__Ciprofloxacin__London,lstm
2021-05-01,13.869999999999997,False,P-aeruginosa__Ciprofloxacin__London,lstm
2021-06-01,11.59,False,P-aeruginosa__Ciprofloxacin__London,lstm
2021-07-01,12.05,False,P-aeruginosa__Ciprofloxacin__London,lstm
2021-08-01,10.19,False,P-aeruginosa__Ciprofloxacin__London,lstm
2021-09-01,8.37,False,P-aeruginosa__Ciprofloxacin__London,lstm
2021-10-01,7.14,False,P-aeruginosa__Ciprofloxacin__London,lstm
2021-11-01,5.459999999999999,False,P-aeruginosa__Ciprofloxacin__London,lstm
2021-12-01,7.59,False,P-aeruginosa__Ciprofloxacin__London,lstm
2022-01-01,9.94,False,P-aeruginosa__Ciprofloxacin__London,lstm
2022-02-01,11.19,False,P-aeruginosa__Ciprofloxacin__London,lstm
2022-03-01,10.2,False,P-aeruginosa__Ciprofloxacin__London,lstm
2022-04-01,8.97,False,P-aeruginosa__Ciprofloxacin__London,lstm
2022-05-01,8.12,False,P-aeruginosa__Ciprofloxacin__London,lstm
2022-06-01,8.39,False,P-aeruginosa__Ciprofloxacin__London,lstm
2022-07-01,7.19,False,P-aeruginosa__Ciprofloxacin__London,lstm
2022-08-01,7.82,False,P-aeruginosa__Ciprofloxacin__London,lstm
2022-09-01,6.7,False,P-aeruginosa__Ciprofloxacin__London,lstm
2022-10-01,7.46,False,P-aeruginosa__Ciprofloxacin__London,lstm
2022-11-01,8.37,False,P-aeruginosa__Ciprofloxacin__London,lstm
2022-12-01,7.73,False,P-aeruginosa__Ciprofloxacin__London,lstm
2023-01-01,7.95,False,P-aeruginosa__Ciprofloxacin__London,lstm
2023-02-01,8.02,False,P-aeruginosa__Ciprofloxacin__London,lstm
2023-03-01,9.52,False,P-aeruginosa__Ciprofloxacin__London,lstm
2023-04-01,9.15,False,P-aeruginosa__Ciprofloxacin__London,lstm
2023-05-01,9.8,False,P-aeruginosa__Ciprofloxacin__London,lstm
2023-06-01,8.64,False,P-aeruginosa__Ciprofloxacin__London,lstm
2023-07-01,7.01,False,P-aeruginosa__Ciprofloxacin__London,lstm
2023-08-01,3.0699999999999994,False,P-aeruginosa__Ciprofloxacin__London,lstm
2023-09-01,2.96,False,P-aeruginosa__Ciprofloxacin__London,lstm
2023-10-01,3.41,False,P-aeruginosa__Ciprofloxacin__London,lstm
2023-11-01,6.710000000000001,False,P-aeruginosa__Ciprofloxacin__London,lstm
2023-12-01,6.34,False,P-aeruginosa__Ciprofloxacin__London,lstm
2024-01-01,7.38,False,P-aeruginosa__Ciprofloxacin__London,lstm
2024-02-01,5.34,False,P-aeruginosa__Ciprofloxacin__London,lstm
2024-03-01,5.04,False,P-aeruginosa__Ciprofloxacin__London,lstm
2024-04-01,6.61,False,P-aeruginosa__Ciprofloxacin__London,lstm
2024-05-01,6.72,False,P-aeruginosa__Ciprofloxacin__London,lstm
2024-06-01,7.259999999999999,False,P-aeruginosa__Ciprofloxacin__London,lstm
2024-07-01,5.3,False,P-aeruginosa__Ciprofloxacin__London,lstm
2024-08-01,7.14,False,P-aeruginosa__Ciprofloxacin__London,lstm
2024-09-01,8.22,False,P-aeruginosa__Ciprofloxacin__London,lstm
2024-10-01,9.74,False,P-aeruginosa__Ciprofloxacin__London,lstm
2024-11-01,7.79,False,P-aeruginosa__Ciprofloxacin__London,lstm
2024-12-01,10.77,False,P-aeruginosa__Ciprofloxacin__London,lstm
2025-01-01,10.0,False,P-aeruginosa__Ciprofloxacin__London,lstm
2025-02-01,9.52,False,P-aeruginosa__Ciprofloxacin__London,lstm
2025-03-01,5.66,False,P-aeruginosa__Ciprofloxacin__London,lstm
2025-04-01,3.6699999999999995,False,P-aeruginosa__Ciprofloxacin__London,lstm
2025-05-01,5.17,False,P-aeruginosa__Ciprofloxacin__London,lstm
2025-06-01,2.56,False,P-aeruginosa__Ciprofloxacin__London,lstm
2025-07-01,6.943121640584371,True,P-aeruginosa__Ciprofloxacin__London,lstm
2025-08-01,7.0943867776681255,True,P-aeruginosa__Ciprofloxacin__London,lstm
2025-09-01,7.173355421226859,True,P-aeruginosa__Ciprofloxacin__London,lstm
2025-10-01,7.226784299348191,True,P-aeruginosa__Ciprofloxacin__London,lstm
2025-11-01,7.346357672463914,True,P-aeruginosa__Ciprofloxacin__London,lstm
2025-12-01,7.387986579543276,True,P-aeruginosa__Ciprofloxacin__London,lstm
2020-08-01,2.94,False,P-aeruginosa__Ciprofloxacin__North East,lstm
2020-09-01,4.76,False,P-aeruginosa__Ciprofloxacin__North East,lstm
2020-10-01,1.92,False,P-aeruginosa__Ciprofloxacin__North East,lstm
2020-11-01,3.77,False,P-aeruginosa__Ciprofloxacin__North East,lstm
2020-12-01,5.0,False,P-aeruginosa__Ciprofloxacin__North East,lstm
2021-01-01,6.06,False,P-aeruginosa__Ciprofloxacin__North East,lstm
2021-02-01,6.67,False,P-aeruginosa__Ciprofloxacin__North East,lstm
2021-03-01,6.67,False,P-aeruginosa__Ciprofloxacin__North East,lstm
2021-04-01,18.18,False,P-aeruginosa__Ciprofloxacin__North East,lstm
2021-05-01,14.29,False,P-aeruginosa__Ciprofloxacin__North East,lstm
2021-06-01,14.29,False,P-aeruginosa__Ciprofloxacin__North East,lstm
2021-07-01,9.09,False,P-aeruginosa__Ciprofloxacin__North East,lstm
2021-08-01,12.96,False,P-aeruginosa__Ciprofloxacin__North East,lstm
2021-09-01,15.56,False,P-aeruginosa__Ciprofloxacin__North East,lstm
2021-10-01,18.92,False,P-aeruginosa__Ciprofloxacin__North East,lstm
2021-11-01,17.07,False,P-aeruginosa__Ciprofloxacin__North East,lstm
2021-12-01,13.160000000000002,False,P-aeruginosa__Ciprofloxacin__North East,lstm
2022-01-01,10.26,False,P-aeruginosa__Ciprofloxacin__North East,lstm
2022-02-01,7.69,False,P-aeruginosa__Ciprofloxacin__North East,lstm
2022-03-01,9.76,False,P-aeruginosa__Ciprofloxacin__North East,lstm
2022-04-01,12.12,False,P-aeruginosa__Ciprofloxacin__North East,lstm
2022-05-01,8.82,False,P-aeruginosa__Ciprofloxacin__North East,lstm
2022-06-01,3.12,False,P-aeruginosa__Ciprofloxacin__North East,lstm
2022-07-01,2.56,False,P-aeruginosa__Ciprofloxacin__North East,lstm
2022-08-01,2.56,False,P-aeruginosa__Ciprofloxacin__North East,lstm
2022-09-01,4.17,False,P-aeruginosa__Ciprofloxacin__North East,lstm
2022-10-01,2.27,False,P-aeruginosa__Ciprofloxacin__North East,lstm
2022-11-01,2.44,False,P-aeruginosa__Ciprofloxacin__North East,lstm
2022-12-01,0.0,False,P-aeruginosa__Ciprofloxacin__North East,lstm
2023-01-01,0.0,False,P-aeruginosa__Ciprofloxacin__North East,lstm
2023-02-01,0.0,False,P-aeruginosa__Ciprofloxacin__North East,lstm
2023-03-01,2.38,False,P-aeruginosa__Ciprofloxacin__North East,lstm
2023-04-01,2.44,False,P-aeruginosa__Ciprofloxacin__North East,lstm
2023-05-01,4.65,False,P-aeruginosa__Ciprofloxacin__North East,lstm
2023-06-01,2.33,False,P-aeruginosa__Ciprofloxacin__North East,lstm
2023-07-01,4.0,False,P-aeruginosa__Ciprofloxacin__North East,lstm
2023-08-01,3.77,False,P-aeruginosa__Ciprofloxacin__North East,lstm
2023-09-01,4.17,False,P-aeruginosa__Ciprofloxacin__North East,lstm
2023-10-01,2.27,False,P-aeruginosa__Ciprofloxacin__North East,lstm
2023-11-01,0.0,False,P-aeruginosa__Ciprofloxacin__North East,lstm
2023-12-01,0.0,False,P-aeruginosa__Ciprofloxacin__North East,lstm
2024-01-01,0.0,False,P-aeruginosa__Ciprofloxacin__North East,lstm
2024-02-01,6.25,False,P-aeruginosa__Ciprofloxacin__North East,lstm
2024-03-01,5.88,False,P-aeruginosa__Ciprofloxacin__North East,lstm
2024-04-01,8.57,False,P-aeruginosa__Ciprofloxacin__North East,lstm
2024-05-01,2.78,False,P-aeruginosa__Ciprofloxacin__North East,lstm
2024-06-01,2.56,False,P-aeruginosa__Ciprofloxacin__North East,lstm
2024-07-01,2.63,False,P-aeruginosa__Ciprofloxacin__North East,lstm
2024-08-01,2.44,False,P-aeruginosa__Ciprofloxacin__North East,lstm
2024-09-01,2.13,False,P-aeruginosa__Ciprofloxacin__North East,lstm
2024-10-01,0.0,False,P-aeruginosa__Ciprofloxacin__North East,lstm
2024-11-01,1.96,False,P-aeruginosa__Ciprofloxacin__North East,lstm
2024-12-01,6.52,False,P-aeruginosa__Ciprofloxacin__North East,lstm
2025-01-01,9.76,False,P-aeruginosa__Ciprofloxacin__North East,lstm
2025-02-01,9.38,False,P-aeruginosa__Ciprofloxacin__North East,lstm
2025-03-01,9.68,False,P-aeruginosa__Ciprofloxacin__North East,lstm
2025-04-01,6.25,False,P-aeruginosa__Ciprofloxacin__North East,lstm
2025-05-01,6.9799999999999995,False,P-aeruginosa__Ciprofloxacin__North East,lstm
2025-06-01,2.0,False,P-aeruginosa__Ciprofloxacin__North East,lstm
2025-07-01,3.5913461321809907,True,P-aeruginosa__Ciprofloxacin__North East,lstm
2025-08-01,3.699774597792887,True,P-aeruginosa__Ciprofloxacin__North East,lstm
2025-09-01,3.917971055744165,True,P-aeruginosa__Ciprofloxacin__North East,lstm
2025-10-01,4.093258156358869,True,P-aeruginosa__Ciprofloxacin__North East,lstm
2025-11-01,4.604530322281452,True,P-aeruginosa__Ciprofloxacin__North East,lstm
2025-12-01,4.929336757725264,True,P-aeruginosa__Ciprofloxacin__North East,lstm
2020-08-01,13.269999999999998,False,P-aeruginosa__Ciprofloxacin__North West,lstm
2020-09-01,12.5,False,P-aeruginosa__Ciprofloxacin__North West,lstm
2020-10-01,11.82,False,P-aeruginosa__Ciprofloxacin__North West,lstm
2020-11-01,9.47,False,P-aeruginosa__Ciprofloxacin__North West,lstm
2020-12-01,5.21,False,P-aeruginosa__Ciprofloxacin__North West,lstm
2021-01-01,2.97,False,P-aeruginosa__Ciprofloxacin__North West,lstm
2021-02-01,1.09,False,P-aeruginosa__Ciprofloxacin__North West,lstm
2021-03-01,4.04,False,P-aeruginosa__Ciprofloxacin__North West,lstm
2021-04-01,7.950000000000002,False,P-aeruginosa__Ciprofloxacin__North West,lstm
2021-05-01,10.11,False,P-aeruginosa__Ciprofloxacin__North West,lstm
2021-06-01,10.290000000000001,False,P-aeruginosa__Ciprofloxacin__North West,lstm
2021-07-01,8.64,False,P-aeruginosa__Ciprofloxacin__North West,lstm
2021-08-01,6.06,False,P-aeruginosa__Ciprofloxacin__North West,lstm
2021-09-01,5.36,False,P-aeruginosa__Ciprofloxacin__North West,lstm
2021-10-01,8.33,False,P-aeruginosa__Ciprofloxacin__North West,lstm
2021-11-01,8.65,False,P-aeruginosa__Ciprofloxacin__North West,lstm
2021-12-01,10.89,False,P-aeruginosa__Ciprofloxacin__North West,lstm
2022-01-01,7.500000000000001,False,P-aeruginosa__Ciprofloxacin__North West,lstm
2022-02-01,7.59,False,P-aeruginosa__Ciprofloxacin__North West,lstm
2022-03-01,10.470000000000002,False,P-aeruginosa__Ciprofloxacin__North West,lstm
2022-04-01,7.220000000000001,False,P-aeruginosa__Ciprofloxacin__North West,lstm
2022-05-01,5.71,False,P-aeruginosa__Ciprofloxacin__North West,lstm
2022-06-01,5.0,False,P-aeruginosa__Ciprofloxacin__North West,lstm
2022-07-01,7.07,False,P-aeruginosa__Ciprofloxacin__North West,lstm
2022-08-01,11.110000000000001,False,P-aeruginosa__Ciprofloxacin__North West,lstm
2022-09-01,7.410000000000001,False,P-aeruginosa__Ciprofloxacin__North West,lstm
2022-10-01,10.080000000000002,False,P-aeruginosa__Ciprofloxacin__North West,lstm
2022-11-01,8.85,False,P-aeruginosa__Ciprofloxacin__North West,lstm
2022-12-01,8.91,False,P-aeruginosa__Ciprofloxacin__North West,lstm
2023-01-01,5.56,False,P-aeruginosa__Ciprofloxacin__North West,lstm
2023-02-01,3.1900000000000004,False,P-aeruginosa__Ciprofloxacin__North West,lstm
2023-03-01,3.7700000000000005,False,P-aeruginosa__Ciprofloxacin__North West,lstm
2023-04-01,2.86,False,P-aeruginosa__Ciprofloxacin__North West,lstm
2023-05-01,7.0,False,P-aeruginosa__Ciprofloxacin__North West,lstm
2023-06-01,6.19,False,P-aeruginosa__Ciprofloxacin__North West,lstm
2023-07-01,5.17,False,P-aeruginosa__Ciprofloxacin__North West,lstm
2023-08-01,5.47,False,P-aeruginosa__Ciprofloxacin__North West,lstm
2023-09-01,5.04,False,P-aeruginosa__Ciprofloxacin__North West,lstm
2023-10-01,7.14,False,P-aeruginosa__Ciprofloxacin__North West,lstm
2023-11-01,6.67,False,P-aeruginosa__Ciprofloxacin__North West,lstm
2023-12-01,9.09,False,P-aeruginosa__Ciprofloxacin__North West,lstm
2024-01-01,9.91,False,P-aeruginosa__Ciprofloxacin__North West,lstm
2024-02-01,8.33,False,P-aeruginosa__Ciprofloxacin__North West,lstm
2024-03-01,9.09,False,P-aeruginosa__Ciprofloxacin__North West,lstm
2024-04-01,10.11,False,P-aeruginosa__Ciprofloxacin__North West,lstm
2024-05-01,9.880000000000003,False,P-aeruginosa__Ciprofloxacin__North West,lstm
2024-06-01,8.05,False,P-aeruginosa__Ciprofloxacin__North West,lstm
2024-07-01,9.52,False,P-aeruginosa__Ciprofloxacin__North West,lstm
2024-08-01,8.49,False,P-aeruginosa__Ciprofloxacin__North West,lstm
2024-09-01,9.17,False,P-aeruginosa__Ciprofloxacin__North West,lstm
2024-10-01,7.63,False,P-aeruginosa__Ciprofloxacin__North West,lstm
2024-11-01,9.32,False,P-aeruginosa__Ciprofloxacin__North West,lstm
2024-12-01,8.740000000000002,False,P-aeruginosa__Ciprofloxacin__North West,lstm
2025-01-01,7.290000000000002,False,P-aeruginosa__Ciprofloxacin__North West,lstm
2025-02-01,7.950000000000002,False,P-aeruginosa__Ciprofloxacin__North West,lstm
2025-03-01,8.25,False,P-aeruginosa__Ciprofloxacin__North West,lstm
2025-04-01,8.57,False,P-aeruginosa__Ciprofloxacin__North West,lstm
2025-05-01,8.55,False,P-aeruginosa__Ciprofloxacin__North West,lstm
2025-06-01,7.260000000000001,False,P-aeruginosa__Ciprofloxacin__North West,lstm
2025-07-01,7.8425158818238385,True,P-aeruginosa__Ciprofloxacin__North West,lstm
2025-08-01,8.204327169416514,True,P-aeruginosa__Ciprofloxacin__North West,lstm
2025-09-01,8.456185599238621,True,P-aeruginosa__Ciprofloxacin__North West,lstm
2025-10-01,8.553877766419662,True,P-aeruginosa__Ciprofloxacin__North West,lstm
2025-11-01,8.46757821495038,True,P-aeruginosa__Ciprofloxacin__North West,lstm
2025-12-01,8.182636044140583,True,P-aeruginosa__Ciprofloxacin__North West,lstm
2020-08-01,5.59,False,P-aeruginosa__Ciprofloxacin__South East,lstm
2020-09-01,3.01,False,P-aeruginosa__Ciprofloxacin__South East,lstm
2020-10-01,3.85,False,P-aeruginosa__Ciprofloxacin__South East,lstm
2020-11-01,5.39,False,P-aeruginosa__Ciprofloxacin__South East,lstm
2020-12-01,5.23,False,P-aeruginosa__Ciprofloxacin__South East,lstm
2021-01-01,3.9799999999999995,False,P-aeruginosa__Ciprofloxacin__South East,lstm
2021-02-01,1.78,False,P-aeruginosa__Ciprofloxacin__South East,lstm
2021-03-01,2.65,False,P-aeruginosa__Ciprofloxacin__South East,lstm
2021-04-01,3.4,False,P-aeruginosa__Ciprofloxacin__South East,lstm
2021-05-01,4.2,False,P-aeruginosa__Ciprofloxacin__South East,lstm
2021-06-01,3.64,False,P-aeruginosa__Ciprofloxacin__South East,lstm
2021-07-01,4.07,False,P-aeruginosa__Ciprofloxacin__South East,lstm
2021-08-01,3.53,False,P-aeruginosa__Ciprofloxacin__South East,lstm
2021-09-01,3.18,False,P-aeruginosa__Ciprofloxacin__South East,lstm
2021-10-01,3.29,False,P-aeruginosa__Ciprofloxacin__South East,lstm
2021-11-01,4.38,False,P-aeruginosa__Ciprofloxacin__South East,lstm
2021-12-01,3.85,False,P-aeruginosa__Ciprofloxacin__South East,lstm
2022-01-01,3.64,False,P-aeruginosa__Ciprofloxacin__South East,lstm
2022-02-01,4.03,False,P-aeruginosa__Ciprofloxacin__South East,lstm
2022-03-01,4.76,False,P-aeruginosa__Ciprofloxacin__South East,lstm
2022-04-01,5.15,False,P-aeruginosa__Ciprofloxacin__South East,lstm
2022-05-01,5.93,False,P-aeruginosa__Ciprofloxacin__South East,lstm
2022-06-01,6.25,False,P-aeruginosa__Ciprofloxacin__South East,lstm
2022-07-01,8.07,False,P-aeruginosa__Ciprofloxacin__South East,lstm
2022-08-01,7.180000000000001,False,P-aeruginosa__Ciprofloxacin__South East,lstm
2022-09-01,7.98,False,P-aeruginosa__Ciprofloxacin__South East,lstm
2022-10-01,7.03,False,P-aeruginosa__Ciprofloxacin__South East,lstm
2022-11-01,6.42,False,P-aeruginosa__Ciprofloxacin__South East,lstm
2022-12-01,6.49,False,P-aeruginosa__Ciprofloxacin__South East,lstm
2023-01-01,6.42,False,P-aeruginosa__Ciprofloxacin__South East,lstm
2023-02-01,6.71,False,P-aeruginosa__Ciprofloxacin__South East,lstm
2023-03-01,6.41,False,P-aeruginosa__Ciprofloxacin__South East,lstm
2023-04-01,6.43,False,P-aeruginosa__Ciprofloxacin__South East,lstm
2023-05-01,7.190000000000001,False,P-aeruginosa__Ciprofloxacin__South East,lstm
2023-06-01,7.48,False,P-aeruginosa__Ciprofloxacin__South East,lstm
2023-07-01,6.79,False,P-aeruginosa__Ciprofloxacin__South East,lstm
2023-08-01,5.42,False,P-aeruginosa__Ciprofloxacin__South East,lstm
2023-09-01,6.21,False,P-aeruginosa__Ciprofloxacin__South East,lstm
2023-10-01,6.59,False,P-aeruginosa__Ciprofloxacin__South East,lstm
2023-11-01,8.84,False,P-aeruginosa__Ciprofloxacin__South East,lstm
2023-12-01,7.929999999999999,False,P-aeruginosa__Ciprofloxacin__South East,lstm
2024-01-01,7.6899999999999995,False,P-aeruginosa__Ciprofloxacin__South East,lstm
2024-02-01,5.11,False,P-aeruginosa__Ciprofloxacin__South East,lstm
2024-03-01,5.67,False,P-aeruginosa__Ciprofloxacin__South East,lstm
2024-04-01,6.45,False,P-aeruginosa__Ciprofloxacin__South East,lstm
2024-05-01,7.840000000000001,False,P-aeruginosa__Ciprofloxacin__South East,lstm
2024-06-01,7.65,False,P-aeruginosa__Ciprofloxacin__South East,lstm
2024-07-01,7.34,False,P-aeruginosa__Ciprofloxacin__South East,lstm
2024-08-01,7.25,False,P-aeruginosa__Ciprofloxacin__South East,lstm
2024-09-01,6.6,False,P-aeruginosa__Ciprofloxacin__South East,lstm
2024-10-01,5.18,False,P-aeruginosa__Ciprofloxacin__South East,lstm
2024-11-01,4.97,False,P-aeruginosa__Ciprofloxacin__South East,lstm
2024-12-01,4.97,False,P-aeruginosa__Ciprofloxacin__South East,lstm
2025-01-01,7.78,False,P-aeruginosa__Ciprofloxacin__South East,lstm
2025-02-01,6.37,False,P-aeruginosa__Ciprofloxacin__South East,lstm
2025-03-01,6.25,False,P-aeruginosa__Ciprofloxacin__South East,lstm
2025-04-01,6.76,False,P-aeruginosa__Ciprofloxacin__South East,lstm
2025-05-01,7.6899999999999995,False,P-aeruginosa__Ciprofloxacin__South East,lstm
2025-06-01,8.44,False,P-aeruginosa__Ciprofloxacin__South East,lstm
2025-07-01,6.463624955930072,True,P-aeruginosa__Ciprofloxacin__South East,lstm
2025-08-01,6.624385064902057,True,P-aeruginosa__Ciprofloxacin__South East,lstm
2025-09-01,6.629010843260467,True,P-aeruginosa__Ciprofloxacin__South East,lstm
2025-10-01,6.536472301894055,True,P-aeruginosa__Ciprofloxacin__South East,lstm
2025-11-01,6.414542723728528,True,P-aeruginosa__Ciprofloxacin__South East,lstm
2025-12-01,6.306333796239164,True,P-aeruginosa__Ciprofloxacin__South East,lstm
2020-08-01,4.41,False,P-aeruginosa__Ciprofloxacin__South West,lstm
2020-09-01,3.75,False,P-aeruginosa__Ciprofloxacin__South West,lstm
2020-10-01,5.26,False,P-aeruginosa__Ciprofloxacin__South West,lstm
2020-11-01,4.17,False,P-aeruginosa__Ciprofloxacin__South West,lstm
2020-12-01,5.41,False,P-aeruginosa__Ciprofloxacin__South West,lstm
2021-01-01,5.26,False,P-aeruginosa__Ciprofloxacin__South West,lstm
2021-02-01,5.33,False,P-aeruginosa__Ciprofloxacin__South West,lstm
2021-03-01,4.76,False,P-aeruginosa__Ciprofloxacin__South West,lstm
2021-04-01,6.78,False,P-aeruginosa__Ciprofloxacin__South West,lstm
2021-05-01,7.35,False,P-aeruginosa__Ciprofloxacin__South West,lstm
2021-06-01,7.579999999999999,False,P-aeruginosa__Ciprofloxacin__South West,lstm
2021-07-01,2.63,False,P-aeruginosa__Ciprofloxacin__South West,lstm
2021-08-01,2.38,False,P-aeruginosa__Ciprofloxacin__South West,lstm
2021-09-01,2.3,False,P-aeruginosa__Ciprofloxacin__South West,lstm
2021-10-01,3.2999999999999994,False,P-aeruginosa__Ciprofloxacin__South West,lstm
2021-11-01,2.38,False,P-aeruginosa__Ciprofloxacin__South West,lstm
2021-12-01,2.47,False,P-aeruginosa__Ciprofloxacin__South West,lstm
2022-01-01,4.17,False,P-aeruginosa__Ciprofloxacin__South West,lstm
2022-02-01,6.25,False,P-aeruginosa__Ciprofloxacin__South West,lstm
2022-03-01,5.63,False,P-aeruginosa__Ciprofloxacin__South West,lstm
2022-04-01,4.92,False,P-aeruginosa__Ciprofloxacin__South West,lstm
2022-05-01,6.15,False,P-aeruginosa__Ciprofloxacin__South West,lstm
2022-06-01,4.84,False,P-aeruginosa__Ciprofloxacin__South West,lstm
2022-07-01,2.53,False,P-aeruginosa__Ciprofloxacin__South West,lstm
2022-08-01,1.14,False,P-aeruginosa__Ciprofloxacin__South West,lstm
2022-09-01,3.26,False,P-aeruginosa__Ciprofloxacin__South West,lstm
2022-10-01,6.52,False,P-aeruginosa__Ciprofloxacin__South West,lstm
2022-11-01,8.24,False,P-aeruginosa__Ciprofloxacin__South West,lstm
2022-12-01,8.54,False,P-aeruginosa__Ciprofloxacin__South West,lstm
2023-01-01,5.56,False,P-aeruginosa__Ciprofloxacin__South West,lstm
2023-02-01,3.0299999999999994,False,P-aeruginosa__Ciprofloxacin__South West,lstm
2023-03-01,1.56,False,P-aeruginosa__Ciprofloxacin__South West,lstm
2023-04-01,4.48,False,P-aeruginosa__Ciprofloxacin__South West,lstm
2023-05-01,4.71,False,P-aeruginosa__Ciprofloxacin__South West,lstm
2023-06-01,5.62,False,P-aeruginosa__Ciprofloxacin__South West,lstm
2023-07-01,3.0299999999999994,False,P-aeruginosa__Ciprofloxacin__South West,lstm
2023-08-01,4.44,False,P-aeruginosa__Ciprofloxacin__South West,lstm
2023-09-01,5.68,False,P-aeruginosa__Ciprofloxacin__South West,lstm
2023-10-01,12.5,False,P-aeruginosa__Ciprofloxacin__South West,lstm
2023-11-01,12.79,False,P-aeruginosa__Ciprofloxacin__South West,lstm
2023-12-01,10.59,False,P-aeruginosa__Ciprofloxacin__South West,lstm
2024-01-01,6.67,False,P-aeruginosa__Ciprofloxacin__South West,lstm
2024-02-01,7.46,False,P-aeruginosa__Ciprofloxacin__South West,lstm
2024-03-01,7.46,False,P-aeruginosa__Ciprofloxacin__South West,lstm
2024-04-01,9.59,False,P-aeruginosa__Ciprofloxacin__South West,lstm
2024-05-01,8.43,False,P-aeruginosa__Ciprofloxacin__South West,lstm
2024-06-01,7.89,False,P-aeruginosa__Ciprofloxacin__South West,lstm
2024-07-01,2.9400000000000004,False,P-aeruginosa__Ciprofloxacin__South West,lstm
2024-08-01,4.29,False,P-aeruginosa__Ciprofloxacin__South West,lstm
2024-09-01,8.54,False,P-aeruginosa__Ciprofloxacin__South West,lstm
2024-10-01,7.95,False,P-aeruginosa__Ciprofloxacin__South West,lstm
2024-11-01,5.13,False,P-aeruginosa__Ciprofloxacin__South West,lstm
2024-12-01,5.63,False,P-aeruginosa__Ciprofloxacin__South West,lstm
2025-01-01,7.04,False,P-aeruginosa__Ciprofloxacin__South West,lstm
2025-02-01,12.119999999999997,False,P-aeruginosa__Ciprofloxacin__South West,lstm
2025-03-01,8.2,False,P-aeruginosa__Ciprofloxacin__South West,lstm
2025-04-01,8.11,False,P-aeruginosa__Ciprofloxacin__South West,lstm
2025-05-01,3.49,False,P-aeruginosa__Ciprofloxacin__South West,lstm
2025-06-01,4.44,False,P-aeruginosa__Ciprofloxacin__South West,lstm
2025-07-01,5.7645138412889,True,P-aeruginosa__Ciprofloxacin__South West,lstm
2025-08-01,6.212140354749785,True,P-aeruginosa__Ciprofloxacin__South West,lstm
2025-09-01,6.571320019850854,True,P-aeruginosa__Ciprofloxacin__South West,lstm
2025-10-01,6.933802185413493,True,P-aeruginosa__Ciprofloxacin__South West,lstm
2025-11-01,7.064307057261468,True,P-aeruginosa__Ciprofloxacin__South West,lstm
2025-12-01,7.121106996195392,True,P-aeruginosa__Ciprofloxacin__South West,lstm
2020-08-01,8.7,False,P-aeruginosa__Ciprofloxacin__West Midlands,lstm
2020-09-01,8.74,False,P-aeruginosa__Ciprofloxacin__West Midlands,lstm
2020-10-01,9.18,False,P-aeruginosa__Ciprofloxacin__West Midlands,lstm
2020-11-01,6.8,False,P-aeruginosa__Ciprofloxacin__West Midlands,lstm
2020-12-01,8.04,False,P-aeruginosa__Ciprofloxacin__West Midlands,lstm
2021-01-01,6.09,False,P-aeruginosa__Ciprofloxacin__West Midlands,lstm
2021-02-01,5.36,False,P-aeruginosa__Ciprofloxacin__West Midlands,lstm
2021-03-01,3.8499999999999996,False,P-aeruginosa__Ciprofloxacin__West Midlands,lstm
2021-04-01,9.28,False,P-aeruginosa__Ciprofloxacin__West Midlands,lstm
2021-05-01,12.24,False,P-aeruginosa__Ciprofloxacin__West Midlands,lstm
2021-06-01,12.38,False,P-aeruginosa__Ciprofloxacin__West Midlands,lstm
2021-07-01,7.83,False,P-aeruginosa__Ciprofloxacin__West Midlands,lstm
2021-08-01,5.3,False,P-aeruginosa__Ciprofloxacin__West Midlands,lstm
2021-09-01,4.32,False,P-aeruginosa__Ciprofloxacin__West Midlands,lstm
2021-10-01,5.19,False,P-aeruginosa__Ciprofloxacin__West Midlands,lstm
2021-11-01,5.08,False,P-aeruginosa__Ciprofloxacin__West Midlands,lstm
2021-12-01,7.080000000000001,False,P-aeruginosa__Ciprofloxacin__West Midlands,lstm
2022-01-01,5.5,False,P-aeruginosa__Ciprofloxacin__West Midlands,lstm
2022-02-01,9.17,False,P-aeruginosa__Ciprofloxacin__West Midlands,lstm
2022-03-01,9.0,False,P-aeruginosa__Ciprofloxacin__West Midlands,lstm
2022-04-01,10.48,False,P-aeruginosa__Ciprofloxacin__West Midlands,lstm
2022-05-01,8.7,False,P-aeruginosa__Ciprofloxacin__West Midlands,lstm
2022-06-01,6.52,False,P-aeruginosa__Ciprofloxacin__West Midlands,lstm
2022-07-01,5.95,False,P-aeruginosa__Ciprofloxacin__West Midlands,lstm
2022-08-01,5.71,False,P-aeruginosa__Ciprofloxacin__West Midlands,lstm
2022-09-01,6.669999999999999,False,P-aeruginosa__Ciprofloxacin__West Midlands,lstm
2022-10-01,4.69,False,P-aeruginosa__Ciprofloxacin__West Midlands,lstm
2022-11-01,3.15,False,P-aeruginosa__Ciprofloxacin__West Midlands,lstm
2022-12-01,4.46,False,P-aeruginosa__Ciprofloxacin__West Midlands,lstm
2023-01-01,7.209999999999999,False,P-aeruginosa__Ciprofloxacin__West Midlands,lstm
2023-02-01,8.25,False,P-aeruginosa__Ciprofloxacin__West Midlands,lstm
2023-03-01,8.08,False,P-aeruginosa__Ciprofloxacin__West Midlands,lstm
2023-04-01,10.11,False,P-aeruginosa__Ciprofloxacin__West Midlands,lstm
2023-05-01,13.33,False,P-aeruginosa__Ciprofloxacin__West Midlands,lstm
2023-06-01,13.46,False,P-aeruginosa__Ciprofloxacin__West Midlands,lstm
2023-07-01,13.59,False,P-aeruginosa__Ciprofloxacin__West Midlands,lstm
2023-08-01,8.7,False,P-aeruginosa__Ciprofloxacin__West Midlands,lstm
2023-09-01,4.81,False,P-aeruginosa__Ciprofloxacin__West Midlands,lstm
2023-10-01,3.8499999999999996,False,P-aeruginosa__Ciprofloxacin__West Midlands,lstm
2023-11-01,5.77,False,P-aeruginosa__Ciprofloxacin__West Midlands,lstm
2023-12-01,5.21,False,P-aeruginosa__Ciprofloxacin__West Midlands,lstm
2024-01-01,4.95,False,P-aeruginosa__Ciprofloxacin__West Midlands,lstm
2024-02-01,5.83,False,P-aeruginosa__Ciprofloxacin__West Midlands,lstm
2024-03-01,6.590000000000001,False,P-aeruginosa__Ciprofloxacin__West Midlands,lstm
2024-04-01,6.450000000000001,False,P-aeruginosa__Ciprofloxacin__West Midlands,lstm
2024-05-01,8.14,False,P-aeruginosa__Ciprofloxacin__West Midlands,lstm
2024-06-01,9.91,False,P-aeruginosa__Ciprofloxacin__West Midlands,lstm
2024-07-01,8.47,False,P-aeruginosa__Ciprofloxacin__West Midlands,lstm
2024-08-01,6.35,False,P-aeruginosa__Ciprofloxacin__West Midlands,lstm
2024-09-01,3.3099999999999996,False,P-aeruginosa__Ciprofloxacin__West Midlands,lstm
2024-10-01,5.51,False,P-aeruginosa__Ciprofloxacin__West Midlands,lstm
2024-11-01,7.44,False,P-aeruginosa__Ciprofloxacin__West Midlands,lstm
2024-12-01,10.17,False,P-aeruginosa__Ciprofloxacin__West Midlands,lstm
2025-01-01,9.09,False,P-aeruginosa__Ciprofloxacin__West Midlands,lstm
2025-02-01,6.669999999999999,False,P-aeruginosa__Ciprofloxacin__West Midlands,lstm
2025-03-01,8.08,False,P-aeruginosa__Ciprofloxacin__West Midlands,lstm
2025-04-01,11.49,False,P-aeruginosa__Ciprofloxacin__West Midlands,lstm
2025-05-01,15.379999999999999,False,P-aeruginosa__Ciprofloxacin__West Midlands,lstm
2025-06-01,14.89,False,P-aeruginosa__Ciprofloxacin__West Midlands,lstm
2025-07-01,7.606415817652728,True,P-aeruginosa__Ciprofloxacin__West Midlands,lstm
2025-08-01,6.518420098144092,True,P-aeruginosa__Ciprofloxacin__West Midlands,lstm
2025-09-01,5.468539918498337,True,P-aeruginosa__Ciprofloxacin__West Midlands,lstm
2025-10-01,4.723585587158125,True,P-aeruginosa__Ciprofloxacin__West Midlands,lstm
2025-11-01,4.449942393152428,True,P-aeruginosa__Ciprofloxacin__West Midlands,lstm
2025-12-01,4.787629946344966,True,P-aeruginosa__Ciprofloxacin__West Midlands,lstm
2020-08-01,17.72,False,P-aeruginosa__Ciprofloxacin__Yorkshire and Humber,lstm
2020-09-01,14.74,False,P-aeruginosa__Ciprofloxacin__Yorkshire and Humber,lstm
2020-10-01,16.67,False,P-aeruginosa__Ciprofloxacin__Yorkshire and Humber,lstm
2020-11-01,11.69,False,P-aeruginosa__Ciprofloxacin__Yorkshire and Humber,lstm
2020-12-01,16.67,False,P-aeruginosa__Ciprofloxacin__Yorkshire and Humber,lstm
2021-01-01,14.08,False,P-aeruginosa__Ciprofloxacin__Yorkshire and Humber,lstm
2021-02-01,14.1,False,P-aeruginosa__Ciprofloxacin__Yorkshire and Humber,lstm
2021-03-01,9.88,False,P-aeruginosa__Ciprofloxacin__Yorkshire and Humber,lstm
2021-04-01,11.24,False,P-aeruginosa__Ciprofloxacin__Yorkshire and Humber,lstm
2021-05-01,10.640000000000002,False,P-aeruginosa__Ciprofloxacin__Yorkshire and Humber,lstm
2021-06-01,8.79,False,P-aeruginosa__Ciprofloxacin__Yorkshire and Humber,lstm
2021-07-01,13.54,False,P-aeruginosa__Ciprofloxacin__Yorkshire and Humber,lstm
2021-08-01,12.5,False,P-aeruginosa__Ciprofloxacin__Yorkshire and Humber,lstm
2021-09-01,15.530000000000001,False,P-aeruginosa__Ciprofloxacin__Yorkshire and Humber,lstm
2021-10-01,8.85,False,P-aeruginosa__Ciprofloxacin__Yorkshire and Humber,lstm
2021-11-01,9.01,False,P-aeruginosa__Ciprofloxacin__Yorkshire and Humber,lstm
2021-12-01,10.48,False,P-aeruginosa__Ciprofloxacin__Yorkshire and Humber,lstm
2022-01-01,14.12,False,P-aeruginosa__Ciprofloxacin__Yorkshire and Humber,lstm
2022-02-01,13.92,False,P-aeruginosa__Ciprofloxacin__Yorkshire and Humber,lstm
2022-03-01,12.82,False,P-aeruginosa__Ciprofloxacin__Yorkshire and Humber,lstm
2022-04-01,11.76,False,P-aeruginosa__Ciprofloxacin__Yorkshire and Humber,lstm
2022-05-01,12.5,False,P-aeruginosa__Ciprofloxacin__Yorkshire and Humber,lstm
2022-06-01,12.0,False,P-aeruginosa__Ciprofloxacin__Yorkshire and Humber,lstm
2022-07-01,11.63,False,P-aeruginosa__Ciprofloxacin__Yorkshire and Humber,lstm
2022-08-01,21.51,False,P-aeruginosa__Ciprofloxacin__Yorkshire and Humber,lstm
2022-09-01,23.66,False,P-aeruginosa__Ciprofloxacin__Yorkshire and Humber,lstm
2022-10-01,26.96,False,P-aeruginosa__Ciprofloxacin__Yorkshire and Humber,lstm
2022-11-01,20.19,False,P-aeruginosa__Ciprofloxacin__Yorkshire and Humber,lstm
2022-12-01,15.79,False,P-aeruginosa__Ciprofloxacin__Yorkshire and Humber,lstm
2023-01-01,15.31,False,P-aeruginosa__Ciprofloxacin__Yorkshire and Humber,lstm
2023-02-01,17.24,False,P-aeruginosa__Ciprofloxacin__Yorkshire and Humber,lstm
2023-03-01,23.529999999999998,False,P-aeruginosa__Ciprofloxacin__Yorkshire and Humber,lstm
2023-04-01,19.35,False,P-aeruginosa__Ciprofloxacin__Yorkshire and Humber,lstm
2023-05-01,20.270000000000003,False,P-aeruginosa__Ciprofloxacin__Yorkshire and Humber,lstm
2023-06-01,19.28,False,P-aeruginosa__Ciprofloxacin__Yorkshire and Humber,lstm
2023-07-01,18.29,False,P-aeruginosa__Ciprofloxacin__Yorkshire and Humber,lstm
2023-08-01,20.0,False,P-aeruginosa__Ciprofloxacin__Yorkshire and Humber,lstm
2023-09-01,17.05,False,P-aeruginosa__Ciprofloxacin__Yorkshire and Humber,lstm
2023-10-01,17.98,False,P-aeruginosa__Ciprofloxacin__Yorkshire and Humber,lstm
2023-11-01,15.19,False,P-aeruginosa__Ciprofloxacin__Yorkshire and Humber,lstm
2023-12-01,17.72,False,P-aeruginosa__Ciprofloxacin__Yorkshire and Humber,lstm
2024-01-01,16.85,False,P-aeruginosa__Ciprofloxacin__Yorkshire and Humber,lstm
2024-02-01,17.86,False,P-aeruginosa__Ciprofloxacin__Yorkshire and Humber,lstm
2024-03-01,15.48,False,P-aeruginosa__Ciprofloxacin__Yorkshire and Humber,lstm
2024-04-01,14.86,False,P-aeruginosa__Ciprofloxacin__Yorkshire and Humber,lstm
2024-05-01,13.92,False,P-aeruginosa__Ciprofloxacin__Yorkshire and Humber,lstm
2024-06-01,19.74,False,P-aeruginosa__Ciprofloxacin__Yorkshire and Humber,lstm
2024-07-01,16.87,False,P-aeruginosa__Ciprofloxacin__Yorkshire and Humber,lstm
2024-08-01,16.67,False,P-aeruginosa__Ciprofloxacin__Yorkshire and Humber,lstm
2024-09-01,15.62,False,P-aeruginosa__Ciprofloxacin__Yorkshire and Humber,lstm
2024-10-01,16.67,False,P-aeruginosa__Ciprofloxacin__Yorkshire and Humber,lstm
2024-11-01,16.33,False,P-aeruginosa__Ciprofloxacin__Yorkshire and Humber,lstm
2024-12-01,12.73,False,P-aeruginosa__Ciprofloxacin__Yorkshire and Humber,lstm
2025-01-01,13.829999999999998,False,P-aeruginosa__Ciprofloxacin__Yorkshire and Humber,lstm
2025-02-01,16.09,False,P-aeruginosa__Ciprofloxacin__Yorkshire and Humber,lstm
2025-03-01,17.39,False,P-aeruginosa__Ciprofloxacin__Yorkshire and Humber,lstm
2025-04-01,16.67,False,P-aeruginosa__Ciprofloxacin__Yorkshire and Humber,lstm
2025-05-01,16.22,False,P-aeruginosa__Ciprofloxacin__Yorkshire and Humber,lstm
2025-06-01,14.29,False,P-aeruginosa__Ciprofloxacin__Yorkshire and Humber,lstm
2025-07-01,17.182854549498764,True,P-aeruginosa__Ciprofloxacin__Yorkshire and Humber,lstm
2025-08-01,17.371589398554843,True,P-aeruginosa__Ciprofloxacin__Yorkshire and Humber,lstm
2025-09-01,17.346766848345332,True,P-aeruginosa__Ciprofloxacin__Yorkshire and Humber,lstm
2025-10-01,17.018661861532237,True,P-aeruginosa__Ciprofloxacin__Yorkshire and Humber,lstm
2025-11-01,16.496420708934707,True,P-aeruginosa__Ciprofloxacin__Yorkshire and Humber,lstm
2025-12-01,15.864444580052135,True,P-aeruginosa__Ciprofloxacin__Yorkshire and Humber,lstm
2020-08-01,2.9,False,P-aeruginosa__Piperacillin with tazobactam__East Midlands,lstm
2020-09-01,3.7499999999999996,False,P-aeruginosa__Piperacillin with tazobactam__East Midlands,lstm
2020-10-01,5.95,False,P-aeruginosa__Piperacillin with tazobactam__East Midlands,lstm
2020-11-01,4.41,False,P-aeruginosa__Piperacillin with tazobactam__East Midlands,lstm
2020-12-01,6.45,False,P-aeruginosa__Piperacillin with tazobactam__East Midlands,lstm
2021-01-01,4.55,False,P-aeruginosa__Piperacillin with tazobactam__East Midlands,lstm
2021-02-01,5.8,False,P-aeruginosa__Piperacillin with tazobactam__East Midlands,lstm
2021-03-01,2.35,False,P-aeruginosa__Piperacillin with tazobactam__East Midlands,lstm
2021-04-01,3.7499999999999996,False,P-aeruginosa__Piperacillin with tazobactam__East Midlands,lstm
2021-05-01,3.9500000000000006,False,P-aeruginosa__Piperacillin with tazobactam__East Midlands,lstm
2021-06-01,4.41,False,P-aeruginosa__Piperacillin with tazobactam__East Midlands,lstm
2021-07-01,2.56,False,P-aeruginosa__Piperacillin with tazobactam__East Midlands,lstm
2021-08-01,6.32,False,P-aeruginosa__Piperacillin with tazobactam__East Midlands,lstm
2021-09-01,6.0,False,P-aeruginosa__Piperacillin with tazobactam__East Midlands,lstm
2021-10-01,5.15,False,P-aeruginosa__Piperacillin with tazobactam__East Midlands,lstm
2021-11-01,1.14,False,P-aeruginosa__Piperacillin with tazobactam__East Midlands,lstm
2021-12-01,3.5699999999999994,False,P-aeruginosa__Piperacillin with tazobactam__East Midlands,lstm
2022-01-01,5.41,False,P-aeruginosa__Piperacillin with tazobactam__East Midlands,lstm
2022-02-01,6.25,False,P-aeruginosa__Piperacillin with tazobactam__East Midlands,lstm
2022-03-01,3.7,False,P-aeruginosa__Piperacillin with tazobactam__East Midlands,lstm
2022-04-01,1.54,False,P-aeruginosa__Piperacillin with tazobactam__East Midlands,lstm
2022-05-01,4.76,False,P-aeruginosa__Piperacillin with tazobactam__East Midlands,lstm
2022-06-01,4.17,False,P-aeruginosa__Piperacillin with tazobactam__East Midlands,lstm
2022-07-01,5.49,False,P-aeruginosa__Piperacillin with tazobactam__East Midlands,lstm
2022-08-01,1.09,False,P-aeruginosa__Piperacillin with tazobactam__East Midlands,lstm
2022-09-01,1.02,False,P-aeruginosa__Piperacillin with tazobactam__East Midlands,lstm
2022-10-01,1.79,False,P-aeruginosa__Piperacillin with tazobactam__East Midlands,lstm
2022-11-01,3.7399999999999998,False,P-aeruginosa__Piperacillin with tazobactam__East Midlands,lstm
2022-12-01,5.32,False,P-aeruginosa__Piperacillin with tazobactam__East Midlands,lstm
2023-01-01,5.68,False,P-aeruginosa__Piperacillin with tazobactam__East Midlands,lstm
2023-02-01,4.88,False,P-aeruginosa__Piperacillin with tazobactam__East Midlands,lstm
2023-03-01,4.88,False,P-aeruginosa__Piperacillin with tazobactam__East Midlands,lstm
2023-04-01,3.61,False,P-aeruginosa__Piperacillin with tazobactam__East Midlands,lstm
2023-05-01,2.5,False,P-aeruginosa__Piperacillin with tazobactam__East Midlands,lstm
2023-06-01,1.28,False,P-aeruginosa__Piperacillin with tazobactam__East Midlands,lstm
2023-07-01,2.7,False,P-aeruginosa__Piperacillin with tazobactam__East Midlands,lstm
2023-08-01,5.19,False,P-aeruginosa__Piperacillin with tazobactam__East Midlands,lstm
2023-09-01,5.05,False,P-aeruginosa__Piperacillin with tazobactam__East Midlands,lstm
2023-10-01,3.9599999999999995,False,P-aeruginosa__Piperacillin with tazobactam__East Midlands,lstm
2023-11-01,2.13,False,P-aeruginosa__Piperacillin with tazobactam__East Midlands,lstm
2023-12-01,1.39,False,P-aeruginosa__Piperacillin with tazobactam__East Midlands,lstm
2024-01-01,0.0,False,P-aeruginosa__Piperacillin with tazobactam__East Midlands,lstm
2024-02-01,1.11,False,P-aeruginosa__Piperacillin with tazobactam__East Midlands,lstm
2024-03-01,1.09,False,P-aeruginosa__Piperacillin with tazobactam__East Midlands,lstm
2024-04-01,2.22,False,P-aeruginosa__Piperacillin with tazobactam__East Midlands,lstm
2024-05-01,2.47,False,P-aeruginosa__Piperacillin with tazobactam__East Midlands,lstm
2024-06-01,2.11,False,P-aeruginosa__Piperacillin with tazobactam__East Midlands,lstm
2024-07-01,3.3,False,P-aeruginosa__Piperacillin with tazobactam__East Midlands,lstm
2024-08-01,3.19,False,P-aeruginosa__Piperacillin with tazobactam__East Midlands,lstm
2024-09-01,4.71,False,P-aeruginosa__Piperacillin with tazobactam__East Midlands,lstm
2024-10-01,4.35,False,P-aeruginosa__Piperacillin with tazobactam__East Midlands,lstm
2024-11-01,5.88,False,P-aeruginosa__Piperacillin with tazobactam__East Midlands,lstm
2024-12-01,6.45,False,P-aeruginosa__Piperacillin with tazobactam__East Midlands,lstm
2025-01-01,6.67,False,P-aeruginosa__Piperacillin with tazobactam__East Midlands,lstm
2025-02-01,4.29,False,P-aeruginosa__Piperacillin with tazobactam__East Midlands,lstm
2025-03-01,3.5099999999999993,False,P-aeruginosa__Piperacillin with tazobactam__East Midlands,lstm
2025-04-01,3.85,False,P-aeruginosa__Piperacillin with tazobactam__East Midlands,lstm
2025-05-01,4.71,False,P-aeruginosa__Piperacillin with tazobactam__East Midlands,lstm
2025-06-01,6.52,False,P-aeruginosa__Piperacillin with tazobactam__East Midlands,lstm
2025-07-01,3.5995315710491855,True,P-aeruginosa__Piperacillin with tazobactam__East Midlands,lstm
2025-08-01,3.8115171484206747,True,P-aeruginosa__Piperacillin with tazobactam__East Midlands,lstm
2025-09-01,3.969429392994653,True,P-aeruginosa__Piperacillin with tazobactam__East Midlands,lstm
2025-10-01,4.081376390117507,True,P-aeruginosa__Piperacillin with tazobactam__East Midlands,lstm
2025-11-01,4.127316721834462,True,P-aeruginosa__Piperacillin with tazobactam__East Midlands,lstm
2025-12-01,4.118422463595764,True,P-aeruginosa__Piperacillin with tazobactam__East Midlands,lstm
2020-08-01,10.77,False,P-aeruginosa__Piperacillin with tazobactam__East of England,lstm
2020-09-01,9.290000000000001,False,P-aeruginosa__Piperacillin with tazobactam__East of England,lstm
2020-10-01,10.080000000000002,False,P-aeruginosa__Piperacillin with tazobactam__East of England,lstm
2020-11-01,10.090000000000002,False,P-aeruginosa__Piperacillin with tazobactam__East of England,lstm
2020-12-01,13.04,False,P-aeruginosa__Piperacillin with tazobactam__East of England,lstm
2021-01-01,12.9,False,P-aeruginosa__Piperacillin with tazobactam__East of England,lstm
2021-02-01,11.96,False,P-aeruginosa__Piperacillin with tazobactam__East of England,lstm
2021-03-01,7.140000000000001,False,P-aeruginosa__Piperacillin with tazobactam__East of England,lstm
2021-04-01,5.66,False,P-aeruginosa__Piperacillin with tazobactam__East of England,lstm
2021-05-01,2.68,False,P-aeruginosa__Piperacillin with tazobactam__East of England,lstm
2021-06-01,5.88,False,P-aeruginosa__Piperacillin with tazobactam__East of England,lstm
2021-07-01,6.349999999999999,False,P-aeruginosa__Piperacillin with tazobactam__East of England,lstm
2021-08-01,9.400000000000002,False,P-aeruginosa__Piperacillin with tazobactam__East of England,lstm
2021-09-01,7.740000000000001,False,P-aeruginosa__Piperacillin with tazobactam__East of England,lstm
2021-10-01,8.92,False,P-aeruginosa__Piperacillin with tazobactam__East of England,lstm
2021-11-01,7.58,False,P-aeruginosa__Piperacillin with tazobactam__East of England,lstm
2021-12-01,6.92,False,P-aeruginosa__Piperacillin with tazobactam__East of England,lstm
2022-01-01,5.83,False,P-aeruginosa__Piperacillin with tazobactam__East of England,lstm
2022-02-01,7.56,False,P-aeruginosa__Piperacillin with tazobactam__East of England,lstm
2022-03-01,10.19,False,P-aeruginosa__Piperacillin with tazobactam__East of England,lstm
2022-04-01,7.410000000000001,False,P-aeruginosa__Piperacillin with tazobactam__East of England,lstm
2022-05-01,7.760000000000002,False,P-aeruginosa__Piperacillin with tazobactam__East of England,lstm
2022-06-01,7.960000000000001,False,P-aeruginosa__Piperacillin with tazobactam__East of England,lstm
2022-07-01,8.93,False,P-aeruginosa__Piperacillin with tazobactam__East of England,lstm
2022-08-01,6.249999999999999,False,P-aeruginosa__Piperacillin with tazobactam__East of England,lstm
2022-09-01,4.69,False,P-aeruginosa__Piperacillin with tazobactam__East of England,lstm
2022-10-01,3.68,False,P-aeruginosa__Piperacillin with tazobactam__East of England,lstm
2022-11-01,4.76,False,P-aeruginosa__Piperacillin with tazobactam__East of England,lstm
2022-12-01,4.55,False,P-aeruginosa__Piperacillin with tazobactam__East of England,lstm
2023-01-01,5.6,False,P-aeruginosa__Piperacillin with tazobactam__East of England,lstm
2023-02-01,6.84,False,P-aeruginosa__Piperacillin with tazobactam__East of England,lstm
2023-03-01,7.94,False,P-aeruginosa__Piperacillin with tazobactam__East of England,lstm
2023-04-01,9.380000000000003,False,P-aeruginosa__Piperacillin with tazobactam__East of England,lstm
2023-05-01,6.249999999999999,False,P-aeruginosa__Piperacillin with tazobactam__East of England,lstm
2023-06-01,4.62,False,P-aeruginosa__Piperacillin with tazobactam__East of England,lstm
2023-07-01,3.8800000000000003,False,P-aeruginosa__Piperacillin with tazobactam__East of England,lstm
2023-08-01,5.47,False,P-aeruginosa__Piperacillin with tazobactam__East of England,lstm
2023-09-01,7.09,False,P-aeruginosa__Piperacillin with tazobactam__East of England,lstm
2023-10-01,6.12,False,P-aeruginosa__Piperacillin with tazobactam__East of England,lstm
2023-11-01,5.0,False,P-aeruginosa__Piperacillin with tazobactam__East of England,lstm
2023-12-01,3.01,False,P-aeruginosa__Piperacillin with tazobactam__East of England,lstm
2024-01-01,0.85,False,P-aeruginosa__Piperacillin with tazobactam__East of England,lstm
2024-02-01,1.59,False,P-aeruginosa__Piperacillin with tazobactam__East of England,lstm
2024-03-01,2.99,False,P-aeruginosa__Piperacillin with tazobactam__East of England,lstm
2024-04-01,3.8800000000000003,False,P-aeruginosa__Piperacillin with tazobactam__East of England,lstm
2024-05-01,3.33,False,P-aeruginosa__Piperacillin with tazobactam__East of England,lstm
2024-06-01,3.6400000000000006,False,P-aeruginosa__Piperacillin with tazobactam__East of England,lstm
2024-07-01,6.54,False,P-aeruginosa__Piperacillin with tazobactam__East of England,lstm
2024-08-01,8.41,False,P-aeruginosa__Piperacillin with tazobactam__East of England,lstm
2024-09-01,11.400000000000002,False,P-aeruginosa__Piperacillin with tazobactam__East of England,lstm
2024-10-01,13.240000000000002,False,P-aeruginosa__Piperacillin with tazobactam__East of England,lstm
2024-11-01,12.77,False,P-aeruginosa__Piperacillin with tazobactam__East of England,lstm
2024-12-01,9.74,False,P-aeruginosa__Piperacillin with tazobactam__East of England,lstm
2025-01-01,7.640000000000001,False,P-aeruginosa__Piperacillin with tazobactam__East of England,lstm
2025-02-01,6.02,False,P-aeruginosa__Piperacillin with tazobactam__East of England,lstm
2025-03-01,7.380000000000001,False,P-aeruginosa__Piperacillin with tazobactam__East of England,lstm
2025-04-01,4.85,False,P-aeruginosa__Piperacillin with tazobactam__East of England,lstm
2025-05-01,5.1,False,P-aeruginosa__Piperacillin with tazobactam__East of England,lstm
2025-06-01,3.33,False,P-aeruginosa__Piperacillin with tazobactam__East of England,lstm
2025-07-01,6.653591987250211,True,P-aeruginosa__Piperacillin with tazobactam__East of England,lstm
2025-08-01,7.06391392581668,True,P-aeruginosa__Piperacillin with tazobactam__East of England,lstm
2025-09-01,7.326969059815676,True,P-aeruginosa__Piperacillin with tazobactam__East of England,lstm
2025-10-01,7.317914623996776,True,P-aeruginosa__Piperacillin with tazobactam__East of England,lstm
2025-11-01,7.102299471355342,True,P-aeruginosa__Piperacillin with tazobactam__East of England,lstm
2025-12-01,6.71001595027293,True,P-aeruginosa__Piperacillin with tazobactam__East of England,lstm
2020-08-01,12.24,False,P-aeruginosa__Piperacillin with tazobactam__London,lstm
2020-09-01,9.71,False,P-aeruginosa__Piperacillin with tazobactam__London,lstm
2020-10-01,10.56,False,P-aeruginosa__Piperacillin with tazobactam__London,lstm
2020-11-01,11.66,False,P-aeruginosa__Piperacillin with tazobactam__London,lstm
2020-12-01,14.200000000000001,False,P-aeruginosa__Piperacillin with tazobactam__London,lstm
2021-01-01,11.96,False,P-aeruginosa__Piperacillin with tazobactam__London,lstm
2021-02-01,13.59,False,P-aeruginosa__Piperacillin with tazobactam__London,lstm
2021-03-01,14.140000000000002,False,P-aeruginosa__Piperacillin with tazobactam__London,lstm
2021-04-01,17.65,False,P-aeruginosa__Piperacillin with tazobactam__London,lstm
2021-05-01,17.02,False,P-aeruginosa__Piperacillin with tazobactam__London,lstm
2021-06-01,17.24,False,P-aeruginosa__Piperacillin with tazobactam__London,lstm
2021-07-01,14.450000000000001,False,P-aeruginosa__Piperacillin with tazobactam__London,lstm
2021-08-01,14.150000000000002,False,P-aeruginosa__Piperacillin with tazobactam__London,lstm
2021-09-01,13.000000000000002,False,P-aeruginosa__Piperacillin with tazobactam__London,lstm
2021-10-01,12.620000000000001,False,P-aeruginosa__Piperacillin with tazobactam__London,lstm
2021-11-01,8.33,False,P-aeruginosa__Piperacillin with tazobactam__London,lstm
2021-12-01,7.589999999999999,False,P-aeruginosa__Piperacillin with tazobactam__London,lstm
2022-01-01,8.75,False,P-aeruginosa__Piperacillin with tazobactam__London,lstm
2022-02-01,12.41,False,P-aeruginosa__Piperacillin with tazobactam__London,lstm
2022-03-01,14.09,False,P-aeruginosa__Piperacillin with tazobactam__London,lstm
2022-04-01,14.289999999999997,False,P-aeruginosa__Piperacillin with tazobactam__London,lstm
2022-05-01,13.84,False,P-aeruginosa__Piperacillin with tazobactam__London,lstm
2022-06-01,12.42,False,P-aeruginosa__Piperacillin with tazobactam__London,lstm
2022-07-01,13.94,False,P-aeruginosa__Piperacillin with tazobactam__London,lstm
2022-08-01,13.479999999999999,False,P-aeruginosa__Piperacillin with tazobactam__London,lstm
2022-09-01,14.36,False,P-aeruginosa__Piperacillin with tazobactam__London,lstm
2022-10-01,12.18,False,P-aeruginosa__Piperacillin with tazobactam__London,lstm
2022-11-01,10.71,False,P-aeruginosa__Piperacillin with tazobactam__London,lstm
2022-12-01,8.51,False,P-aeruginosa__Piperacillin with tazobactam__London,lstm
2023-01-01,7.949999999999999,False,P-aeruginosa__Piperacillin with tazobactam__London,lstm
2023-02-01,11.590000000000002,False,P-aeruginosa__Piperacillin with tazobactam__London,lstm
2023-03-01,13.789999999999997,False,P-aeruginosa__Piperacillin with tazobactam__London,lstm
2023-04-01,15.889999999999999,False,P-aeruginosa__Piperacillin with tazobactam__London,lstm
2023-05-01,14.57,False,P-aeruginosa__Piperacillin with tazobactam__London,lstm
2023-06-01,14.289999999999997,False,P-aeruginosa__Piperacillin with tazobactam__London,lstm
2023-07-01,10.39,False,P-aeruginosa__Piperacillin with tazobactam__London,lstm
2023-08-01,10.91,False,P-aeruginosa__Piperacillin with tazobactam__London,lstm
2023-09-01,7.139999999999999,False,P-aeruginosa__Piperacillin with tazobactam__London,lstm
2023-10-01,8.0,False,P-aeruginosa__Piperacillin with tazobactam__London,lstm
2023-11-01,4.83,False,P-aeruginosa__Piperacillin with tazobactam__London,lstm
2023-12-01,7.04,False,P-aeruginosa__Piperacillin with tazobactam__London,lstm
2024-01-01,7.9399999999999995,False,P-aeruginosa__Piperacillin with tazobactam__London,lstm
2024-02-01,7.52,False,P-aeruginosa__Piperacillin with tazobactam__London,lstm
2024-03-01,6.03,False,P-aeruginosa__Piperacillin with tazobactam__London,lstm
2024-04-01,7.080000000000001,False,P-aeruginosa__Piperacillin with tazobactam__London,lstm
2024-05-01,7.89,False,P-aeruginosa__Piperacillin with tazobactam__London,lstm
2024-06-01,7.139999999999999,False,P-aeruginosa__Piperacillin with tazobactam__London,lstm
2024-07-01,5.8,False,P-aeruginosa__Piperacillin with tazobactam__London,lstm
2024-08-01,5.43,False,P-aeruginosa__Piperacillin with tazobactam__London,lstm
2024-09-01,8.78,False,P-aeruginosa__Piperacillin with tazobactam__London,lstm
2024-10-01,9.93,False,P-aeruginosa__Piperacillin with tazobactam__London,lstm
2024-11-01,9.09,False,P-aeruginosa__Piperacillin with tazobactam__London,lstm
2024-12-01,9.23,False,P-aeruginosa__Piperacillin with tazobactam__London,lstm
2025-01-01,11.71,False,P-aeruginosa__Piperacillin with tazobactam__London,lstm
2025-02-01,16.5,False,P-aeruginosa__Piperacillin with tazobactam__London,lstm
2025-03-01,12.0,False,P-aeruginosa__Piperacillin with tazobactam__London,lstm
2025-04-01,11.43,False,P-aeruginosa__Piperacillin with tazobactam__London,lstm
2025-05-01,9.17,False,P-aeruginosa__Piperacillin with tazobactam__London,lstm
2025-06-01,8.7,False,P-aeruginosa__Piperacillin with tazobactam__London,lstm
2025-07-01,9.093492090812001,True,P-aeruginosa__Piperacillin with tazobactam__London,lstm
2025-08-01,8.92346345169885,True,P-aeruginosa__Piperacillin with tazobactam__London,lstm
2025-09-01,8.593773214793814,True,P-aeruginosa__Piperacillin with tazobactam__London,lstm
2025-10-01,8.296027288329787,True,P-aeruginosa__Piperacillin with tazobactam__London,lstm
2025-11-01,8.104587900398002,True,P-aeruginosa__Piperacillin with tazobactam__London,lstm
2025-12-01,8.113874574575792,True,P-aeruginosa__Piperacillin with tazobactam__London,lstm
2020-08-01,0.0,False,P-aeruginosa__Piperacillin with tazobactam__North East,lstm
2020-09-01,0.0,False,P-aeruginosa__Piperacillin with tazobactam__North East,lstm
2020-10-01,1.92,False,P-aeruginosa__Piperacillin with tazobactam__North East,lstm
2020-11-01,1.89,False,P-aeruginosa__Piperacillin with tazobactam__North East,lstm
2020-12-01,2.56,False,P-aeruginosa__Piperacillin with tazobactam__North East,lstm
2021-01-01,0.0,False,P-aeruginosa__Piperacillin with tazobactam__North East,lstm
2021-02-01,0.0,False,P-aeruginosa__Piperacillin with tazobactam__North East,lstm
2021-03-01,3.33,False,P-aeruginosa__Piperacillin with tazobactam__North East,lstm
2021-04-01,6.06,False,P-aeruginosa__Piperacillin with tazobactam__North East,lstm
2021-05-01,8.57,False,P-aeruginosa__Piperacillin with tazobactam__North East,lstm
2021-06-01,8.16,False,P-aeruginosa__Piperacillin with tazobactam__North East,lstm
2021-07-01,5.88,False,P-aeruginosa__Piperacillin with tazobactam__North East,lstm
2021-08-01,4.0,False,P-aeruginosa__Piperacillin with tazobactam__North East,lstm
2021-09-01,2.44,False,P-aeruginosa__Piperacillin with tazobactam__North East,lstm
2021-10-01,5.56,False,P-aeruginosa__Piperacillin with tazobactam__North East,lstm
2021-11-01,7.32,False,P-aeruginosa__Piperacillin with tazobactam__North East,lstm
2021-12-01,5.41,False,P-aeruginosa__Piperacillin with tazobactam__North East,lstm
2022-01-01,5.0,False,P-aeruginosa__Piperacillin with tazobactam__North East,lstm
2022-02-01,5.13,False,P-aeruginosa__Piperacillin with tazobactam__North East,lstm
2022-03-01,4.76,False,P-aeruginosa__Piperacillin with tazobactam__North East,lstm
2022-04-01,3.03,False,P-aeruginosa__Piperacillin with tazobactam__North East,lstm
2022-05-01,0.0,False,P-aeruginosa__Piperacillin with tazobactam__North East,lstm
2022-06-01,0.0,False,P-aeruginosa__Piperacillin with tazobactam__North East,lstm
2022-07-01,0.0,False,P-aeruginosa__Piperacillin with tazobactam__North East,lstm
2022-08-01,0.0,False,P-aeruginosa__Piperacillin with tazobactam__North East,lstm
2022-09-01,2.04,False,P-aeruginosa__Piperacillin with tazobactam__North East,lstm
2022-10-01,6.669999999999999,False,P-aeruginosa__Piperacillin with tazobactam__North East,lstm
2022-11-01,6.98,False,P-aeruginosa__Piperacillin with tazobactam__North East,lstm
2022-12-01,11.76,False,P-aeruginosa__Piperacillin with tazobactam__North East,lstm
2023-01-01,6.06,False,P-aeruginosa__Piperacillin with tazobactam__North East,lstm
2023-02-01,5.41,False,P-aeruginosa__Piperacillin with tazobactam__North East,lstm
2023-03-01,0.0,False,P-aeruginosa__Piperacillin with tazobactam__North East,lstm
2023-04-01,0.0,False,P-aeruginosa__Piperacillin with tazobactam__North East,lstm
2023-05-01,0.0,False,P-aeruginosa__Piperacillin with tazobactam__North East,lstm
2023-06-01,0.0,False,P-aeruginosa__Piperacillin with tazobactam__North East,lstm
2023-07-01,0.0,False,P-aeruginosa__Piperacillin with tazobactam__North East,lstm
2023-08-01,0.0,False,P-aeruginosa__Piperacillin with tazobactam__North East,lstm
2023-09-01,0.0,False,P-aeruginosa__Piperacillin with tazobactam__North East,lstm
2023-10-01,2.17,False,P-aeruginosa__Piperacillin with tazobactam__North East,lstm
2023-11-01,2.5,False,P-aeruginosa__Piperacillin with tazobactam__North East,lstm
2023-12-01,2.78,False,P-aeruginosa__Piperacillin with tazobactam__North East,lstm
2024-01-01,0.0,False,P-aeruginosa__Piperacillin with tazobactam__North East,lstm
2024-02-01,2.7,False,P-aeruginosa__Piperacillin with tazobactam__North East,lstm
2024-03-01,2.78,False,P-aeruginosa__Piperacillin with tazobactam__North East,lstm
2024-04-01,5.41,False,P-aeruginosa__Piperacillin with tazobactam__North East,lstm
2024-05-01,2.86,False,P-aeruginosa__Piperacillin with tazobactam__North East,lstm
2024-06-01,4.88,False,P-aeruginosa__Piperacillin with tazobactam__North East,lstm
2024-07-01,2.38,False,P-aeruginosa__Piperacillin with tazobactam__North East,lstm
2024-08-01,2.27,False,P-aeruginosa__Piperacillin with tazobactam__North East,lstm
2024-09-01,0.0,False,P-aeruginosa__Piperacillin with tazobactam__North East,lstm
2024-10-01,2.04,False,P-aeruginosa__Piperacillin with tazobactam__North East,lstm
2024-11-01,3.77,False,P-aeruginosa__Piperacillin with tazobactam__North East,lstm
2024-12-01,6.25,False,P-aeruginosa__Piperacillin with tazobactam__North East,lstm
2025-01-01,7.14,False,P-aeruginosa__Piperacillin with tazobactam__North East,lstm
2025-02-01,5.88,False,P-aeruginosa__Piperacillin with tazobactam__North East,lstm
2025-03-01,6.06,False,P-aeruginosa__Piperacillin with tazobactam__North East,lstm
2025-04-01,2.86,False,P-aeruginosa__Piperacillin with tazobactam__North East,lstm
2025-05-01,2.27,False,P-aeruginosa__Piperacillin with tazobactam__North East,lstm
2025-06-01,1.96,False,P-aeruginosa__Piperacillin with tazobactam__North East,lstm
2025-07-01,0.33279585129140515,True,P-aeruginosa__Piperacillin with tazobactam__North East,lstm
2025-08-01,0.8823579657812628,True,P-aeruginosa__Piperacillin with tazobactam__North East,lstm
2025-09-01,1.8720044679952659,True,P-aeruginosa__Piperacillin with tazobactam__North East,lstm
2025-10-01,3.2265718751660337,True,P-aeruginosa__Piperacillin with tazobactam__North East,lstm
2025-11-01,4.5850148668302415,True,P-aeruginosa__Piperacillin with tazobactam__North East,lstm
2025-12-01,5.5700356645976035,True,P-aeruginosa__Piperacillin with tazobactam__North East,lstm
2020-08-01,9.569999999999999,False,P-aeruginosa__Piperacillin with tazobactam__North West,lstm
2020-09-01,10.74,False,P-aeruginosa__Piperacillin with tazobactam__North West,lstm
2020-10-01,9.009999999999998,False,P-aeruginosa__Piperacillin with tazobactam__North West,lstm
2020-11-01,7.289999999999999,False,P-aeruginosa__Piperacillin with tazobactam__North West,lstm
2020-12-01,4.08,False,P-aeruginosa__Piperacillin with tazobactam__North West,lstm
2021-01-01,2.02,False,P-aeruginosa__Piperacillin with tazobactam__North West,lstm
2021-02-01,2.2,False,P-aeruginosa__Piperacillin with tazobactam__North West,lstm
2021-03-01,5.1,False,P-aeruginosa__Piperacillin with tazobactam__North West,lstm
2021-04-01,6.52,False,P-aeruginosa__Piperacillin with tazobactam__North West,lstm
2021-05-01,6.590000000000001,False,P-aeruginosa__Piperacillin with tazobactam__North West,lstm
2021-06-01,4.29,False,P-aeruginosa__Piperacillin with tazobactam__North West,lstm
2021-07-01,7.410000000000001,False,P-aeruginosa__Piperacillin with tazobactam__North West,lstm
2021-08-01,10.2,False,P-aeruginosa__Piperacillin with tazobactam__North West,lstm
2021-09-01,11.709999999999999,False,P-aeruginosa__Piperacillin with tazobactam__North West,lstm
2021-10-01,14.41,False,P-aeruginosa__Piperacillin with tazobactam__North West,lstm
2021-11-01,13.46,False,P-aeruginosa__Piperacillin with tazobactam__North West,lstm
2021-12-01,13.73,False,P-aeruginosa__Piperacillin with tazobactam__North West,lstm
2022-01-01,10.98,False,P-aeruginosa__Piperacillin with tazobactam__North West,lstm
2022-02-01,11.109999999999998,False,P-aeruginosa__Piperacillin with tazobactam__North West,lstm
2022-03-01,8.14,False,P-aeruginosa__Piperacillin with tazobactam__North West,lstm
2022-04-01,7.289999999999999,False,P-aeruginosa__Piperacillin with tazobactam__North West,lstm
2022-05-01,8.819999999999999,False,P-aeruginosa__Piperacillin with tazobactam__North West,lstm
2022-06-01,12.0,False,P-aeruginosa__Piperacillin with tazobactam__North West,lstm
2022-07-01,10.0,False,P-aeruginosa__Piperacillin with tazobactam__North West,lstm
2022-08-01,8.91,False,P-aeruginosa__Piperacillin with tazobactam__North West,lstm
2022-09-01,5.45,False,P-aeruginosa__Piperacillin with tazobactam__North West,lstm
2022-10-01,7.690000000000001,False,P-aeruginosa__Piperacillin with tazobactam__North West,lstm
2022-11-01,8.259999999999998,False,P-aeruginosa__Piperacillin with tazobactam__North West,lstm
2022-12-01,9.569999999999999,False,P-aeruginosa__Piperacillin with tazobactam__North West,lstm
2023-01-01,8.05,False,P-aeruginosa__Piperacillin with tazobactam__North West,lstm
2023-02-01,7.78,False,P-aeruginosa__Piperacillin with tazobactam__North West,lstm
2023-03-01,11.209999999999999,False,P-aeruginosa__Piperacillin with tazobactam__North West,lstm
2023-04-01,12.96,False,P-aeruginosa__Piperacillin with tazobactam__North West,lstm
2023-05-01,11.649999999999999,False,P-aeruginosa__Piperacillin with tazobactam__North West,lstm
2023-06-01,6.249999999999999,False,P-aeruginosa__Piperacillin with tazobactam__North West,lstm
2023-07-01,3.6400000000000006,False,P-aeruginosa__Piperacillin with tazobactam__North West,lstm
2023-08-01,8.73,False,P-aeruginosa__Piperacillin with tazobactam__North West,lstm
2023-09-01,11.02,False,P-aeruginosa__Piperacillin with tazobactam__North West,lstm
2023-10-01,13.04,False,P-aeruginosa__Piperacillin with tazobactam__North West,lstm
2023-11-01,10.089999999999998,False,P-aeruginosa__Piperacillin with tazobactam__North West,lstm
2023-12-01,13.28,False,P-aeruginosa__Piperacillin with tazobactam__North West,lstm
2024-01-01,13.68,False,P-aeruginosa__Piperacillin with tazobactam__North West,lstm
2024-02-01,12.28,False,P-aeruginosa__Piperacillin with tazobactam__North West,lstm
2024-03-01,8.99,False,P-aeruginosa__Piperacillin with tazobactam__North West,lstm
2024-04-01,10.99,False,P-aeruginosa__Piperacillin with tazobactam__North West,lstm
2024-05-01,13.750000000000002,False,P-aeruginosa__Piperacillin with tazobactam__North West,lstm
2024-06-01,12.939999999999998,False,P-aeruginosa__Piperacillin with tazobactam__North West,lstm
2024-07-01,10.26,False,P-aeruginosa__Piperacillin with tazobactam__North West,lstm
2024-08-01,7.920000000000001,False,P-aeruginosa__Piperacillin with tazobactam__North West,lstm
2024-09-01,6.779999999999999,False,P-aeruginosa__Piperacillin with tazobactam__North West,lstm
2024-10-01,6.92,False,P-aeruginosa__Piperacillin with tazobactam__North West,lstm
2024-11-01,10.529999999999998,False,P-aeruginosa__Piperacillin with tazobactam__North West,lstm
2024-12-01,10.2,False,P-aeruginosa__Piperacillin with tazobactam__North West,lstm
2025-01-01,7.950000000000001,False,P-aeruginosa__Piperacillin with tazobactam__North West,lstm
2025-02-01,3.6599999999999997,False,P-aeruginosa__Piperacillin with tazobactam__North West,lstm
2025-03-01,5.56,False,P-aeruginosa__Piperacillin with tazobactam__North West,lstm
2025-04-01,9.43,False,P-aeruginosa__Piperacillin with tazobactam__North West,lstm
2025-05-01,10.26,False,P-aeruginosa__Piperacillin with tazobactam__North West,lstm
2025-06-01,10.48,False,P-aeruginosa__Piperacillin with tazobactam__North West,lstm
2025-07-01,9.45992714068457,True,P-aeruginosa__Piperacillin with tazobactam__North West,lstm
2025-08-01,9.62014251132194,True,P-aeruginosa__Piperacillin with tazobactam__North West,lstm
2025-09-01,9.80554903332322,True,P-aeruginosa__Piperacillin with tazobactam__North West,lstm
2025-10-01,10.028532518665099,True,P-aeruginosa__Piperacillin with tazobactam__North West,lstm
2025-11-01,10.123613513242544,True,P-aeruginosa__Piperacillin with tazobactam__North West,lstm
2025-12-01,10.070204202272354,True,P-aeruginosa__Piperacillin with tazobactam__North West,lstm
2020-08-01,3.45,False,P-aeruginosa__Piperacillin with tazobactam__South East,lstm
2020-09-01,3.15,False,P-aeruginosa__Piperacillin with tazobactam__South East,lstm
2020-10-01,2.52,False,P-aeruginosa__Piperacillin with tazobactam__South East,lstm
2020-11-01,4.0,False,P-aeruginosa__Piperacillin with tazobactam__South East,lstm
2020-12-01,9.02,False,P-aeruginosa__Piperacillin with tazobactam__South East,lstm
2021-01-01,8.73,False,P-aeruginosa__Piperacillin with tazobactam__South East,lstm
2021-02-01,9.45,False,P-aeruginosa__Piperacillin with tazobactam__South East,lstm
2021-03-01,6.72,False,P-aeruginosa__Piperacillin with tazobactam__South East,lstm
2021-04-01,10.17,False,P-aeruginosa__Piperacillin with tazobactam__South East,lstm
2021-05-01,6.84,False,P-aeruginosa__Piperacillin with tazobactam__South East,lstm
2021-06-01,6.62,False,P-aeruginosa__Piperacillin with tazobactam__South East,lstm
2021-07-01,5.04,False,P-aeruginosa__Piperacillin with tazobactam__South East,lstm
2021-08-01,9.02,False,P-aeruginosa__Piperacillin with tazobactam__South East,lstm
2021-09-01,8.4,False,P-aeruginosa__Piperacillin with tazobactam__South East,lstm
2021-10-01,9.73,False,P-aeruginosa__Piperacillin with tazobactam__South East,lstm
2021-11-01,7.56,False,P-aeruginosa__Piperacillin with tazobactam__South East,lstm
2021-12-01,6.19,False,P-aeruginosa__Piperacillin with tazobactam__South East,lstm
2022-01-01,5.79,False,P-aeruginosa__Piperacillin with tazobactam__South East,lstm
2022-02-01,4.55,False,P-aeruginosa__Piperacillin with tazobactam__South East,lstm
2022-03-01,7.62,False,P-aeruginosa__Piperacillin with tazobactam__South East,lstm
2022-04-01,5.32,False,P-aeruginosa__Piperacillin with tazobactam__South East,lstm
2022-05-01,9.64,False,P-aeruginosa__Piperacillin with tazobactam__South East,lstm
2022-06-01,6.929999999999999,False,P-aeruginosa__Piperacillin with tazobactam__South East,lstm
2022-07-01,8.33,False,P-aeruginosa__Piperacillin with tazobactam__South East,lstm
2022-08-01,6.62,False,P-aeruginosa__Piperacillin with tazobactam__South East,lstm
2022-09-01,7.52,False,P-aeruginosa__Piperacillin with tazobactam__South East,lstm
2022-10-01,9.38,False,P-aeruginosa__Piperacillin with tazobactam__South East,lstm
2022-11-01,10.14,False,P-aeruginosa__Piperacillin with tazobactam__South East,lstm
2022-12-01,11.589999999999998,False,P-aeruginosa__Piperacillin with tazobactam__South East,lstm
2023-01-01,8.63,False,P-aeruginosa__Piperacillin with tazobactam__South East,lstm
2023-02-01,8.06,False,P-aeruginosa__Piperacillin with tazobactam__South East,lstm
2023-03-01,8.11,False,P-aeruginosa__Piperacillin with tazobactam__South East,lstm
2023-04-01,12.999999999999998,False,P-aeruginosa__Piperacillin with tazobactam__South East,lstm
2023-05-01,11.649999999999999,False,P-aeruginosa__Piperacillin with tazobactam__South East,lstm
2023-06-01,11.21,False,P-aeruginosa__Piperacillin with tazobactam__South East,lstm
2023-07-01,10.09,False,P-aeruginosa__Piperacillin with tazobactam__South East,lstm
2023-08-01,8.18,False,P-aeruginosa__Piperacillin with tazobactam__South East,lstm
2023-09-01,6.19,False,P-aeruginosa__Piperacillin with tazobactam__South East,lstm
2023-10-01,5.170000000000001,False,P-aeruginosa__Piperacillin with tazobactam__South East,lstm
2023-11-01,9.3,False,P-aeruginosa__Piperacillin with tazobactam__South East,lstm
2023-12-01,9.57,False,P-aeruginosa__Piperacillin with tazobactam__South East,lstm
2024-01-01,7.48,False,P-aeruginosa__Piperacillin with tazobactam__South East,lstm
2024-02-01,3.23,False,P-aeruginosa__Piperacillin with tazobactam__South East,lstm
2024-03-01,4.85,False,P-aeruginosa__Piperacillin with tazobactam__South East,lstm
2024-04-01,8.11,False,P-aeruginosa__Piperacillin with tazobactam__South East,lstm
2024-05-01,9.65,False,P-aeruginosa__Piperacillin with tazobactam__South East,lstm
2024-06-01,8.8,False,P-aeruginosa__Piperacillin with tazobactam__South East,lstm
2024-07-01,7.14,False,P-aeruginosa__Piperacillin with tazobactam__South East,lstm
2024-08-01,7.48,False,P-aeruginosa__Piperacillin with tazobactam__South East,lstm
2024-09-01,8.97,False,P-aeruginosa__Piperacillin with tazobactam__South East,lstm
2024-10-01,8.12,False,P-aeruginosa__Piperacillin with tazobactam__South East,lstm
2024-11-01,7.51,False,P-aeruginosa__Piperacillin with tazobactam__South East,lstm
2024-12-01,6.71,False,P-aeruginosa__Piperacillin with tazobactam__South East,lstm
2025-01-01,5.36,False,P-aeruginosa__Piperacillin with tazobactam__South East,lstm
2025-02-01,4.52,False,P-aeruginosa__Piperacillin with tazobactam__South East,lstm
2025-03-01,3.27,False,P-aeruginosa__Piperacillin with tazobactam__South East,lstm
2025-04-01,6.94,False,P-aeruginosa__Piperacillin with tazobactam__South East,lstm
2025-05-01,5.960000000000001,False,P-aeruginosa__Piperacillin with tazobactam__South East,lstm
2025-06-01,5.73,False,P-aeruginosa__Piperacillin with tazobactam__South East,lstm
2025-07-01,8.006571655940393,True,P-aeruginosa__Piperacillin with tazobactam__South East,lstm
2025-08-01,8.005524625703107,True,P-aeruginosa__Piperacillin with tazobactam__South East,lstm
2025-09-01,7.786803408357054,True,P-aeruginosa__Piperacillin with tazobactam__South East,lstm
2025-10-01,7.576062115121554,True,P-aeruginosa__Piperacillin with tazobactam__South East,lstm
2025-11-01,7.224202050361357,True,P-aeruginosa__Piperacillin with tazobactam__South East,lstm
2025-12-01,6.861061891502297,True,P-aeruginosa__Piperacillin with tazobactam__South East,lstm
2020-08-01,11.27,False,P-aeruginosa__Piperacillin with tazobactam__South West,lstm
2020-09-01,12.2,False,P-aeruginosa__Piperacillin with tazobactam__South West,lstm
2020-10-01,14.1,False,P-aeruginosa__Piperacillin with tazobactam__South West,lstm
2020-11-01,10.67,False,P-aeruginosa__Piperacillin with tazobactam__South West,lstm
2020-12-01,10.81,False,P-aeruginosa__Piperacillin with tazobactam__South West,lstm
2021-01-01,10.39,False,P-aeruginosa__Piperacillin with tazobactam__South West,lstm
2021-02-01,12.33,False,P-aeruginosa__Piperacillin with tazobactam__South West,lstm
2021-03-01,12.12,False,P-aeruginosa__Piperacillin with tazobactam__South West,lstm
2021-04-01,10.0,False,P-aeruginosa__Piperacillin with tazobactam__South West,lstm
2021-05-01,8.0,False,P-aeruginosa__Piperacillin with tazobactam__South West,lstm
2021-06-01,9.59,False,P-aeruginosa__Piperacillin with tazobactam__South West,lstm
2021-07-01,10.47,False,P-aeruginosa__Piperacillin with tazobactam__South West,lstm
2021-08-01,11.11,False,P-aeruginosa__Piperacillin with tazobactam__South West,lstm
2021-09-01,7.609999999999999,False,P-aeruginosa__Piperacillin with tazobactam__South West,lstm
2021-10-01,7.609999999999999,False,P-aeruginosa__Piperacillin with tazobactam__South West,lstm
2021-11-01,5.95,False,P-aeruginosa__Piperacillin with tazobactam__South West,lstm
2021-12-01,6.1,False,P-aeruginosa__Piperacillin with tazobactam__South West,lstm
2022-01-01,4.05,False,P-aeruginosa__Piperacillin with tazobactam__South West,lstm
2022-02-01,2.9,False,P-aeruginosa__Piperacillin with tazobactam__South West,lstm
2022-03-01,2.7,False,P-aeruginosa__Piperacillin with tazobactam__South West,lstm
2022-04-01,1.56,False,P-aeruginosa__Piperacillin with tazobactam__South West,lstm
2022-05-01,3.08,False,P-aeruginosa__Piperacillin with tazobactam__South West,lstm
2022-06-01,6.35,False,P-aeruginosa__Piperacillin with tazobactam__South West,lstm
2022-07-01,6.33,False,P-aeruginosa__Piperacillin with tazobactam__South West,lstm
2022-08-01,5.75,False,P-aeruginosa__Piperacillin with tazobactam__South West,lstm
2022-09-01,6.74,False,P-aeruginosa__Piperacillin with tazobactam__South West,lstm
2022-10-01,7.869999999999999,False,P-aeruginosa__Piperacillin with tazobactam__South West,lstm
2022-11-01,12.2,False,P-aeruginosa__Piperacillin with tazobactam__South West,lstm
2022-12-01,10.71,False,P-aeruginosa__Piperacillin with tazobactam__South West,lstm
2023-01-01,7.890000000000001,False,P-aeruginosa__Piperacillin with tazobactam__South West,lstm
2023-02-01,2.9,False,P-aeruginosa__Piperacillin with tazobactam__South West,lstm
2023-03-01,0.0,False,P-aeruginosa__Piperacillin with tazobactam__South West,lstm
2023-04-01,0.0,False,P-aeruginosa__Piperacillin with tazobactam__South West,lstm
2023-05-01,2.33,False,P-aeruginosa__Piperacillin with tazobactam__South West,lstm
2023-06-01,2.3,False,P-aeruginosa__Piperacillin with tazobactam__South West,lstm
2023-07-01,5.15,False,P-aeruginosa__Piperacillin with tazobactam__South West,lstm
2023-08-01,4.49,False,P-aeruginosa__Piperacillin with tazobactam__South West,lstm
2023-09-01,7.69,False,P-aeruginosa__Piperacillin with tazobactam__South West,lstm
2023-10-01,5.38,False,P-aeruginosa__Piperacillin with tazobactam__South West,lstm
2023-11-01,5.56,False,P-aeruginosa__Piperacillin with tazobactam__South West,lstm
2023-12-01,2.38,False,P-aeruginosa__Piperacillin with tazobactam__South West,lstm
2024-01-01,1.43,False,P-aeruginosa__Piperacillin with tazobactam__South West,lstm
2024-02-01,1.61,False,P-aeruginosa__Piperacillin with tazobactam__South West,lstm
2024-03-01,3.12,False,P-aeruginosa__Piperacillin with tazobactam__South West,lstm
2024-04-01,8.45,False,P-aeruginosa__Piperacillin with tazobactam__South West,lstm
2024-05-01,9.64,False,P-aeruginosa__Piperacillin with tazobactam__South West,lstm
2024-06-01,15.0,False,P-aeruginosa__Piperacillin with tazobactam__South West,lstm
2024-07-01,12.68,False,P-aeruginosa__Piperacillin with tazobactam__South West,lstm
2024-08-01,13.16,False,P-aeruginosa__Piperacillin with tazobactam__South West,lstm
2024-09-01,11.49,False,P-aeruginosa__Piperacillin with tazobactam__South West,lstm
2024-10-01,10.31,False,P-aeruginosa__Piperacillin with tazobactam__South West,lstm
2024-11-01,8.43,False,P-aeruginosa__Piperacillin with tazobactam__South West,lstm
2024-12-01,5.56,False,P-aeruginosa__Piperacillin with tazobactam__South West,lstm
2025-01-01,8.7,False,P-aeruginosa__Piperacillin with tazobactam__South West,lstm
2025-02-01,11.29,False,P-aeruginosa__Piperacillin with tazobactam__South West,lstm
2025-03-01,8.2,False,P-aeruginosa__Piperacillin with tazobactam__South West,lstm
2025-04-01,4.11,False,P-aeruginosa__Piperacillin with tazobactam__South West,lstm
2025-05-01,1.16,False,P-aeruginosa__Piperacillin with tazobactam__South West,lstm
2025-06-01,4.35,False,P-aeruginosa__Piperacillin with tazobactam__South West,lstm
2025-07-01,8.595843349180065,True,P-aeruginosa__Piperacillin with tazobactam__South West,lstm
2025-08-01,9.309311736669379,True,P-aeruginosa__Piperacillin with tazobactam__South West,lstm
2025-09-01,9.454320155887014,True,P-aeruginosa__Piperacillin with tazobactam__South West,lstm
2025-10-01,8.956818245169105,True,P-aeruginosa__Piperacillin with tazobactam__South West,lstm
2025-11-01,7.918725096519143,True,P-aeruginosa__Piperacillin with tazobactam__South West,lstm
2025-12-01,6.6680494544511335,True,P-aeruginosa__Piperacillin with tazobactam__South West,lstm
2020-08-01,11.46,False,P-aeruginosa__Piperacillin with tazobactam__West Midlands,lstm
2020-09-01,10.48,False,P-aeruginosa__Piperacillin with tazobactam__West Midlands,lstm
2020-10-01,9.18,False,P-aeruginosa__Piperacillin with tazobactam__West Midlands,lstm
2020-11-01,10.68,False,P-aeruginosa__Piperacillin with tazobactam__West Midlands,lstm
2020-12-01,7.140000000000001,False,P-aeruginosa__Piperacillin with tazobactam__West Midlands,lstm
2021-01-01,6.19,False,P-aeruginosa__Piperacillin with tazobactam__West Midlands,lstm
2021-02-01,5.41,False,P-aeruginosa__Piperacillin with tazobactam__West Midlands,lstm
2021-03-01,13.46,False,P-aeruginosa__Piperacillin with tazobactam__West Midlands,lstm
2021-04-01,14.29,False,P-aeruginosa__Piperacillin with tazobactam__West Midlands,lstm
2021-05-01,13.130000000000003,False,P-aeruginosa__Piperacillin with tazobactam__West Midlands,lstm
2021-06-01,8.57,False,P-aeruginosa__Piperacillin with tazobactam__West Midlands,lstm
2021-07-01,6.96,False,P-aeruginosa__Piperacillin with tazobactam__West Midlands,lstm
2021-08-01,6.7700000000000005,False,P-aeruginosa__Piperacillin with tazobactam__West Midlands,lstm
2021-09-01,5.0,False,P-aeruginosa__Piperacillin with tazobactam__West Midlands,lstm
2021-10-01,5.15,False,P-aeruginosa__Piperacillin with tazobactam__West Midlands,lstm
2021-11-01,7.559999999999999,False,P-aeruginosa__Piperacillin with tazobactam__West Midlands,lstm
2021-12-01,7.89,False,P-aeruginosa__Piperacillin with tazobactam__West Midlands,lstm
2022-01-01,9.01,False,P-aeruginosa__Piperacillin with tazobactam__West Midlands,lstm
2022-02-01,11.01,False,P-aeruginosa__Piperacillin with tazobactam__West Midlands,lstm
2022-03-01,12.0,False,P-aeruginosa__Piperacillin with tazobactam__West Midlands,lstm
2022-04-01,13.59,False,P-aeruginosa__Piperacillin with tazobactam__West Midlands,lstm
2022-05-01,8.99,False,P-aeruginosa__Piperacillin with tazobactam__West Midlands,lstm
2022-06-01,5.56,False,P-aeruginosa__Piperacillin with tazobactam__West Midlands,lstm
2022-07-01,2.41,False,P-aeruginosa__Piperacillin with tazobactam__West Midlands,lstm
2022-08-01,4.76,False,P-aeruginosa__Piperacillin with tazobactam__West Midlands,lstm
2022-09-01,11.21,False,P-aeruginosa__Piperacillin with tazobactam__West Midlands,lstm
2022-10-01,10.32,False,P-aeruginosa__Piperacillin with tazobactam__West Midlands,lstm
2022-11-01,10.57,False,P-aeruginosa__Piperacillin with tazobactam__West Midlands,lstm
2022-12-01,9.01,False,P-aeruginosa__Piperacillin with tazobactam__West Midlands,lstm
2023-01-01,11.93,False,P-aeruginosa__Piperacillin with tazobactam__West Midlands,lstm
2023-02-01,13.400000000000002,False,P-aeruginosa__Piperacillin with tazobactam__West Midlands,lstm
2023-03-01,8.25,False,P-aeruginosa__Piperacillin with tazobactam__West Midlands,lstm
2023-04-01,9.3,False,P-aeruginosa__Piperacillin with tazobactam__West Midlands,lstm
2023-05-01,5.75,False,P-aeruginosa__Piperacillin with tazobactam__West Midlands,lstm
2023-06-01,13.59,False,P-aeruginosa__Piperacillin with tazobactam__West Midlands,lstm
2023-07-01,13.46,False,P-aeruginosa__Piperacillin with tazobactam__West Midlands,lstm
2023-08-01,12.71,False,P-aeruginosa__Piperacillin with tazobactam__West Midlands,lstm
2023-09-01,6.480000000000001,False,P-aeruginosa__Piperacillin with tazobactam__West Midlands,lstm
2023-10-01,5.61,False,P-aeruginosa__Piperacillin with tazobactam__West Midlands,lstm
2023-11-01,7.620000000000001,False,P-aeruginosa__Piperacillin with tazobactam__West Midlands,lstm
2023-12-01,8.51,False,P-aeruginosa__Piperacillin with tazobactam__West Midlands,lstm
2024-01-01,6.06,False,P-aeruginosa__Piperacillin with tazobactam__West Midlands,lstm
2024-02-01,4.04,False,P-aeruginosa__Piperacillin with tazobactam__West Midlands,lstm
2024-03-01,3.49,False,P-aeruginosa__Piperacillin with tazobactam__West Midlands,lstm
2024-04-01,5.68,False,P-aeruginosa__Piperacillin with tazobactam__West Midlands,lstm
2024-05-01,11.11,False,P-aeruginosa__Piperacillin with tazobactam__West Midlands,lstm
2024-06-01,14.55,False,P-aeruginosa__Piperacillin with tazobactam__West Midlands,lstm
2024-07-01,13.679999999999998,False,P-aeruginosa__Piperacillin with tazobactam__West Midlands,lstm
2024-08-01,10.08,False,P-aeruginosa__Piperacillin with tazobactam__West Midlands,lstm
2024-09-01,5.74,False,P-aeruginosa__Piperacillin with tazobactam__West Midlands,lstm
2024-10-01,5.6,False,P-aeruginosa__Piperacillin with tazobactam__West Midlands,lstm
2024-11-01,7.63,False,P-aeruginosa__Piperacillin with tazobactam__West Midlands,lstm
2024-12-01,9.32,False,P-aeruginosa__Piperacillin with tazobactam__West Midlands,lstm
2025-01-01,9.01,False,P-aeruginosa__Piperacillin with tazobactam__West Midlands,lstm
2025-02-01,7.6899999999999995,False,P-aeruginosa__Piperacillin with tazobactam__West Midlands,lstm
2025-03-01,11.58,False,P-aeruginosa__Piperacillin with tazobactam__West Midlands,lstm
2025-04-01,14.63,False,P-aeruginosa__Piperacillin with tazobactam__West Midlands,lstm
2025-05-01,14.12,False,P-aeruginosa__Piperacillin with tazobactam__West Midlands,lstm
2025-06-01,9.2,False,P-aeruginosa__Piperacillin with tazobactam__West Midlands,lstm
2025-07-01,9.17267977624565,True,P-aeruginosa__Piperacillin with tazobactam__West Midlands,lstm
2025-08-01,9.204256787952145,True,P-aeruginosa__Piperacillin with tazobactam__West Midlands,lstm
2025-09-01,9.161484926504347,True,P-aeruginosa__Piperacillin with tazobactam__West Midlands,lstm
2025-10-01,9.11746628977179,True,P-aeruginosa__Piperacillin with tazobactam__West Midlands,lstm
2025-11-01,9.06280056235566,True,P-aeruginosa__Piperacillin with tazobactam__West Midlands,lstm
2025-12-01,8.947155143606896,True,P-aeruginosa__Piperacillin with tazobactam__West Midlands,lstm
2020-08-01,3.7,False,P-aeruginosa__Piperacillin with tazobactam__Yorkshire and Humber,lstm
2020-09-01,3.0899999999999994,False,P-aeruginosa__Piperacillin with tazobactam__Yorkshire and Humber,lstm
2020-10-01,3.37,False,P-aeruginosa__Piperacillin with tazobactam__Yorkshire and Humber,lstm
2020-11-01,2.5,False,P-aeruginosa__Piperacillin with tazobactam__Yorkshire and Humber,lstm
2020-12-01,3.8999999999999995,False,P-aeruginosa__Piperacillin with tazobactam__Yorkshire and Humber,lstm
2021-01-01,4.23,False,P-aeruginosa__Piperacillin with tazobactam__Yorkshire and Humber,lstm
2021-02-01,3.8499999999999996,False,P-aeruginosa__Piperacillin with tazobactam__Yorkshire and Humber,lstm
2021-03-01,6.49,False,P-aeruginosa__Piperacillin with tazobactam__Yorkshire and Humber,lstm
2021-04-01,4.65,False,P-aeruginosa__Piperacillin with tazobactam__Yorkshire and Humber,lstm
2021-05-01,6.67,False,P-aeruginosa__Piperacillin with tazobactam__Yorkshire and Humber,lstm
2021-06-01,2.25,False,P-aeruginosa__Piperacillin with tazobactam__Yorkshire and Humber,lstm
2021-07-01,3.19,False,P-aeruginosa__Piperacillin with tazobactam__Yorkshire and Humber,lstm
2021-08-01,3.16,False,P-aeruginosa__Piperacillin with tazobactam__Yorkshire and Humber,lstm
2021-09-01,7.000000000000001,False,P-aeruginosa__Piperacillin with tazobactam__Yorkshire and Humber,lstm
2021-10-01,8.04,False,P-aeruginosa__Piperacillin with tazobactam__Yorkshire and Humber,lstm
2021-11-01,7.21,False,P-aeruginosa__Piperacillin with tazobactam__Yorkshire and Humber,lstm
2021-12-01,6.6,False,P-aeruginosa__Piperacillin with tazobactam__Yorkshire and Humber,lstm
2022-01-01,5.95,False,P-aeruginosa__Piperacillin with tazobactam__Yorkshire and Humber,lstm
2022-02-01,6.58,False,P-aeruginosa__Piperacillin with tazobactam__Yorkshire and Humber,lstm
2022-03-01,6.58,False,P-aeruginosa__Piperacillin with tazobactam__Yorkshire and Humber,lstm
2022-04-01,5.97,False,P-aeruginosa__Piperacillin with tazobactam__Yorkshire and Humber,lstm
2022-05-01,3.75,False,P-aeruginosa__Piperacillin with tazobactam__Yorkshire and Humber,lstm
2022-06-01,1.3,False,P-aeruginosa__Piperacillin with tazobactam__Yorkshire and Humber,lstm
2022-07-01,1.15,False,P-aeruginosa__Piperacillin with tazobactam__Yorkshire and Humber,lstm
2022-08-01,4.21,False,P-aeruginosa__Piperacillin with tazobactam__Yorkshire and Humber,lstm
2022-09-01,7.61,False,P-aeruginosa__Piperacillin with tazobactam__Yorkshire and Humber,lstm
2022-10-01,8.85,False,P-aeruginosa__Piperacillin with tazobactam__Yorkshire and Humber,lstm
2022-11-01,7.92,False,P-aeruginosa__Piperacillin with tazobactam__Yorkshire and Humber,lstm
2022-12-01,5.31,False,P-aeruginosa__Piperacillin with tazobactam__Yorkshire and Humber,lstm
2023-01-01,6.93,False,P-aeruginosa__Piperacillin with tazobactam__Yorkshire and Humber,lstm
2023-02-01,10.11,False,P-aeruginosa__Piperacillin with tazobactam__Yorkshire and Humber,lstm
2023-03-01,14.71,False,P-aeruginosa__Piperacillin with tazobactam__Yorkshire and Humber,lstm
2023-04-01,14.750000000000002,False,P-aeruginosa__Piperacillin with tazobactam__Yorkshire and Humber,lstm
2023-05-01,10.67,False,P-aeruginosa__Piperacillin with tazobactam__Yorkshire and Humber,lstm
2023-06-01,8.24,False,P-aeruginosa__Piperacillin with tazobactam__Yorkshire and Humber,lstm
2023-07-01,5.95,False,P-aeruginosa__Piperacillin with tazobactam__Yorkshire and Humber,lstm
2023-08-01,4.88,False,P-aeruginosa__Piperacillin with tazobactam__Yorkshire and Humber,lstm
2023-09-01,3.37,False,P-aeruginosa__Piperacillin with tazobactam__Yorkshire and Humber,lstm
2023-10-01,5.49,False,P-aeruginosa__Piperacillin with tazobactam__Yorkshire and Humber,lstm
2023-11-01,8.43,False,P-aeruginosa__Piperacillin with tazobactam__Yorkshire and Humber,lstm
2023-12-01,11.39,False,P-aeruginosa__Piperacillin with tazobactam__Yorkshire and Humber,lstm
2024-01-01,8.33,False,P-aeruginosa__Piperacillin with tazobactam__Yorkshire and Humber,lstm
2024-02-01,9.41,False,P-aeruginosa__Piperacillin with tazobactam__Yorkshire and Humber,lstm
2024-03-01,6.98,False,P-aeruginosa__Piperacillin with tazobactam__Yorkshire and Humber,lstm
2024-04-01,7.5,False,P-aeruginosa__Piperacillin with tazobactam__Yorkshire and Humber,lstm
2024-05-01,4.88,False,P-aeruginosa__Piperacillin with tazobactam__Yorkshire and Humber,lstm
2024-06-01,7.59,False,P-aeruginosa__Piperacillin with tazobactam__Yorkshire and Humber,lstm
2024-07-01,7.87,False,P-aeruginosa__Piperacillin with tazobactam__Yorkshire and Humber,lstm
2024-08-01,7.45,False,P-aeruginosa__Piperacillin with tazobactam__Yorkshire and Humber,lstm
2024-09-01,10.0,False,P-aeruginosa__Piperacillin with tazobactam__Yorkshire and Humber,lstm
2024-10-01,12.62,False,P-aeruginosa__Piperacillin with tazobactam__Yorkshire and Humber,lstm
2024-11-01,13.27,False,P-aeruginosa__Piperacillin with tazobactam__Yorkshire and Humber,lstm
2024-12-01,9.17,False,P-aeruginosa__Piperacillin with tazobactam__Yorkshire and Humber,lstm
2025-01-01,6.59,False,P-aeruginosa__Piperacillin with tazobactam__Yorkshire and Humber,lstm
2025-02-01,6.67,False,P-aeruginosa__Piperacillin with tazobactam__Yorkshire and Humber,lstm
2025-03-01,10.81,False,P-aeruginosa__Piperacillin with tazobactam__Yorkshire and Humber,lstm
2025-04-01,12.35,False,P-aeruginosa__Piperacillin with tazobactam__Yorkshire and Humber,lstm
2025-05-01,12.33,False,P-aeruginosa__Piperacillin with tazobactam__Yorkshire and Humber,lstm
2025-06-01,10.14,False,P-aeruginosa__Piperacillin with tazobactam__Yorkshire and Humber,lstm
2025-07-01,7.461028819091652,True,P-aeruginosa__Piperacillin with tazobactam__Yorkshire and Humber,lstm
2025-08-01,7.663110676268986,True,P-aeruginosa__Piperacillin with tazobactam__Yorkshire and Humber,lstm
2025-09-01,8.01178107114835,True,P-aeruginosa__Piperacillin with tazobactam__Yorkshire and Humber,lstm
2025-10-01,8.385270586779741,True,P-aeruginosa__Piperacillin with tazobactam__Yorkshire and Humber,lstm
2025-11-01,8.6750394440122,True,P-aeruginosa__Piperacillin with tazobactam__Yorkshire and Humber,lstm
2025-12-01,8.77987362488032,True,P-aeruginosa__Piperacillin with tazobactam__Yorkshire and Humber,lstm
2020-08-01,25.0,False,S-pneumoniae__Macrolides__East Midlands,lstm
2020-09-01,15.789999999999997,False,S-pneumoniae__Macrolides__East Midlands,lstm
2020-10-01,6.45,False,S-pneumoniae__Macrolides__East Midlands,lstm
2020-11-01,2.78,False,S-pneumoniae__Macrolides__East Midlands,lstm
2020-12-01,5.88,False,S-pneumoniae__Macrolides__East Midlands,lstm
2021-01-01,7.690000000000001,False,S-pneumoniae__Macrolides__East Midlands,lstm
2021-02-01,,False,S-pneumoniae__Macrolides__East Midlands,lstm
2021-03-01,8.7,False,S-pneumoniae__Macrolides__East Midlands,lstm
2021-04-01,0.0,False,S-pneumoniae__Macrolides__East Midlands,lstm
2021-05-01,0.0,False,S-pneumoniae__Macrolides__East Midlands,lstm
2021-06-01,5.0,False,S-pneumoniae__Macrolides__East Midlands,lstm
2021-07-01,4.35,False,S-pneumoniae__Macrolides__East Midlands,lstm
2021-08-01,6.52,False,S-pneumoniae__Macrolides__East Midlands,lstm
2021-09-01,5.71,False,S-pneumoniae__Macrolides__East Midlands,lstm
2021-10-01,10.42,False,S-pneumoniae__Macrolides__East Midlands,lstm
2021-11-01,13.33,False,S-pneumoniae__Macrolides__East Midlands,lstm
2021-12-01,9.46,False,S-pneumoniae__Macrolides__East Midlands,lstm
2022-01-01,6.35,False,S-pneumoniae__Macrolides__East Midlands,lstm
2022-02-01,3.45,False,S-pneumoniae__Macrolides__East Midlands,lstm
2022-03-01,3.7700000000000005,False,S-pneumoniae__Macrolides__East Midlands,lstm
2022-04-01,5.63,False,S-pneumoniae__Macrolides__East Midlands,lstm
2022-05-01,2.78,False,S-pneumoniae__Macrolides__East Midlands,lstm
2022-06-01,7.140000000000001,False,S-pneumoniae__Macrolides__East Midlands,lstm
2022-07-01,8.16,False,S-pneumoniae__Macrolides__East Midlands,lstm
2022-08-01,10.53,False,S-pneumoniae__Macrolides__East Midlands,lstm
2022-09-01,5.56,False,S-pneumoniae__Macrolides__East Midlands,lstm
2022-10-01,1.8500000000000003,False,S-pneumoniae__Macrolides__East Midlands,lstm
2022-11-01,1.47,False,S-pneumoniae__Macrolides__East Midlands,lstm
2022-12-01,2.46,False,S-pneumoniae__Macrolides__East Midlands,lstm
2023-01-01,3.45,False,S-pneumoniae__Macrolides__East Midlands,lstm
2023-02-01,4.22,False,S-pneumoniae__Macrolides__East Midlands,lstm
2023-03-01,5.23,False,S-pneumoniae__Macrolides__East Midlands,lstm
2023-04-01,9.16,False,S-pneumoniae__Macrolides__East Midlands,lstm
2023-05-01,10.48,False,S-pneumoniae__Macrolides__East Midlands,lstm
2023-06-01,9.86,False,S-pneumoniae__Macrolides__East Midlands,lstm
2023-07-01,3.51,False,S-pneumoniae__Macrolides__East Midlands,lstm
2023-08-01,3.5700000000000003,False,S-pneumoniae__Macrolides__East Midlands,lstm
2023-09-01,6.52,False,S-pneumoniae__Macrolides__East Midlands,lstm
2023-10-01,7.690000000000001,False,S-pneumoniae__Macrolides__East Midlands,lstm
2023-11-01,7.32,False,S-pneumoniae__Macrolides__East Midlands,lstm
2023-12-01,6.5,False,S-pneumoniae__Macrolides__East Midlands,lstm
2024-01-01,5.59,False,S-pneumoniae__Macrolides__East Midlands,lstm
2024-02-01,7.01,False,S-pneumoniae__Macrolides__East Midlands,lstm
2024-03-01,6.25,False,S-pneumoniae__Macrolides__East Midlands,lstm
2024-04-01,5.88,False,S-pneumoniae__Macrolides__East Midlands,lstm
2024-05-01,1.94,False,S-pneumoniae__Macrolides__East Midlands,lstm
2024-06-01,2.35,False,S-pneumoniae__Macrolides__East Midlands,lstm
2024-07-01,1.43,False,S-pneumoniae__Macrolides__East Midlands,lstm
2024-08-01,4.26,False,S-pneumoniae__Macrolides__East Midlands,lstm
2024-09-01,4.26,False,S-pneumoniae__Macrolides__East Midlands,lstm
2024-10-01,8.45,False,S-pneumoniae__Macrolides__East Midlands,lstm
2024-11-01,7.61,False,S-pneumoniae__Macrolides__East Midlands,lstm
2024-12-01,7.090000000000001,False,S-pneumoniae__Macrolides__East Midlands,lstm
2025-01-01,5.88,False,S-pneumoniae__Macrolides__East Midlands,lstm
2025-02-01,6.08,False,S-pneumoniae__Macrolides__East Midlands,lstm
2025-03-01,7.049999999999999,False,S-pneumoniae__Macrolides__East Midlands,lstm
2025-04-01,6.2,False,S-pneumoniae__Macrolides__East Midlands,lstm
2025-05-01,7.5200000000000005,False,S-pneumoniae__Macrolides__East Midlands,lstm
2025-06-01,7.690000000000001,False,S-pneumoniae__Macrolides__East Midlands,lstm
2025-07-01,,True,S-pneumoniae__Macrolides__East Midlands,lstm
2025-08-01,,True,S-pneumoniae__Macrolides__East Midlands,lstm
2025-09-01,,True,S-pneumoniae__Macrolides__East Midlands,lstm
2025-10-01,,True,S-pneumoniae__Macrolides__East Midlands,lstm
2025-11-01,,True,S-pneumoniae__Macrolides__East Midlands,lstm
2025-12-01,,True,S-pneumoniae__Macrolides__East Midlands,lstm
2020-08-01,0.0,False,S-pneumoniae__Macrolides__East of England,lstm
2020-09-01,4.35,False,S-pneumoniae__Macrolides__East of England,lstm
2020-10-01,8.82,False,S-pneumoniae__Macrolides__East of England,lstm
2020-11-01,11.54,False,S-pneumoniae__Macrolides__East of England,lstm
2020-12-01,9.52,False,S-pneumoniae__Macrolides__East of England,lstm
2021-01-01,0.0,False,S-pneumoniae__Macrolides__East of England,lstm
2021-02-01,0.0,False,S-pneumoniae__Macrolides__East of England,lstm
2021-03-01,7.14,False,S-pneumoniae__Macrolides__East of England,lstm
2021-04-01,14.29,False,S-pneumoniae__Macrolides__East of England,lstm
2021-05-01,15.56,False,S-pneumoniae__Macrolides__East of England,lstm
2021-06-01,16.67,False,S-pneumoniae__Macrolides__East of England,lstm
2021-07-01,14.89,False,S-pneumoniae__Macrolides__East of England,lstm
2021-08-01,15.79,False,S-pneumoniae__Macrolides__East of England,lstm
2021-09-01,11.63,False,S-pneumoniae__Macrolides__East of England,lstm
2021-10-01,11.29,False,S-pneumoniae__Macrolides__East of England,lstm
2021-11-01,6.59,False,S-pneumoniae__Macrolides__East of England,lstm
2021-12-01,4.76,False,S-pneumoniae__Macrolides__East of England,lstm
2022-01-01,3.41,False,S-pneumoniae__Macrolides__East of England,lstm
2022-02-01,4.41,False,S-pneumoniae__Macrolides__East of England,lstm
2022-03-01,6.12,False,S-pneumoniae__Macrolides__East of England,lstm
2022-04-01,3.5099999999999993,False,S-pneumoniae__Macrolides__East of England,lstm
2022-05-01,5.45,False,S-pneumoniae__Macrolides__East of England,lstm
2022-06-01,8.33,False,S-pneumoniae__Macrolides__East of England,lstm
2022-07-01,9.09,False,S-pneumoniae__Macrolides__East of England,lstm
2022-08-01,7.84,False,S-pneumoniae__Macrolides__East of England,lstm
2022-09-01,6.12,False,S-pneumoniae__Macrolides__East of England,lstm
2022-10-01,11.11,False,S-pneumoniae__Macrolides__East of England,lstm
2022-11-01,12.99,False,S-pneumoniae__Macrolides__East of England,lstm
2022-12-01,7.81,False,S-pneumoniae__Macrolides__East of England,lstm
2023-01-01,7.19,False,S-pneumoniae__Macrolides__East of England,lstm
2023-02-01,5.06,False,S-pneumoniae__Macrolides__East of England,lstm
2023-03-01,7.52,False,S-pneumoniae__Macrolides__East of England,lstm
2023-04-01,6.77,False,S-pneumoniae__Macrolides__East of England,lstm
2023-05-01,6.96,False,S-pneumoniae__Macrolides__East of England,lstm
2023-06-01,5.1,False,S-pneumoniae__Macrolides__East of England,lstm
2023-07-01,3.95,False,S-pneumoniae__Macrolides__East of England,lstm
2023-08-01,5.0,False,S-pneumoniae__Macrolides__East of England,lstm
2023-09-01,4.65,False,S-pneumoniae__Macrolides__East of England,lstm
2023-10-01,6.82,False,S-pneumoniae__Macrolides__East of England,lstm
2023-11-01,5.71,False,S-pneumoniae__Macrolides__East of England,lstm
2023-12-01,8.06,False,S-pneumoniae__Macrolides__East of England,lstm
2024-01-01,5.26,False,S-pneumoniae__Macrolides__East of England,lstm
2024-02-01,9.09,False,S-pneumoniae__Macrolides__East of England,lstm
2024-03-01,8.59,False,S-pneumoniae__Macrolides__East of England,lstm
2024-04-01,13.82,False,S-pneumoniae__Macrolides__East of England,lstm
2024-05-01,13.13,False,S-pneumoniae__Macrolides__East of England,lstm
2024-06-01,11.11,False,S-pneumoniae__Macrolides__East of England,lstm
2024-07-01,9.52,False,S-pneumoniae__Macrolides__East of England,lstm
2024-08-01,6.45,False,S-pneumoniae__Macrolides__East of England,lstm
2024-09-01,10.2,False,S-pneumoniae__Macrolides__East of England,lstm
2024-10-01,9.68,False,S-pneumoniae__Macrolides__East of England,lstm
2024-11-01,8.89,False,S-pneumoniae__Macrolides__East of England,lstm
2024-12-01,9.46,False,S-pneumoniae__Macrolides__East of England,lstm
2025-01-01,8.62,False,S-pneumoniae__Macrolides__East of England,lstm
2025-02-01,8.43,False,S-pneumoniae__Macrolides__East of England,lstm
2025-03-01,8.97,False,S-pneumoniae__Macrolides__East of England,lstm
2025-04-01,9.68,False,S-pneumoniae__Macrolides__East of England,lstm
2025-05-01,12.200000000000001,False,S-pneumoniae__Macrolides__East of England,lstm
2025-06-01,13.95,False,S-pneumoniae__Macrolides__East of England,lstm
2025-07-01,8.891067738837236,True,S-pneumoniae__Macrolides__East of England,lstm
2025-08-01,9.129445865559768,True,S-pneumoniae__Macrolides__East of England,lstm
2025-09-01,9.145381254582066,True,S-pneumoniae__Macrolides__East of England,lstm
2025-10-01,8.960104913681139,True,S-pneumoniae__Macrolides__East of England,lstm
2025-11-01,8.656324737344686,True,S-pneumoniae__Macrolides__East of England,lstm
2025-12-01,8.304884266841698,True,S-pneumoniae__Macrolides__East of England,lstm
2020-08-01,13.33,False,S-pneumoniae__Macrolides__London,lstm
2020-09-01,15.380000000000003,False,S-pneumoniae__Macrolides__London,lstm
2020-10-01,19.05,False,S-pneumoniae__Macrolides__London,lstm
2020-11-01,23.330000000000002,False,S-pneumoniae__Macrolides__London,lstm
2020-12-01,21.05,False,S-pneumoniae__Macrolides__London,lstm
2021-01-01,26.19,False,S-pneumoniae__Macrolides__London,lstm
2021-02-01,22.860000000000003,False,S-pneumoniae__Macrolides__London,lstm
2021-03-01,29.17,False,S-pneumoniae__Macrolides__London,lstm
2021-04-01,10.71,False,S-pneumoniae__Macrolides__London,lstm
2021-05-01,10.0,False,S-pneumoniae__Macrolides__London,lstm
2021-06-01,7.8100000000000005,False,S-pneumoniae__Macrolides__London,lstm
2021-07-01,6.25,False,S-pneumoniae__Macrolides__London,lstm
2021-08-01,4.69,False,S-pneumoniae__Macrolides__London,lstm
2021-09-01,7.02,False,S-pneumoniae__Macrolides__London,lstm
2021-10-01,15.579999999999998,False,S-pneumoniae__Macrolides__London,lstm
2021-11-01,13.04,False,S-pneumoniae__Macrolides__London,lstm
2021-12-01,12.61,False,S-pneumoniae__Macrolides__London,lstm
2022-01-01,8.89,False,S-pneumoniae__Macrolides__London,lstm
2022-02-01,10.13,False,S-pneumoniae__Macrolides__London,lstm
2022-03-01,6.06,False,S-pneumoniae__Macrolides__London,lstm
2022-04-01,4.44,False,S-pneumoniae__Macrolides__London,lstm
2022-05-01,4.17,False,S-pneumoniae__Macrolides__London,lstm
2022-06-01,7.62,False,S-pneumoniae__Macrolides__London,lstm
2022-07-01,8.05,False,S-pneumoniae__Macrolides__London,lstm
2022-08-01,10.13,False,S-pneumoniae__Macrolides__London,lstm
2022-09-01,6.25,False,S-pneumoniae__Macrolides__London,lstm
2022-10-01,8.79,False,S-pneumoniae__Macrolides__London,lstm
2022-11-01,8.62,False,S-pneumoniae__Macrolides__London,lstm
2022-12-01,9.09,False,S-pneumoniae__Macrolides__London,lstm
2023-01-01,10.19,False,S-pneumoniae__Macrolides__London,lstm
2023-02-01,10.67,False,S-pneumoniae__Macrolides__London,lstm
2023-03-01,14.62,False,S-pneumoniae__Macrolides__London,lstm
2023-04-01,13.38,False,S-pneumoniae__Macrolides__London,lstm
2023-05-01,13.87,False,S-pneumoniae__Macrolides__London,lstm
2023-06-01,9.57,False,S-pneumoniae__Macrolides__London,lstm
2023-07-01,8.51,False,S-pneumoniae__Macrolides__London,lstm
2023-08-01,10.53,False,S-pneumoniae__Macrolides__London,lstm
2023-09-01,17.24,False,S-pneumoniae__Macrolides__London,lstm
2023-10-01,18.06,False,S-pneumoniae__Macrolides__London,lstm
2023-11-01,16.24,False,S-pneumoniae__Macrolides__London,lstm
2023-12-01,11.45,False,S-pneumoniae__Macrolides__London,lstm
2024-01-01,11.29,False,S-pneumoniae__Macrolides__London,lstm
2024-02-01,12.92,False,S-pneumoniae__Macrolides__London,lstm
2024-03-01,17.09,False,S-pneumoniae__Macrolides__London,lstm
2024-04-01,15.65,False,S-pneumoniae__Macrolides__London,lstm
2024-05-01,11.64,False,S-pneumoniae__Macrolides__London,lstm
2024-06-01,10.32,False,S-pneumoniae__Macrolides__London,lstm
2024-07-01,14.91,False,S-pneumoniae__Macrolides__London,lstm
2024-08-01,18.070000000000004,False,S-pneumoniae__Macrolides__London,lstm
2024-09-01,15.579999999999998,False,S-pneumoniae__Macrolides__London,lstm
2024-10-01,16.13,False,S-pneumoniae__Macrolides__London,lstm
2024-11-01,16.95,False,S-pneumoniae__Macrolides__London,lstm
2024-12-01,17.98,False,S-pneumoniae__Macrolides__London,lstm
2025-01-01,17.350000000000005,False,S-pneumoniae__Macrolides__London,lstm
2025-02-01,15.02,False,S-pneumoniae__Macrolides__London,lstm
2025-03-01,13.47,False,S-pneumoniae__Macrolides__London,lstm
2025-04-01,12.64,False,S-pneumoniae__Macrolides__London,lstm
2025-05-01,12.990000000000002,False,S-pneumoniae__Macrolides__London,lstm
2025-06-01,15.230000000000002,False,S-pneumoniae__Macrolides__London,lstm
2025-07-01,13.612746739452408,True,S-pneumoniae__Macrolides__London,lstm
2025-08-01,14.303379429304025,True,S-pneumoniae__Macrolides__London,lstm
2025-09-01,14.86363265724665,True,S-pneumoniae__Macrolides__London,lstm
2025-10-01,15.181915414139013,True,S-pneumoniae__Macrolides__London,lstm
2025-11-01,15.19881366462013,True,S-pneumoniae__Macrolides__London,lstm
2025-12-01,14.96831464775883,True,S-pneumoniae__Macrolides__London,lstm
2020-09-01,0.0,False,S-pneumoniae__Macrolides__North East,lstm
2020-10-01,0.0,False,S-pneumoniae__Macrolides__North East,lstm
2020-11-01,,False,S-pneumoniae__Macrolides__North East,lstm
2020-12-01,0.0,False,S-pneumoniae__Macrolides__North East,lstm
2021-01-01,0.0,False,S-pneumoniae__Macrolides__North East,lstm
2021-02-01,0.0,False,S-pneumoniae__Macrolides__North East,lstm
2021-03-01,16.67,False,S-pneumoniae__Macrolides__North East,lstm
2021-04-01,21.43,False,S-pneumoniae__Macrolides__North East,lstm
2021-05-01,18.75,False,S-pneumoniae__Macrolides__North East,lstm
2021-06-01,5.88,False,S-pneumoniae__Macrolides__North East,lstm
2021-07-01,4.55,False,S-pneumoniae__Macrolides__North East,lstm
2021-08-01,4.55,False,S-pneumoniae__Macrolides__North East,lstm
2021-09-01,8.7,False,S-pneumoniae__Macrolides__North East,lstm
2021-10-01,9.09,False,S-pneumoniae__Macrolides__North East,lstm
2021-11-01,11.76,False,S-pneumoniae__Macrolides__North East,lstm
2021-12-01,10.0,False,S-pneumoniae__Macrolides__North East,lstm
2022-01-01,7.69,False,S-pneumoniae__Macrolides__North East,lstm
2022-02-01,2.94,False,S-pneumoniae__Macrolides__North East,lstm
2022-03-01,3.03,False,S-pneumoniae__Macrolides__North East,lstm
2022-04-01,5.71,False,S-pneumoniae__Macrolides__North East,lstm
2022-05-01,8.57,False,S-pneumoniae__Macrolides__North East,lstm
2022-06-01,5.41,False,S-pneumoniae__Macrolides__North East,lstm
2022-07-01,2.5,False,S-pneumoniae__Macrolides__North East,lstm
2022-08-01,0.0,False,S-pneumoniae__Macrolides__North East,lstm
2022-09-01,0.0,False,S-pneumoniae__Macrolides__North East,lstm
2022-10-01,3.7,False,S-pneumoniae__Macrolides__North East,lstm
2022-11-01,5.26,False,S-pneumoniae__Macrolides__North East,lstm
2022-12-01,5.08,False,S-pneumoniae__Macrolides__North East,lstm
2023-01-01,5.88,False,S-pneumoniae__Macrolides__North East,lstm
2023-02-01,10.0,False,S-pneumoniae__Macrolides__North East,lstm
2023-03-01,17.54,False,S-pneumoniae__Macrolides__North East,lstm
2023-04-01,17.39,False,S-pneumoniae__Macrolides__North East,lstm
2023-05-01,12.5,False,S-pneumoniae__Macrolides__North East,lstm
2023-06-01,3.03,False,S-pneumoniae__Macrolides__North East,lstm
2023-07-01,2.86,False,S-pneumoniae__Macrolides__North East,lstm
2023-08-01,0.0,False,S-pneumoniae__Macrolides__North East,lstm
2023-09-01,0.0,False,S-pneumoniae__Macrolides__North East,lstm
2023-10-01,8.33,False,S-pneumoniae__Macrolides__North East,lstm
2023-11-01,8.33,False,S-pneumoniae__Macrolides__North East,lstm
2023-12-01,7.55,False,S-pneumoniae__Macrolides__North East,lstm
2024-01-01,7.139999999999999,False,S-pneumoniae__Macrolides__North East,lstm
2024-02-01,8.33,False,S-pneumoniae__Macrolides__North East,lstm
2024-03-01,10.0,False,S-pneumoniae__Macrolides__North East,lstm
2024-04-01,5.88,False,S-pneumoniae__Macrolides__North East,lstm
2024-05-01,2.08,False,S-pneumoniae__Macrolides__North East,lstm
2024-06-01,4.08,False,S-pneumoniae__Macrolides__North East,lstm
2024-07-01,7.139999999999999,False,S-pneumoniae__Macrolides__North East,lstm
2024-08-01,10.34,False,S-pneumoniae__Macrolides__North East,lstm
2024-09-01,3.5699999999999994,False,S-pneumoniae__Macrolides__North East,lstm
2024-10-01,3.3300000000000005,False,S-pneumoniae__Macrolides__North East,lstm
2024-11-01,7.32,False,S-pneumoniae__Macrolides__North East,lstm
2024-12-01,11.86,False,S-pneumoniae__Macrolides__North East,lstm
2025-01-01,10.0,False,S-pneumoniae__Macrolides__North East,lstm
2025-02-01,6.25,False,S-pneumoniae__Macrolides__North East,lstm
2025-03-01,3.7,False,S-pneumoniae__Macrolides__North East,lstm
2025-04-01,6.669999999999999,False,S-pneumoniae__Macrolides__North East,lstm
2025-05-01,7.69,False,S-pneumoniae__Macrolides__North East,lstm
2025-06-01,5.77,False,S-pneumoniae__Macrolides__North East,lstm
2025-07-01,,True,S-pneumoniae__Macrolides__North East,lstm
2025-08-01,,True,S-pneumoniae__Macrolides__North East,lstm
2025-09-01,,True,S-pneumoniae__Macrolides__North East,lstm
2025-10-01,,True,S-pneumoniae__Macrolides__North East,lstm
2025-11-01,,True,S-pneumoniae__Macrolides__North East,lstm
2025-12-01,,True,S-pneumoniae__Macrolides__North East,lstm
2020-08-01,16.22,False,S-pneumoniae__Macrolides__North West,lstm
2020-09-01,15.0,False,S-pneumoniae__Macrolides__North West,lstm
2020-10-01,11.76,False,S-pneumoniae__Macrolides__North West,lstm
2020-11-01,8.0,False,S-pneumoniae__Macrolides__North West,lstm
2020-12-01,3.92,False,S-pneumoniae__Macrolides__North West,lstm
2021-01-01,2.5,False,S-pneumoniae__Macrolides__North West,lstm
2021-02-01,0.0,False,S-pneumoniae__Macrolides__North West,lstm
2021-03-01,0.0,False,S-pneumoniae__Macrolides__North West,lstm
2021-04-01,13.89,False,S-pneumoniae__Macrolides__North West,lstm
2021-05-01,12.07,False,S-pneumoniae__Macrolides__North West,lstm
2021-06-01,12.86,False,S-pneumoniae__Macrolides__North West,lstm
2021-07-01,5.95,False,S-pneumoniae__Macrolides__North West,lstm
2021-08-01,3.41,False,S-pneumoniae__Macrolides__North West,lstm
2021-09-01,1.2,False,S-pneumoniae__Macrolides__North West,lstm
2021-10-01,2.08,False,S-pneumoniae__Macrolides__North West,lstm
2021-11-01,2.97,False,S-pneumoniae__Macrolides__North West,lstm
2021-12-01,4.55,False,S-pneumoniae__Macrolides__North West,lstm
2022-01-01,6.09,False,S-pneumoniae__Macrolides__North West,lstm
2022-02-01,5.71,False,S-pneumoniae__Macrolides__North West,lstm
2022-03-01,4.0,False,S-pneumoniae__Macrolides__North West,lstm
2022-04-01,2.52,False,S-pneumoniae__Macrolides__North West,lstm
2022-05-01,2.94,False,S-pneumoniae__Macrolides__North West,lstm
2022-06-01,4.88,False,S-pneumoniae__Macrolides__North West,lstm
2022-07-01,4.63,False,S-pneumoniae__Macrolides__North West,lstm
2022-08-01,4.55,False,S-pneumoniae__Macrolides__North West,lstm
2022-09-01,1.2999999999999998,False,S-pneumoniae__Macrolides__North West,lstm
2022-10-01,1.15,False,S-pneumoniae__Macrolides__North West,lstm
2022-11-01,3.48,False,S-pneumoniae__Macrolides__North West,lstm
2022-12-01,4.35,False,S-pneumoniae__Macrolides__North West,lstm
2023-01-01,5.39,False,S-pneumoniae__Macrolides__North West,lstm
2023-02-01,5.33,False,S-pneumoniae__Macrolides__North West,lstm
2023-03-01,6.88,False,S-pneumoniae__Macrolides__North West,lstm
2023-04-01,7.690000000000001,False,S-pneumoniae__Macrolides__North West,lstm
2023-05-01,8.7,False,S-pneumoniae__Macrolides__North West,lstm
2023-06-01,8.9,False,S-pneumoniae__Macrolides__North West,lstm
2023-07-01,7.690000000000001,False,S-pneumoniae__Macrolides__North West,lstm
2023-08-01,6.12,False,S-pneumoniae__Macrolides__North West,lstm
2023-09-01,6.9,False,S-pneumoniae__Macrolides__North West,lstm
2023-10-01,10.08,False,S-pneumoniae__Macrolides__North West,lstm
2023-11-01,7.8,False,S-pneumoniae__Macrolides__North West,lstm
2023-12-01,5.15,False,S-pneumoniae__Macrolides__North West,lstm
2024-01-01,2.9,False,S-pneumoniae__Macrolides__North West,lstm
2024-02-01,3.57,False,S-pneumoniae__Macrolides__North West,lstm
2024-03-01,4.64,False,S-pneumoniae__Macrolides__North West,lstm
2024-04-01,3.98,False,S-pneumoniae__Macrolides__North West,lstm
2024-05-01,7.45,False,S-pneumoniae__Macrolides__North West,lstm
2024-06-01,10.490000000000002,False,S-pneumoniae__Macrolides__North West,lstm
2024-07-01,11.57,False,S-pneumoniae__Macrolides__North West,lstm
2024-08-01,8.25,False,S-pneumoniae__Macrolides__North West,lstm
2024-09-01,1.18,False,S-pneumoniae__Macrolides__North West,lstm
2024-10-01,1.06,False,S-pneumoniae__Macrolides__North West,lstm
2024-11-01,0.76,False,S-pneumoniae__Macrolides__North West,lstm
2024-12-01,3.48,False,S-pneumoniae__Macrolides__North West,lstm
2025-01-01,6.22,False,S-pneumoniae__Macrolides__North West,lstm
2025-02-01,6.58,False,S-pneumoniae__Macrolides__North West,lstm
2025-03-01,7.65,False,S-pneumoniae__Macrolides__North West,lstm
2025-04-01,6.36,False,S-pneumoniae__Macrolides__North West,lstm
2025-05-01,9.93,False,S-pneumoniae__Macrolides__North West,lstm
2025-06-01,9.02,False,S-pneumoniae__Macrolides__North West,lstm
2025-07-01,6.540756702790843,True,S-pneumoniae__Macrolides__North West,lstm
2025-08-01,5.947086584738474,True,S-pneumoniae__Macrolides__North West,lstm
2025-09-01,5.197563654699875,True,S-pneumoniae__Macrolides__North West,lstm
2025-10-01,4.4745890046183945,True,S-pneumoniae__Macrolides__North West,lstm
2025-11-01,4.056212432475058,True,S-pneumoniae__Macrolides__North West,lstm
2025-12-01,3.98402706676194,True,S-pneumoniae__Macrolides__North West,lstm
2020-08-01,10.0,False,S-pneumoniae__Macrolides__South East,lstm
2020-09-01,11.9,False,S-pneumoniae__Macrolides__South East,lstm
2020-10-01,5.88,False,S-pneumoniae__Macrolides__South East,lstm
2020-11-01,8.47,False,S-pneumoniae__Macrolides__South East,lstm
2020-12-01,5.66,False,S-pneumoniae__Macrolides__South East,lstm
2021-01-01,10.91,False,S-pneumoniae__Macrolides__South East,lstm
2021-02-01,8.89,False,S-pneumoniae__Macrolides__South East,lstm
2021-03-01,8.82,False,S-pneumoniae__Macrolides__South East,lstm
2021-04-01,0.0,False,S-pneumoniae__Macrolides__South East,lstm
2021-05-01,2.44,False,S-pneumoniae__Macrolides__South East,lstm
2021-06-01,6.98,False,S-pneumoniae__Macrolides__South East,lstm
2021-07-01,10.42,False,S-pneumoniae__Macrolides__South East,lstm
2021-08-01,8.16,False,S-pneumoniae__Macrolides__South East,lstm
2021-09-01,3.7,False,S-pneumoniae__Macrolides__South East,lstm
2021-10-01,5.81,False,S-pneumoniae__Macrolides__South East,lstm
2021-11-01,9.43,False,S-pneumoniae__Macrolides__South East,lstm
2021-12-01,10.49,False,S-pneumoniae__Macrolides__South East,lstm
2022-01-01,7.46,False,S-pneumoniae__Macrolides__South East,lstm
2022-02-01,7.749999999999999,False,S-pneumoniae__Macrolides__South East,lstm
2022-03-01,7.209999999999999,False,S-pneumoniae__Macrolides__South East,lstm
2022-04-01,7.62,False,S-pneumoniae__Macrolides__South East,lstm
2022-05-01,4.9,False,S-pneumoniae__Macrolides__South East,lstm
2022-06-01,4.21,False,S-pneumoniae__Macrolides__South East,lstm
2022-07-01,6.82,False,S-pneumoniae__Macrolides__South East,lstm
2022-08-01,8.97,False,S-pneumoniae__Macrolides__South East,lstm
2022-09-01,7.250000000000001,False,S-pneumoniae__Macrolides__South East,lstm
2022-10-01,10.26,False,S-pneumoniae__Macrolides__South East,lstm
2022-11-01,9.9,False,S-pneumoniae__Macrolides__South East,lstm
2022-12-01,6.32,False,S-pneumoniae__Macrolides__South East,lstm
2023-01-01,5.07,False,S-pneumoniae__Macrolides__South East,lstm
2023-02-01,3.65,False,S-pneumoniae__Macrolides__South East,lstm
2023-03-01,5.88,False,S-pneumoniae__Macrolides__South East,lstm
2023-04-01,5.43,False,S-pneumoniae__Macrolides__South East,lstm
2023-05-01,4.62,False,S-pneumoniae__Macrolides__South East,lstm
2023-06-01,5.04,False,S-pneumoniae__Macrolides__South East,lstm
2023-07-01,4.04,False,S-pneumoniae__Macrolides__South East,lstm
2023-08-01,4.05,False,S-pneumoniae__Macrolides__South East,lstm
2023-09-01,3.28,False,S-pneumoniae__Macrolides__South East,lstm
2023-10-01,6.74,False,S-pneumoniae__Macrolides__South East,lstm
2023-11-01,7.48,False,S-pneumoniae__Macrolides__South East,lstm
2023-12-01,9.52,False,S-pneumoniae__Macrolides__South East,lstm
2024-01-01,9.8,False,S-pneumoniae__Macrolides__South East,lstm
2024-02-01,9.7,False,S-pneumoniae__Macrolides__South East,lstm
2024-03-01,8.21,False,S-pneumoniae__Macrolides__South East,lstm
2024-04-01,8.85,False,S-pneumoniae__Macrolides__South East,lstm
2024-05-01,11.52,False,S-pneumoniae__Macrolides__South East,lstm
2024-06-01,11.81,False,S-pneumoniae__Macrolides__South East,lstm
2024-07-01,11.3,False,S-pneumoniae__Macrolides__South East,lstm
2024-08-01,9.57,False,S-pneumoniae__Macrolides__South East,lstm
2024-09-01,10.0,False,S-pneumoniae__Macrolides__South East,lstm
2024-10-01,8.0,False,S-pneumoniae__Macrolides__South East,lstm
2024-11-01,11.97,False,S-pneumoniae__Macrolides__South East,lstm
2024-12-01,9.09,False,S-pneumoniae__Macrolides__South East,lstm
2025-01-01,9.44,False,S-pneumoniae__Macrolides__South East,lstm
2025-02-01,7.77,False,S-pneumoniae__Macrolides__South East,lstm
2025-03-01,9.92,False,S-pneumoniae__Macrolides__South East,lstm
2025-04-01,8.25,False,S-pneumoniae__Macrolides__South East,lstm
2025-05-01,7.46,False,S-pneumoniae__Macrolides__South East,lstm
2025-06-01,5.16,False,S-pneumoniae__Macrolides__South East,lstm
2025-07-01,7.815985307184912,True,S-pneumoniae__Macrolides__South East,lstm
2025-08-01,8.218712386731463,True,S-pneumoniae__Macrolides__South East,lstm
2025-09-01,8.590778905745466,True,S-pneumoniae__Macrolides__South East,lstm
2025-10-01,8.713385372646723,True,S-pneumoniae__Macrolides__South East,lstm
2025-11-01,8.609602732485333,True,S-pneumoniae__Macrolides__South East,lstm
2025-12-01,8.24728923683137,True,S-pneumoniae__Macrolides__South East,lstm
2020-08-01,15.0,False,S-pneumoniae__Macrolides__South West,lstm
2020-09-01,11.11,False,S-pneumoniae__Macrolides__South West,lstm
2020-10-01,9.09,False,S-pneumoniae__Macrolides__South West,lstm
2020-11-01,7.890000000000001,False,S-pneumoniae__Macrolides__South West,lstm
2020-12-01,2.86,False,S-pneumoniae__Macrolides__South West,lstm
2021-01-01,3.23,False,S-pneumoniae__Macrolides__South West,lstm
2021-02-01,4.0,False,S-pneumoniae__Macrolides__South West,lstm
2021-03-01,5.26,False,S-pneumoniae__Macrolides__South West,lstm
2021-04-01,4.35,False,S-pneumoniae__Macrolides__South West,lstm
2021-05-01,2.7,False,S-pneumoniae__Macrolides__South West,lstm
2021-06-01,2.27,False,S-pneumoniae__Macrolides__South West,lstm
2021-07-01,0.0,False,S-pneumoniae__Macrolides__South West,lstm
2021-08-01,0.0,False,S-pneumoniae__Macrolides__South West,lstm
2021-09-01,2.56,False,S-pneumoniae__Macrolides__South West,lstm
2021-10-01,2.38,False,S-pneumoniae__Macrolides__South West,lstm
2021-11-01,4.55,False,S-pneumoniae__Macrolides__South West,lstm
2021-12-01,4.55,False,S-pneumoniae__Macrolides__South West,lstm
2022-01-01,4.4,False,S-pneumoniae__Macrolides__South West,lstm
2022-02-01,5.41,False,S-pneumoniae__Macrolides__South West,lstm
2022-03-01,6.25,False,S-pneumoniae__Macrolides__South West,lstm
2022-04-01,6.58,False,S-pneumoniae__Macrolides__South West,lstm
2022-05-01,4.82,False,S-pneumoniae__Macrolides__South West,lstm
2022-06-01,3.8499999999999996,False,S-pneumoniae__Macrolides__South West,lstm
2022-07-01,2.99,False,S-pneumoniae__Macrolides__South West,lstm
2022-08-01,1.67,False,S-pneumoniae__Macrolides__South West,lstm
2022-09-01,5.26,False,S-pneumoniae__Macrolides__South West,lstm
2022-10-01,6.15,False,S-pneumoniae__Macrolides__South West,lstm
2022-11-01,5.56,False,S-pneumoniae__Macrolides__South West,lstm
2022-12-01,1.36,False,S-pneumoniae__Macrolides__South West,lstm
2023-01-01,1.82,False,S-pneumoniae__Macrolides__South West,lstm
2023-02-01,2.82,False,S-pneumoniae__Macrolides__South West,lstm
2023-03-01,5.8,False,S-pneumoniae__Macrolides__South West,lstm
2023-04-01,6.3,False,S-pneumoniae__Macrolides__South West,lstm
2023-05-01,5.41,False,S-pneumoniae__Macrolides__South West,lstm
2023-06-01,4.21,False,S-pneumoniae__Macrolides__South West,lstm
2023-07-01,4.23,False,S-pneumoniae__Macrolides__South West,lstm
2023-08-01,6.38,False,S-pneumoniae__Macrolides__South West,lstm
2023-09-01,7.14,False,S-pneumoniae__Macrolides__South West,lstm
2023-10-01,6.9,False,S-pneumoniae__Macrolides__South West,lstm
2023-11-01,5.0,False,S-pneumoniae__Macrolides__South West,lstm
2023-12-01,3.12,False,S-pneumoniae__Macrolides__South West,lstm
2024-01-01,3.57,False,S-pneumoniae__Macrolides__South West,lstm
2024-02-01,3.11,False,S-pneumoniae__Macrolides__South West,lstm
2024-03-01,4.26,False,S-pneumoniae__Macrolides__South West,lstm
2024-04-01,2.9,False,S-pneumoniae__Macrolides__South West,lstm
2024-05-01,2.4,False,S-pneumoniae__Macrolides__South West,lstm
2024-06-01,0.9900000000000001,False,S-pneumoniae__Macrolides__South West,lstm
2024-07-01,1.16,False,S-pneumoniae__Macrolides__South West,lstm
2024-08-01,6.56,False,S-pneumoniae__Macrolides__South West,lstm
2024-09-01,8.93,False,S-pneumoniae__Macrolides__South West,lstm
2024-10-01,9.09,False,S-pneumoniae__Macrolides__South West,lstm
2024-11-01,7.609999999999999,False,S-pneumoniae__Macrolides__South West,lstm
2024-12-01,6.8,False,S-pneumoniae__Macrolides__South West,lstm
2025-01-01,6.29,False,S-pneumoniae__Macrolides__South West,lstm
2025-02-01,5.62,False,S-pneumoniae__Macrolides__South West,lstm
2025-03-01,6.4,False,S-pneumoniae__Macrolides__South West,lstm
2025-04-01,7.06,False,S-pneumoniae__Macrolides__South West,lstm
2025-05-01,6.87,False,S-pneumoniae__Macrolides__South West,lstm
2025-06-01,6.78,False,S-pneumoniae__Macrolides__South West,lstm
2025-07-01,4.827157817513066,True,S-pneumoniae__Macrolides__South West,lstm
2025-08-01,5.196605291629688,True,S-pneumoniae__Macrolides__South West,lstm
2025-09-01,5.489677815594373,True,S-pneumoniae__Macrolides__South West,lstm
2025-10-01,5.607007979137069,True,S-pneumoniae__Macrolides__South West,lstm
2025-11-01,5.503786840867136,True,S-pneumoniae__Macrolides__South West,lstm
2025-12-01,5.246143064929479,True,S-pneumoniae__Macrolides__South West,lstm
2020-08-01,8.33,False,S-pneumoniae__Macrolides__West Midlands,lstm
2020-09-01,8.11,False,S-pneumoniae__Macrolides__West Midlands,lstm
2020-10-01,11.36,False,S-pneumoniae__Macrolides__West Midlands,lstm
2020-11-01,7.84,False,S-pneumoniae__Macrolides__West Midlands,lstm
2020-12-01,10.26,False,S-pneumoniae__Macrolides__West Midlands,lstm
2021-01-01,2.86,False,S-pneumoniae__Macrolides__West Midlands,lstm
2021-02-01,8.0,False,S-pneumoniae__Macrolides__West Midlands,lstm
2021-03-01,7.41,False,S-pneumoniae__Macrolides__West Midlands,lstm
2021-04-01,7.89,False,S-pneumoniae__Macrolides__West Midlands,lstm
2021-05-01,3.7,False,S-pneumoniae__Macrolides__West Midlands,lstm
2021-06-01,4.29,False,S-pneumoniae__Macrolides__West Midlands,lstm
2021-07-01,6.45,False,S-pneumoniae__Macrolides__West Midlands,lstm
2021-08-01,7.6899999999999995,False,S-pneumoniae__Macrolides__West Midlands,lstm
2021-09-01,8.33,False,S-pneumoniae__Macrolides__West Midlands,lstm
2021-10-01,6.49,False,S-pneumoniae__Macrolides__West Midlands,lstm
2021-11-01,5.62,False,S-pneumoniae__Macrolides__West Midlands,lstm
2021-12-01,6.3500000000000005,False,S-pneumoniae__Macrolides__West Midlands,lstm
2022-01-01,7.620000000000001,False,S-pneumoniae__Macrolides__West Midlands,lstm
2022-02-01,8.51,False,S-pneumoniae__Macrolides__West Midlands,lstm
2022-03-01,8.22,False,S-pneumoniae__Macrolides__West Midlands,lstm
2022-04-01,3.37,False,S-pneumoniae__Macrolides__West Midlands,lstm
2022-05-01,2.27,False,S-pneumoniae__Macrolides__West Midlands,lstm
2022-06-01,1.12,False,S-pneumoniae__Macrolides__West Midlands,lstm
2022-07-01,3.9,False,S-pneumoniae__Macrolides__West Midlands,lstm
2022-08-01,5.71,False,S-pneumoniae__Macrolides__West Midlands,lstm
2022-09-01,10.71,False,S-pneumoniae__Macrolides__West Midlands,lstm
2022-10-01,11.94,False,S-pneumoniae__Macrolides__West Midlands,lstm
2022-11-01,11.11,False,S-pneumoniae__Macrolides__West Midlands,lstm
2022-12-01,8.11,False,S-pneumoniae__Macrolides__West Midlands,lstm
2023-01-01,7.24,False,S-pneumoniae__Macrolides__West Midlands,lstm
2023-02-01,6.710000000000001,False,S-pneumoniae__Macrolides__West Midlands,lstm
2023-03-01,4.14,False,S-pneumoniae__Macrolides__West Midlands,lstm
2023-04-01,3.87,False,S-pneumoniae__Macrolides__West Midlands,lstm
2023-05-01,2.74,False,S-pneumoniae__Macrolides__West Midlands,lstm
2023-06-01,4.2,False,S-pneumoniae__Macrolides__West Midlands,lstm
2023-07-01,2.13,False,S-pneumoniae__Macrolides__West Midlands,lstm
2023-08-01,1.33,False,S-pneumoniae__Macrolides__West Midlands,lstm
2023-09-01,0.0,False,S-pneumoniae__Macrolides__West Midlands,lstm
2023-10-01,0.0,False,S-pneumoniae__Macrolides__West Midlands,lstm
2023-11-01,0.96,False,S-pneumoniae__Macrolides__West Midlands,lstm
2023-12-01,3.5500000000000003,False,S-pneumoniae__Macrolides__West Midlands,lstm
2024-01-01,4.57,False,S-pneumoniae__Macrolides__West Midlands,lstm
2024-02-01,6.95,False,S-pneumoniae__Macrolides__West Midlands,lstm
2024-03-01,5.88,False,S-pneumoniae__Macrolides__West Midlands,lstm
2024-04-01,6.669999999999999,False,S-pneumoniae__Macrolides__West Midlands,lstm
2024-05-01,3.6,False,S-pneumoniae__Macrolides__West Midlands,lstm
2024-06-01,3.9699999999999998,False,S-pneumoniae__Macrolides__West Midlands,lstm
2024-07-01,3.3100000000000005,False,S-pneumoniae__Macrolides__West Midlands,lstm
2024-08-01,5.21,False,S-pneumoniae__Macrolides__West Midlands,lstm
2024-09-01,8.0,False,S-pneumoniae__Macrolides__West Midlands,lstm
2024-10-01,6.06,False,S-pneumoniae__Macrolides__West Midlands,lstm
2024-11-01,6.09,False,S-pneumoniae__Macrolides__West Midlands,lstm
2024-12-01,6.570000000000001,False,S-pneumoniae__Macrolides__West Midlands,lstm
2025-01-01,7.6899999999999995,False,S-pneumoniae__Macrolides__West Midlands,lstm
2025-02-01,8.1,False,S-pneumoniae__Macrolides__West Midlands,lstm
2025-03-01,5.84,False,S-pneumoniae__Macrolides__West Midlands,lstm
2025-04-01,5.56,False,S-pneumoniae__Macrolides__West Midlands,lstm
2025-05-01,7.64,False,S-pneumoniae__Macrolides__West Midlands,lstm
2025-06-01,9.86,False,S-pneumoniae__Macrolides__West Midlands,lstm
2025-07-01,4.263493263355409,True,S-pneumoniae__Macrolides__West Midlands,lstm
2025-08-01,4.792384364008037,True,S-pneumoniae__Macrolides__West Midlands,lstm
2025-09-01,5.355564129276899,True,S-pneumoniae__Macrolides__West Midlands,lstm
2025-10-01,5.914190657814144,True,S-pneumoniae__Macrolides__West Midlands,lstm
2025-11-01,6.3928249829048776,True,S-pneumoniae__Macrolides__West Midlands,lstm
2025-12-01,6.658780349853533,True,S-pneumoniae__Macrolides__West Midlands,lstm
2020-08-01,6.669999999999999,False,S-pneumoniae__Macrolides__Yorkshire and Humber,lstm
2020-09-01,4.17,False,S-pneumoniae__Macrolides__Yorkshire and Humber,lstm
2020-10-01,4.17,False,S-pneumoniae__Macrolides__Yorkshire and Humber,lstm
2020-11-01,2.0,False,S-pneumoniae__Macrolides__Yorkshire and Humber,lstm
2020-12-01,7.14,False,S-pneumoniae__Macrolides__Yorkshire and Humber,lstm
2021-01-01,17.95,False,S-pneumoniae__Macrolides__Yorkshire and Humber,lstm
2021-02-01,20.51,False,S-pneumoniae__Macrolides__Yorkshire and Humber,lstm
2021-03-01,15.149999999999999,False,S-pneumoniae__Macrolides__Yorkshire and Humber,lstm
2021-04-01,2.78,False,S-pneumoniae__Macrolides__Yorkshire and Humber,lstm
2021-05-01,0.0,False,S-pneumoniae__Macrolides__Yorkshire and Humber,lstm
2021-06-01,1.92,False,S-pneumoniae__Macrolides__Yorkshire and Humber,lstm
2021-07-01,4.08,False,S-pneumoniae__Macrolides__Yorkshire and Humber,lstm
2021-08-01,6.9799999999999995,False,S-pneumoniae__Macrolides__Yorkshire and Humber,lstm
2021-09-01,7.14,False,S-pneumoniae__Macrolides__Yorkshire and Humber,lstm
2021-10-01,3.3900000000000006,False,S-pneumoniae__Macrolides__Yorkshire and Humber,lstm
2021-11-01,5.19,False,S-pneumoniae__Macrolides__Yorkshire and Humber,lstm
2021-12-01,4.0,False,S-pneumoniae__Macrolides__Yorkshire and Humber,lstm
2022-01-01,5.49,False,S-pneumoniae__Macrolides__Yorkshire and Humber,lstm
2022-02-01,3.95,False,S-pneumoniae__Macrolides__Yorkshire and Humber,lstm
2022-03-01,3.03,False,S-pneumoniae__Macrolides__Yorkshire and Humber,lstm
2022-04-01,2.5,False,S-pneumoniae__Macrolides__Yorkshire and Humber,lstm
2022-05-01,1.18,False,S-pneumoniae__Macrolides__Yorkshire and Humber,lstm
2022-06-01,1.18,False,S-pneumoniae__Macrolides__Yorkshire and Humber,lstm
2022-07-01,1.47,False,S-pneumoniae__Macrolides__Yorkshire and Humber,lstm
2022-08-01,5.08,False,S-pneumoniae__Macrolides__Yorkshire and Humber,lstm
2022-09-01,6.669999999999999,False,S-pneumoniae__Macrolides__Yorkshire and Humber,lstm
2022-10-01,4.92,False,S-pneumoniae__Macrolides__Yorkshire and Humber,lstm
2022-11-01,2.08,False,S-pneumoniae__Macrolides__Yorkshire and Humber,lstm
2022-12-01,3.6400000000000006,False,S-pneumoniae__Macrolides__Yorkshire and Humber,lstm
2023-01-01,5.06,False,S-pneumoniae__Macrolides__Yorkshire and Humber,lstm
2023-02-01,7.65,False,S-pneumoniae__Macrolides__Yorkshire and Humber,lstm
2023-03-01,7.79,False,S-pneumoniae__Macrolides__Yorkshire and Humber,lstm
2023-04-01,7.79,False,S-pneumoniae__Macrolides__Yorkshire and Humber,lstm
2023-05-01,4.51,False,S-pneumoniae__Macrolides__Yorkshire and Humber,lstm
2023-06-01,4.59,False,S-pneumoniae__Macrolides__Yorkshire and Humber,lstm
2023-07-01,3.53,False,S-pneumoniae__Macrolides__Yorkshire and Humber,lstm
2023-08-01,4.62,False,S-pneumoniae__Macrolides__Yorkshire and Humber,lstm
2023-09-01,5.7700000000000005,False,S-pneumoniae__Macrolides__Yorkshire and Humber,lstm
2023-10-01,2.78,False,S-pneumoniae__Macrolides__Yorkshire and Humber,lstm
2023-11-01,6.0,False,S-pneumoniae__Macrolides__Yorkshire and Humber,lstm
2023-12-01,5.84,False,S-pneumoniae__Macrolides__Yorkshire and Humber,lstm
2024-01-01,7.2700000000000005,False,S-pneumoniae__Macrolides__Yorkshire and Humber,lstm
2024-02-01,5.530000000000001,False,S-pneumoniae__Macrolides__Yorkshire and Humber,lstm
2024-03-01,5.41,False,S-pneumoniae__Macrolides__Yorkshire and Humber,lstm
2024-04-01,4.12,False,S-pneumoniae__Macrolides__Yorkshire and Humber,lstm
2024-05-01,3.82,False,S-pneumoniae__Macrolides__Yorkshire and Humber,lstm
2024-06-01,3.57,False,S-pneumoniae__Macrolides__Yorkshire and Humber,lstm
2024-07-01,4.12,False,S-pneumoniae__Macrolides__Yorkshire and Humber,lstm
2024-08-01,3.85,False,S-pneumoniae__Macrolides__Yorkshire and Humber,lstm
2024-09-01,1.89,False,S-pneumoniae__Macrolides__Yorkshire and Humber,lstm
2024-10-01,5.71,False,S-pneumoniae__Macrolides__Yorkshire and Humber,lstm
2024-11-01,6.6,False,S-pneumoniae__Macrolides__Yorkshire and Humber,lstm
2024-12-01,6.63,False,S-pneumoniae__Macrolides__Yorkshire and Humber,lstm
2025-01-01,5.39,False,S-pneumoniae__Macrolides__Yorkshire and Humber,lstm
2025-02-01,4.15,False,S-pneumoniae__Macrolides__Yorkshire and Humber,lstm
2025-03-01,3.4899999999999998,False,S-pneumoniae__Macrolides__Yorkshire and Humber,lstm
2025-04-01,3.68,False,S-pneumoniae__Macrolides__Yorkshire and Humber,lstm
2025-05-01,7.19,False,S-pneumoniae__Macrolides__Yorkshire and Humber,lstm
2025-06-01,8.27,False,S-pneumoniae__Macrolides__Yorkshire and Humber,lstm
2025-07-01,3.9853137526008626,True,S-pneumoniae__Macrolides__Yorkshire and Humber,lstm
2025-08-01,4.163150899786867,True,S-pneumoniae__Macrolides__Yorkshire and Humber,lstm
2025-09-01,4.458587182052139,True,S-pneumoniae__Macrolides__Yorkshire and Humber,lstm
2025-10-01,4.816306378862214,True,S-pneumoniae__Macrolides__Yorkshire and Humber,lstm
2025-11-01,5.201923962028112,True,S-pneumoniae__Macrolides__Yorkshire and Humber,lstm
2025-12-01,5.443431650608649,True,S-pneumoniae__Macrolides__Yorkshire and Humber,lstm
2020-08-01,0.0,False,S-pneumoniae__Penicillin__East Midlands,lstm
2020-09-01,0.0,False,S-pneumoniae__Penicillin__East Midlands,lstm
2020-10-01,0.0,False,S-pneumoniae__Penicillin__East Midlands,lstm
2020-11-01,0.0,False,S-pneumoniae__Penicillin__East Midlands,lstm
2020-12-01,0.0,False,S-pneumoniae__Penicillin__East Midlands,lstm
2021-01-01,0.0,False,S-pneumoniae__Penicillin__East Midlands,lstm
2021-02-01,,False,S-pneumoniae__Penicillin__East Midlands,lstm
2021-03-01,0.0,False,S-pneumoniae__Penicillin__East Midlands,lstm
2021-04-01,0.0,False,S-pneumoniae__Penicillin__East Midlands,lstm
2021-05-01,4.17,False,S-pneumoniae__Penicillin__East Midlands,lstm
2021-06-01,2.56,False,S-pneumoniae__Penicillin__East Midlands,lstm
2021-07-01,2.22,False,S-pneumoniae__Penicillin__East Midlands,lstm
2021-08-01,0.0,False,S-pneumoniae__Penicillin__East Midlands,lstm
2021-09-01,0.0,False,S-pneumoniae__Penicillin__East Midlands,lstm
2021-10-01,0.0,False,S-pneumoniae__Penicillin__East Midlands,lstm
2021-11-01,1.82,False,S-pneumoniae__Penicillin__East Midlands,lstm
2021-12-01,2.86,False,S-pneumoniae__Penicillin__East Midlands,lstm
2022-01-01,3.33,False,S-pneumoniae__Penicillin__East Midlands,lstm
2022-02-01,3.51,False,S-pneumoniae__Penicillin__East Midlands,lstm
2022-03-01,2.04,False,S-pneumoniae__Penicillin__East Midlands,lstm
2022-04-01,1.52,False,S-pneumoniae__Penicillin__East Midlands,lstm
2022-05-01,0.0,False,S-pneumoniae__Penicillin__East Midlands,lstm
2022-06-01,0.0,False,S-pneumoniae__Penicillin__East Midlands,lstm
2022-07-01,0.0,False,S-pneumoniae__Penicillin__East Midlands,lstm
2022-08-01,0.0,False,S-pneumoniae__Penicillin__East Midlands,lstm
2022-09-01,0.0,False,S-pneumoniae__Penicillin__East Midlands,lstm
2022-10-01,2.0,False,S-pneumoniae__Penicillin__East Midlands,lstm
2022-11-01,1.54,False,S-pneumoniae__Penicillin__East Midlands,lstm
2022-12-01,1.72,False,S-pneumoniae__Penicillin__East Midlands,lstm
2023-01-01,1.4,False,S-pneumoniae__Penicillin__East Midlands,lstm
2023-02-01,1.81,False,S-pneumoniae__Penicillin__East Midlands,lstm
2023-03-01,1.25,False,S-pneumoniae__Penicillin__East Midlands,lstm
2023-04-01,2.22,False,S-pneumoniae__Penicillin__East Midlands,lstm
2023-05-01,1.89,False,S-pneumoniae__Penicillin__East Midlands,lstm
2023-06-01,4.35,False,S-pneumoniae__Penicillin__East Midlands,lstm
2023-07-01,1.85,False,S-pneumoniae__Penicillin__East Midlands,lstm
2023-08-01,1.85,False,S-pneumoniae__Penicillin__East Midlands,lstm
2023-09-01,0.0,False,S-pneumoniae__Penicillin__East Midlands,lstm
2023-10-01,0.0,False,S-pneumoniae__Penicillin__East Midlands,lstm
2023-11-01,2.33,False,S-pneumoniae__Penicillin__East Midlands,lstm
2023-12-01,1.59,False,S-pneumoniae__Penicillin__East Midlands,lstm
2024-01-01,3.38,False,S-pneumoniae__Penicillin__East Midlands,lstm
2024-02-01,2.56,False,S-pneumoniae__Penicillin__East Midlands,lstm
2024-03-01,3.55,False,S-pneumoniae__Penicillin__East Midlands,lstm
2024-04-01,2.65,False,S-pneumoniae__Penicillin__East Midlands,lstm
2024-05-01,2.02,False,S-pneumoniae__Penicillin__East Midlands,lstm
2024-06-01,2.35,False,S-pneumoniae__Penicillin__East Midlands,lstm
2024-07-01,1.41,False,S-pneumoniae__Penicillin__East Midlands,lstm
2024-08-01,2.13,False,S-pneumoniae__Penicillin__East Midlands,lstm
2024-09-01,0.0,False,S-pneumoniae__Penicillin__East Midlands,lstm
2024-10-01,0.0,False,S-pneumoniae__Penicillin__East Midlands,lstm
2024-11-01,0.0,False,S-pneumoniae__Penicillin__East Midlands,lstm
2024-12-01,0.0,False,S-pneumoniae__Penicillin__East Midlands,lstm
2025-01-01,0.6,False,S-pneumoniae__Penicillin__East Midlands,lstm
2025-02-01,0.58,False,S-pneumoniae__Penicillin__East Midlands,lstm
2025-03-01,1.38,False,S-pneumoniae__Penicillin__East Midlands,lstm
2025-04-01,2.54,False,S-pneumoniae__Penicillin__East Midlands,lstm
2025-05-01,3.33,False,S-pneumoniae__Penicillin__East Midlands,lstm
2025-06-01,3.92,False,S-pneumoniae__Penicillin__East Midlands,lstm
2025-07-01,,True,S-pneumoniae__Penicillin__East Midlands,lstm
2025-08-01,,True,S-pneumoniae__Penicillin__East Midlands,lstm
2025-09-01,,True,S-pneumoniae__Penicillin__East Midlands,lstm
2025-10-01,,True,S-pneumoniae__Penicillin__East Midlands,lstm
2025-11-01,,True,S-pneumoniae__Penicillin__East Midlands,lstm
2025-12-01,,True,S-pneumoniae__Penicillin__East Midlands,lstm
2020-08-01,5.88,False,S-pneumoniae__Penicillin__East of England,lstm
2020-09-01,5.0,False,S-pneumoniae__Penicillin__East of England,lstm
2020-10-01,3.3299999999999996,False,S-pneumoniae__Penicillin__East of England,lstm
2020-11-01,4.35,False,S-pneumoniae__Penicillin__East of England,lstm
2020-12-01,5.88,False,S-pneumoniae__Penicillin__East of England,lstm
2021-01-01,0.0,False,S-pneumoniae__Penicillin__East of England,lstm
2021-02-01,14.29,False,S-pneumoniae__Penicillin__East of England,lstm
2021-03-01,18.18,False,S-pneumoniae__Penicillin__East of England,lstm
2021-04-01,10.34,False,S-pneumoniae__Penicillin__East of England,lstm
2021-05-01,5.26,False,S-pneumoniae__Penicillin__East of England,lstm
2021-06-01,4.44,False,S-pneumoniae__Penicillin__East of England,lstm
2021-07-01,5.88,False,S-pneumoniae__Penicillin__East of England,lstm
2021-08-01,6.670000000000001,False,S-pneumoniae__Penicillin__East of England,lstm
2021-09-01,3.03,False,S-pneumoniae__Penicillin__East of England,lstm
2021-10-01,2.08,False,S-pneumoniae__Penicillin__East of England,lstm
2021-11-01,2.9,False,S-pneumoniae__Penicillin__East of England,lstm
2021-12-01,2.53,False,S-pneumoniae__Penicillin__East of England,lstm
2022-01-01,1.45,False,S-pneumoniae__Penicillin__East of England,lstm
2022-02-01,0.0,False,S-pneumoniae__Penicillin__East of England,lstm
2022-03-01,0.0,False,S-pneumoniae__Penicillin__East of England,lstm
2022-04-01,0.0,False,S-pneumoniae__Penicillin__East of England,lstm
2022-05-01,1.96,False,S-pneumoniae__Penicillin__East of England,lstm
2022-06-01,3.77,False,S-pneumoniae__Penicillin__East of England,lstm
2022-07-01,4.0,False,S-pneumoniae__Penicillin__East of England,lstm
2022-08-01,2.13,False,S-pneumoniae__Penicillin__East of England,lstm
2022-09-01,2.22,False,S-pneumoniae__Penicillin__East of England,lstm
2022-10-01,3.57,False,S-pneumoniae__Penicillin__East of England,lstm
2022-11-01,2.94,False,S-pneumoniae__Penicillin__East of England,lstm
2022-12-01,0.94,False,S-pneumoniae__Penicillin__East of England,lstm
2023-01-01,2.65,False,S-pneumoniae__Penicillin__East of England,lstm
2023-02-01,2.36,False,S-pneumoniae__Penicillin__East of England,lstm
2023-03-01,2.91,False,S-pneumoniae__Penicillin__East of England,lstm
2023-04-01,0.97,False,S-pneumoniae__Penicillin__East of England,lstm
2023-05-01,1.09,False,S-pneumoniae__Penicillin__East of England,lstm
2023-06-01,1.14,False,S-pneumoniae__Penicillin__East of England,lstm
2023-07-01,2.94,False,S-pneumoniae__Penicillin__East of England,lstm
2023-08-01,3.57,False,S-pneumoniae__Penicillin__East of England,lstm
2023-09-01,5.0,False,S-pneumoniae__Penicillin__East of England,lstm
2023-10-01,2.22,False,S-pneumoniae__Penicillin__East of England,lstm
2023-11-01,1.54,False,S-pneumoniae__Penicillin__East of England,lstm
2023-12-01,0.89,False,S-pneumoniae__Penicillin__East of England,lstm
2024-01-01,0.0,False,S-pneumoniae__Penicillin__East of England,lstm
2024-02-01,0.0,False,S-pneumoniae__Penicillin__East of England,lstm
2024-03-01,0.8800000000000001,False,S-pneumoniae__Penicillin__East of England,lstm
2024-04-01,4.59,False,S-pneumoniae__Penicillin__East of England,lstm
2024-05-01,6.670000000000001,False,S-pneumoniae__Penicillin__East of England,lstm
2024-06-01,6.49,False,S-pneumoniae__Penicillin__East of England,lstm
2024-07-01,1.75,False,S-pneumoniae__Penicillin__East of England,lstm
2024-08-01,0.0,False,S-pneumoniae__Penicillin__East of England,lstm
2024-09-01,2.13,False,S-pneumoniae__Penicillin__East of England,lstm
2024-10-01,1.69,False,S-pneumoniae__Penicillin__East of England,lstm
2024-11-01,3.75,False,S-pneumoniae__Penicillin__East of England,lstm
2024-12-01,4.92,False,S-pneumoniae__Penicillin__East of England,lstm
2025-01-01,4.79,False,S-pneumoniae__Penicillin__East of England,lstm
2025-02-01,4.35,False,S-pneumoniae__Penicillin__East of England,lstm
2025-03-01,3.17,False,S-pneumoniae__Penicillin__East of England,lstm
2025-04-01,3.77,False,S-pneumoniae__Penicillin__East of England,lstm
2025-05-01,4.59,False,S-pneumoniae__Penicillin__East of England,lstm
2025-06-01,6.58,False,S-pneumoniae__Penicillin__East of England,lstm
2025-07-01,3.63966659375962,True,S-pneumoniae__Penicillin__East of England,lstm
2025-08-01,3.572564907384137,True,S-pneumoniae__Penicillin__East of England,lstm
2025-09-01,3.3035566910973313,True,S-pneumoniae__Penicillin__East of England,lstm
2025-10-01,2.964989889519743,True,S-pneumoniae__Penicillin__East of England,lstm
2025-11-01,2.637750778940305,True,S-pneumoniae__Penicillin__East of England,lstm
2025-12-01,2.4277938511487274,True,S-pneumoniae__Penicillin__East of England,lstm
2020-08-01,6.670000000000001,False,S-pneumoniae__Penicillin__London,lstm
2020-09-01,7.69,False,S-pneumoniae__Penicillin__London,lstm
2020-10-01,9.52,False,S-pneumoniae__Penicillin__London,lstm
2020-11-01,9.68,False,S-pneumoniae__Penicillin__London,lstm
2020-12-01,4.88,False,S-pneumoniae__Penicillin__London,lstm
2021-01-01,2.17,False,S-pneumoniae__Penicillin__London,lstm
2021-02-01,0.0,False,S-pneumoniae__Penicillin__London,lstm
2021-03-01,0.0,False,S-pneumoniae__Penicillin__London,lstm
2021-04-01,0.0,False,S-pneumoniae__Penicillin__London,lstm
2021-05-01,0.0,False,S-pneumoniae__Penicillin__London,lstm
2021-06-01,0.0,False,S-pneumoniae__Penicillin__London,lstm
2021-07-01,0.0,False,S-pneumoniae__Penicillin__London,lstm
2021-08-01,0.0,False,S-pneumoniae__Penicillin__London,lstm
2021-09-01,0.0,False,S-pneumoniae__Penicillin__London,lstm
2021-10-01,4.76,False,S-pneumoniae__Penicillin__London,lstm
2021-11-01,4.17,False,S-pneumoniae__Penicillin__London,lstm
2021-12-01,4.27,False,S-pneumoniae__Penicillin__London,lstm
2022-01-01,1.06,False,S-pneumoniae__Penicillin__London,lstm
2022-02-01,2.41,False,S-pneumoniae__Penicillin__London,lstm
2022-03-01,1.32,False,S-pneumoniae__Penicillin__London,lstm
2022-04-01,2.9399999999999995,False,S-pneumoniae__Penicillin__London,lstm
2022-05-01,3.57,False,S-pneumoniae__Penicillin__London,lstm
2022-06-01,4.35,False,S-pneumoniae__Penicillin__London,lstm
2022-07-01,3.33,False,S-pneumoniae__Penicillin__London,lstm
2022-08-01,1.3,False,S-pneumoniae__Penicillin__London,lstm
2022-09-01,0.0,False,S-pneumoniae__Penicillin__London,lstm
2022-10-01,7.950000000000001,False,S-pneumoniae__Penicillin__London,lstm
2022-11-01,9.65,False,S-pneumoniae__Penicillin__London,lstm
2022-12-01,7.26,False,S-pneumoniae__Penicillin__London,lstm
2023-01-01,3.6400000000000006,False,S-pneumoniae__Penicillin__London,lstm
2023-02-01,2.53,False,S-pneumoniae__Penicillin__London,lstm
2023-03-01,2.31,False,S-pneumoniae__Penicillin__London,lstm
2023-04-01,4.2,False,S-pneumoniae__Penicillin__London,lstm
2023-05-01,5.34,False,S-pneumoniae__Penicillin__London,lstm
2023-06-01,7.08,False,S-pneumoniae__Penicillin__London,lstm
2023-07-01,6.9,False,S-pneumoniae__Penicillin__London,lstm
2023-08-01,3.9000000000000004,False,S-pneumoniae__Penicillin__London,lstm
2023-09-01,1.5600000000000003,False,S-pneumoniae__Penicillin__London,lstm
2023-10-01,0.0,False,S-pneumoniae__Penicillin__London,lstm
2023-11-01,1.6,False,S-pneumoniae__Penicillin__London,lstm
2023-12-01,2.86,False,S-pneumoniae__Penicillin__London,lstm
2024-01-01,6.25,False,S-pneumoniae__Penicillin__London,lstm
2024-02-01,9.24,False,S-pneumoniae__Penicillin__London,lstm
2024-03-01,10.62,False,S-pneumoniae__Penicillin__London,lstm
2024-04-01,7.950000000000001,False,S-pneumoniae__Penicillin__London,lstm
2024-05-01,7.64,False,S-pneumoniae__Penicillin__London,lstm
2024-06-01,7.5600000000000005,False,S-pneumoniae__Penicillin__London,lstm
2024-07-01,9.62,False,S-pneumoniae__Penicillin__London,lstm
2024-08-01,6.85,False,S-pneumoniae__Penicillin__London,lstm
2024-09-01,6.85,False,S-pneumoniae__Penicillin__London,lstm
2024-10-01,5.32,False,S-pneumoniae__Penicillin__London,lstm
2024-11-01,8.33,False,S-pneumoniae__Penicillin__London,lstm
2024-12-01,9.14,False,S-pneumoniae__Penicillin__London,lstm
2025-01-01,8.65,False,S-pneumoniae__Penicillin__London,lstm
2025-02-01,6.029999999999999,False,S-pneumoniae__Penicillin__London,lstm
2025-03-01,4.49,False,S-pneumoniae__Penicillin__London,lstm
2025-04-01,4.62,False,S-pneumoniae__Penicillin__London,lstm
2025-05-01,4.22,False,S-pneumoniae__Penicillin__London,lstm
2025-06-01,3.5500000000000003,False,S-pneumoniae__Penicillin__London,lstm
2025-07-01,6.602916254491084,True,S-pneumoniae__Penicillin__London,lstm
2025-08-01,6.597887801592687,True,S-pneumoniae__Penicillin__London,lstm
2025-09-01,6.42834367358012,True,S-pneumoniae__Penicillin__London,lstm
2025-10-01,6.2381965755087405,True,S-pneumoniae__Penicillin__London,lstm
2025-11-01,6.033978254769928,True,S-pneumoniae__Penicillin__London,lstm
2025-12-01,5.82857202979308,True,S-pneumoniae__Penicillin__London,lstm
2020-09-01,0.0,False,S-pneumoniae__Penicillin__North East,lstm
2020-10-01,0.0,False,S-pneumoniae__Penicillin__North East,lstm
2020-11-01,,False,S-pneumoniae__Penicillin__North East,lstm
2020-12-01,0.0,False,S-pneumoniae__Penicillin__North East,lstm
2021-01-01,0.0,False,S-pneumoniae__Penicillin__North East,lstm
2021-02-01,0.0,False,S-pneumoniae__Penicillin__North East,lstm
2021-03-01,0.0,False,S-pneumoniae__Penicillin__North East,lstm
2021-04-01,0.0,False,S-pneumoniae__Penicillin__North East,lstm
2021-05-01,0.0,False,S-pneumoniae__Penicillin__North East,lstm
2021-06-01,0.0,False,S-pneumoniae__Penicillin__North East,lstm
2021-07-01,0.0,False,S-pneumoniae__Penicillin__North East,lstm
2021-08-01,0.0,False,S-pneumoniae__Penicillin__North East,lstm
2021-09-01,0.0,False,S-pneumoniae__Penicillin__North East,lstm
2021-10-01,0.0,False,S-pneumoniae__Penicillin__North East,lstm
2021-11-01,0.0,False,S-pneumoniae__Penicillin__North East,lstm
2021-12-01,0.0,False,S-pneumoniae__Penicillin__North East,lstm
2022-01-01,0.0,False,S-pneumoniae__Penicillin__North East,lstm
2022-02-01,0.0,False,S-pneumoniae__Penicillin__North East,lstm
2022-03-01,0.0,False,S-pneumoniae__Penicillin__North East,lstm
2022-04-01,0.0,False,S-pneumoniae__Penicillin__North East,lstm
2022-05-01,0.0,False,S-pneumoniae__Penicillin__North East,lstm
2022-06-01,0.0,False,S-pneumoniae__Penicillin__North East,lstm
2022-07-01,0.0,False,S-pneumoniae__Penicillin__North East,lstm
2022-08-01,0.0,False,S-pneumoniae__Penicillin__North East,lstm
2022-09-01,0.0,False,S-pneumoniae__Penicillin__North East,lstm
2022-10-01,0.0,False,S-pneumoniae__Penicillin__North East,lstm
2022-11-01,0.0,False,S-pneumoniae__Penicillin__North East,lstm
2022-12-01,0.0,False,S-pneumoniae__Penicillin__North East,lstm
2023-01-01,0.0,False,S-pneumoniae__Penicillin__North East,lstm
2023-02-01,0.0,False,S-pneumoniae__Penicillin__North East,lstm
2023-03-01,0.0,False,S-pneumoniae__Penicillin__North East,lstm
2023-04-01,0.0,False,S-pneumoniae__Penicillin__North East,lstm
2023-05-01,0.0,False,S-pneumoniae__Penicillin__North East,lstm
2023-06-01,0.0,False,S-pneumoniae__Penicillin__North East,lstm
2023-07-01,0.0,False,S-pneumoniae__Penicillin__North East,lstm
2023-08-01,0.0,False,S-pneumoniae__Penicillin__North East,lstm
2023-09-01,0.0,False,S-pneumoniae__Penicillin__North East,lstm
2023-10-01,0.0,False,S-pneumoniae__Penicillin__North East,lstm
2023-11-01,0.0,False,S-pneumoniae__Penicillin__North East,lstm
2023-12-01,0.0,False,S-pneumoniae__Penicillin__North East,lstm
2024-01-01,0.0,False,S-pneumoniae__Penicillin__North East,lstm
2024-02-01,0.0,False,S-pneumoniae__Penicillin__North East,lstm
2024-03-01,0.0,False,S-pneumoniae__Penicillin__North East,lstm
2024-04-01,0.0,False,S-pneumoniae__Penicillin__North East,lstm
2024-05-01,0.0,False,S-pneumoniae__Penicillin__North East,lstm
2024-06-01,0.0,False,S-pneumoniae__Penicillin__North East,lstm
2024-07-01,4.0,False,S-pneumoniae__Penicillin__North East,lstm
2024-08-01,5.88,False,S-pneumoniae__Penicillin__North East,lstm
2024-09-01,7.69,False,S-pneumoniae__Penicillin__North East,lstm
2024-10-01,0.0,False,S-pneumoniae__Penicillin__North East,lstm
2024-11-01,0.0,False,S-pneumoniae__Penicillin__North East,lstm
2024-12-01,2.86,False,S-pneumoniae__Penicillin__North East,lstm
2025-01-01,2.5,False,S-pneumoniae__Penicillin__North East,lstm
2025-02-01,2.7,False,S-pneumoniae__Penicillin__North East,lstm
2025-03-01,0.0,False,S-pneumoniae__Penicillin__North East,lstm
2025-04-01,0.0,False,S-pneumoniae__Penicillin__North East,lstm
2025-05-01,3.23,False,S-pneumoniae__Penicillin__North East,lstm
2025-06-01,3.23,False,S-pneumoniae__Penicillin__North East,lstm
2025-07-01,,True,S-pneumoniae__Penicillin__North East,lstm
2025-08-01,,True,S-pneumoniae__Penicillin__North East,lstm
2025-09-01,,True,S-pneumoniae__Penicillin__North East,lstm
2025-10-01,,True,S-pneumoniae__Penicillin__North East,lstm
2025-11-01,,True,S-pneumoniae__Penicillin__North East,lstm
2025-12-01,,True,S-pneumoniae__Penicillin__North East,lstm
2020-08-01,8.82,False,S-pneumoniae__Penicillin__North West,lstm
2020-09-01,8.82,False,S-pneumoniae__Penicillin__North West,lstm
2020-10-01,4.35,False,S-pneumoniae__Penicillin__North West,lstm
2020-11-01,2.33,False,S-pneumoniae__Penicillin__North West,lstm
2020-12-01,4.76,False,S-pneumoniae__Penicillin__North West,lstm
2021-01-01,9.09,False,S-pneumoniae__Penicillin__North West,lstm
2021-02-01,10.0,False,S-pneumoniae__Penicillin__North West,lstm
2021-03-01,7.14,False,S-pneumoniae__Penicillin__North West,lstm
2021-04-01,9.68,False,S-pneumoniae__Penicillin__North West,lstm
2021-05-01,8.16,False,S-pneumoniae__Penicillin__North West,lstm
2021-06-01,7.27,False,S-pneumoniae__Penicillin__North West,lstm
2021-07-01,4.84,False,S-pneumoniae__Penicillin__North West,lstm
2021-08-01,3.33,False,S-pneumoniae__Penicillin__North West,lstm
2021-09-01,1.72,False,S-pneumoniae__Penicillin__North West,lstm
2021-10-01,0.0,False,S-pneumoniae__Penicillin__North West,lstm
2021-11-01,0.0,False,S-pneumoniae__Penicillin__North West,lstm
2021-12-01,3.85,False,S-pneumoniae__Penicillin__North West,lstm
2022-01-01,4.44,False,S-pneumoniae__Penicillin__North West,lstm
2022-02-01,4.88,False,S-pneumoniae__Penicillin__North West,lstm
2022-03-01,1.15,False,S-pneumoniae__Penicillin__North West,lstm
2022-04-01,0.94,False,S-pneumoniae__Penicillin__North West,lstm
2022-05-01,1.71,False,S-pneumoniae__Penicillin__North West,lstm
2022-06-01,2.0,False,S-pneumoniae__Penicillin__North West,lstm
2022-07-01,2.38,False,S-pneumoniae__Penicillin__North West,lstm
2022-08-01,1.4299999999999997,False,S-pneumoniae__Penicillin__North West,lstm
2022-09-01,0.0,False,S-pneumoniae__Penicillin__North West,lstm
2022-10-01,0.0,False,S-pneumoniae__Penicillin__North West,lstm
2022-11-01,1.04,False,S-pneumoniae__Penicillin__North West,lstm
2022-12-01,1.16,False,S-pneumoniae__Penicillin__North West,lstm
2023-01-01,1.0,False,S-pneumoniae__Penicillin__North West,lstm
2023-02-01,0.49,False,S-pneumoniae__Penicillin__North West,lstm
2023-03-01,0.62,False,S-pneumoniae__Penicillin__North West,lstm
2023-04-01,1.4099999999999997,False,S-pneumoniae__Penicillin__North West,lstm
2023-05-01,2.21,False,S-pneumoniae__Penicillin__North West,lstm
2023-06-01,2.36,False,S-pneumoniae__Penicillin__North West,lstm
2023-07-01,2.97,False,S-pneumoniae__Penicillin__North West,lstm
2023-08-01,2.5,False,S-pneumoniae__Penicillin__North West,lstm
2023-09-01,1.3899999999999997,False,S-pneumoniae__Penicillin__North West,lstm
2023-10-01,0.0,False,S-pneumoniae__Penicillin__North West,lstm
2023-11-01,0.85,False,S-pneumoniae__Penicillin__North West,lstm
2023-12-01,1.34,False,S-pneumoniae__Penicillin__North West,lstm
2024-01-01,1.8,False,S-pneumoniae__Penicillin__North West,lstm
2024-02-01,1.68,False,S-pneumoniae__Penicillin__North West,lstm
2024-03-01,2.47,False,S-pneumoniae__Penicillin__North West,lstm
2024-04-01,2.74,False,S-pneumoniae__Penicillin__North West,lstm
2024-05-01,5.069999999999999,False,S-pneumoniae__Penicillin__North West,lstm
2024-06-01,4.07,False,S-pneumoniae__Penicillin__North West,lstm
2024-07-01,4.76,False,S-pneumoniae__Penicillin__North West,lstm
2024-08-01,1.27,False,S-pneumoniae__Penicillin__North West,lstm
2024-09-01,1.37,False,S-pneumoniae__Penicillin__North West,lstm
2024-10-01,0.0,False,S-pneumoniae__Penicillin__North West,lstm
2024-11-01,0.0,False,S-pneumoniae__Penicillin__North West,lstm
2024-12-01,0.57,False,S-pneumoniae__Penicillin__North West,lstm
2025-01-01,0.51,False,S-pneumoniae__Penicillin__North West,lstm
2025-02-01,0.99,False,S-pneumoniae__Penicillin__North West,lstm
2025-03-01,1.26,False,S-pneumoniae__Penicillin__North West,lstm
2025-04-01,1.32,False,S-pneumoniae__Penicillin__North West,lstm
2025-05-01,1.71,False,S-pneumoniae__Penicillin__North West,lstm
2025-06-01,2.7999999999999994,False,S-pneumoniae__Penicillin__North West,lstm
2025-07-01,2.4270683595777056,True,S-pneumoniae__Penicillin__North West,lstm
2025-08-01,1.788569509353524,True,S-pneumoniae__Penicillin__North West,lstm
2025-09-01,1.0493243726295598,True,S-pneumoniae__Penicillin__North West,lstm
2025-10-01,0.4250547598507194,True,S-pneumoniae__Penicillin__North West,lstm
2025-11-01,0.0828682321992135,True,S-pneumoniae__Penicillin__North West,lstm
2025-12-01,0.10052037025539827,True,S-pneumoniae__Penicillin__North West,lstm
2020-08-01,5.56,False,S-pneumoniae__Penicillin__South East,lstm
2020-09-01,10.26,False,S-pneumoniae__Penicillin__South East,lstm
2020-10-01,6.38,False,S-pneumoniae__Penicillin__South East,lstm
2020-11-01,5.450000000000001,False,S-pneumoniae__Penicillin__South East,lstm
2020-12-01,0.0,False,S-pneumoniae__Penicillin__South East,lstm
2021-01-01,0.0,False,S-pneumoniae__Penicillin__South East,lstm
2021-02-01,0.0,False,S-pneumoniae__Penicillin__South East,lstm
2021-03-01,0.0,False,S-pneumoniae__Penicillin__South East,lstm
2021-04-01,0.0,False,S-pneumoniae__Penicillin__South East,lstm
2021-05-01,0.0,False,S-pneumoniae__Penicillin__South East,lstm
2021-06-01,2.56,False,S-pneumoniae__Penicillin__South East,lstm
2021-07-01,2.17,False,S-pneumoniae__Penicillin__South East,lstm
2021-08-01,2.17,False,S-pneumoniae__Penicillin__South East,lstm
2021-09-01,1.96,False,S-pneumoniae__Penicillin__South East,lstm
2021-10-01,4.94,False,S-pneumoniae__Penicillin__South East,lstm
2021-11-01,4.0,False,S-pneumoniae__Penicillin__South East,lstm
2021-12-01,2.26,False,S-pneumoniae__Penicillin__South East,lstm
2022-01-01,1.6299999999999997,False,S-pneumoniae__Penicillin__South East,lstm
2022-02-01,2.52,False,S-pneumoniae__Penicillin__South East,lstm
2022-03-01,2.9700000000000006,False,S-pneumoniae__Penicillin__South East,lstm
2022-04-01,1.02,False,S-pneumoniae__Penicillin__South East,lstm
2022-05-01,1.04,False,S-pneumoniae__Penicillin__South East,lstm
2022-06-01,1.08,False,S-pneumoniae__Penicillin__South East,lstm
2022-07-01,1.28,False,S-pneumoniae__Penicillin__South East,lstm
2022-08-01,0.0,False,S-pneumoniae__Penicillin__South East,lstm
2022-09-01,0.0,False,S-pneumoniae__Penicillin__South East,lstm
2022-10-01,2.78,False,S-pneumoniae__Penicillin__South East,lstm
2022-11-01,6.32,False,S-pneumoniae__Penicillin__South East,lstm
2022-12-01,3.3000000000000003,False,S-pneumoniae__Penicillin__South East,lstm
2023-01-01,2.8599999999999994,False,S-pneumoniae__Penicillin__South East,lstm
2023-02-01,2.31,False,S-pneumoniae__Penicillin__South East,lstm
2023-03-01,3.9,False,S-pneumoniae__Penicillin__South East,lstm
2023-04-01,3.7600000000000002,False,S-pneumoniae__Penicillin__South East,lstm
2023-05-01,2.31,False,S-pneumoniae__Penicillin__South East,lstm
2023-06-01,1.69,False,S-pneumoniae__Penicillin__South East,lstm
2023-07-01,3.09,False,S-pneumoniae__Penicillin__South East,lstm
2023-08-01,5.48,False,S-pneumoniae__Penicillin__South East,lstm
2023-09-01,6.9,False,S-pneumoniae__Penicillin__South East,lstm
2023-10-01,4.76,False,S-pneumoniae__Penicillin__South East,lstm
2023-11-01,1.92,False,S-pneumoniae__Penicillin__South East,lstm
2023-12-01,2.2,False,S-pneumoniae__Penicillin__South East,lstm
2024-01-01,2.03,False,S-pneumoniae__Penicillin__South East,lstm
2024-02-01,1.82,False,S-pneumoniae__Penicillin__South East,lstm
2024-03-01,1.62,False,S-pneumoniae__Penicillin__South East,lstm
2024-04-01,2.22,False,S-pneumoniae__Penicillin__South East,lstm
2024-05-01,3.9,False,S-pneumoniae__Penicillin__South East,lstm
2024-06-01,4.35,False,S-pneumoniae__Penicillin__South East,lstm
2024-07-01,3.67,False,S-pneumoniae__Penicillin__South East,lstm
2024-08-01,2.2,False,S-pneumoniae__Penicillin__South East,lstm
2024-09-01,1.52,False,S-pneumoniae__Penicillin__South East,lstm
2024-10-01,0.0,False,S-pneumoniae__Penicillin__South East,lstm
2024-11-01,0.75,False,S-pneumoniae__Penicillin__South East,lstm
2024-12-01,0.46,False,S-pneumoniae__Penicillin__South East,lstm
2025-01-01,0.39,False,S-pneumoniae__Penicillin__South East,lstm
2025-02-01,0.8199999999999998,False,S-pneumoniae__Penicillin__South East,lstm
2025-03-01,1.95,False,S-pneumoniae__Penicillin__South East,lstm
2025-04-01,2.69,False,S-pneumoniae__Penicillin__South East,lstm
2025-05-01,2.11,False,S-pneumoniae__Penicillin__South East,lstm
2025-06-01,1.32,False,S-pneumoniae__Penicillin__South East,lstm
2025-07-01,2.3250909687748407,True,S-pneumoniae__Penicillin__South East,lstm
2025-08-01,2.337143151462422,True,S-pneumoniae__Penicillin__South East,lstm
2025-09-01,2.2488008583838885,True,S-pneumoniae__Penicillin__South East,lstm
2025-10-01,2.084586829590438,True,S-pneumoniae__Penicillin__South East,lstm
2025-11-01,1.8937223144004056,True,S-pneumoniae__Penicillin__South East,lstm
2025-12-01,1.7068191638046186,True,S-pneumoniae__Penicillin__South East,lstm
2020-08-01,0.0,False,S-pneumoniae__Penicillin__South West,lstm
2020-09-01,0.0,False,S-pneumoniae__Penicillin__South West,lstm
2020-10-01,0.0,False,S-pneumoniae__Penicillin__South West,lstm
2020-11-01,3.12,False,S-pneumoniae__Penicillin__South West,lstm
2020-12-01,3.12,False,S-pneumoniae__Penicillin__South West,lstm
2021-01-01,3.45,False,S-pneumoniae__Penicillin__South West,lstm
2021-02-01,0.0,False,S-pneumoniae__Penicillin__South West,lstm
2021-03-01,0.0,False,S-pneumoniae__Penicillin__South West,lstm
2021-04-01,0.0,False,S-pneumoniae__Penicillin__South West,lstm
2021-05-01,0.0,False,S-pneumoniae__Penicillin__South West,lstm
2021-06-01,0.0,False,S-pneumoniae__Penicillin__South West,lstm
2021-07-01,2.38,False,S-pneumoniae__Penicillin__South West,lstm
2021-08-01,2.94,False,S-pneumoniae__Penicillin__South West,lstm
2021-09-01,5.56,False,S-pneumoniae__Penicillin__South West,lstm
2021-10-01,2.7,False,S-pneumoniae__Penicillin__South West,lstm
2021-11-01,3.33,False,S-pneumoniae__Penicillin__South West,lstm
2021-12-01,3.7499999999999996,False,S-pneumoniae__Penicillin__South West,lstm
2022-01-01,3.45,False,S-pneumoniae__Penicillin__South West,lstm
2022-02-01,2.9000000000000004,False,S-pneumoniae__Penicillin__South West,lstm
2022-03-01,0.0,False,S-pneumoniae__Penicillin__South West,lstm
2022-04-01,0.0,False,S-pneumoniae__Penicillin__South West,lstm
2022-05-01,0.0,False,S-pneumoniae__Penicillin__South West,lstm
2022-06-01,0.0,False,S-pneumoniae__Penicillin__South West,lstm
2022-07-01,0.0,False,S-pneumoniae__Penicillin__South West,lstm
2022-08-01,0.0,False,S-pneumoniae__Penicillin__South West,lstm
2022-09-01,0.0,False,S-pneumoniae__Penicillin__South West,lstm
2022-10-01,0.0,False,S-pneumoniae__Penicillin__South West,lstm
2022-11-01,0.0,False,S-pneumoniae__Penicillin__South West,lstm
2022-12-01,0.7900000000000001,False,S-pneumoniae__Penicillin__South West,lstm
2023-01-01,0.71,False,S-pneumoniae__Penicillin__South West,lstm
2023-02-01,0.68,False,S-pneumoniae__Penicillin__South West,lstm
2023-03-01,0.0,False,S-pneumoniae__Penicillin__South West,lstm
2023-04-01,0.0,False,S-pneumoniae__Penicillin__South West,lstm
2023-05-01,0.0,False,S-pneumoniae__Penicillin__South West,lstm
2023-06-01,0.0,False,S-pneumoniae__Penicillin__South West,lstm
2023-07-01,1.4900000000000002,False,S-pneumoniae__Penicillin__South West,lstm
2023-08-01,2.27,False,S-pneumoniae__Penicillin__South West,lstm
2023-09-01,2.38,False,S-pneumoniae__Penicillin__South West,lstm
2023-10-01,0.0,False,S-pneumoniae__Penicillin__South West,lstm
2023-11-01,0.0,False,S-pneumoniae__Penicillin__South West,lstm
2023-12-01,0.8100000000000002,False,S-pneumoniae__Penicillin__South West,lstm
2024-01-01,0.75,False,S-pneumoniae__Penicillin__South West,lstm
2024-02-01,1.35,False,S-pneumoniae__Penicillin__South West,lstm
2024-03-01,0.8,False,S-pneumoniae__Penicillin__South West,lstm
2024-04-01,0.82,False,S-pneumoniae__Penicillin__South West,lstm
2024-05-01,0.9299999999999999,False,S-pneumoniae__Penicillin__South West,lstm
2024-06-01,1.09,False,S-pneumoniae__Penicillin__South West,lstm
2024-07-01,1.23,False,S-pneumoniae__Penicillin__South West,lstm
2024-08-01,0.0,False,S-pneumoniae__Penicillin__South West,lstm
2024-09-01,0.0,False,S-pneumoniae__Penicillin__South West,lstm
2024-10-01,0.0,False,S-pneumoniae__Penicillin__South West,lstm
2024-11-01,1.23,False,S-pneumoniae__Penicillin__South West,lstm
2024-12-01,0.75,False,S-pneumoniae__Penicillin__South West,lstm
2025-01-01,1.22,False,S-pneumoniae__Penicillin__South West,lstm
2025-02-01,1.24,False,S-pneumoniae__Penicillin__South West,lstm
2025-03-01,1.33,False,S-pneumoniae__Penicillin__South West,lstm
2025-04-01,1.3999999999999997,False,S-pneumoniae__Penicillin__South West,lstm
2025-05-01,0.75,False,S-pneumoniae__Penicillin__South West,lstm
2025-06-01,1.02,False,S-pneumoniae__Penicillin__South West,lstm
2025-07-01,0.5411233192257867,True,S-pneumoniae__Penicillin__South West,lstm
2025-08-01,0.7246693048960877,True,S-pneumoniae__Penicillin__South West,lstm
2025-09-01,0.9354571178055481,True,S-pneumoniae__Penicillin__South West,lstm
2025-10-01,1.1378962930558658,True,S-pneumoniae__Penicillin__South West,lstm
2025-11-01,1.3229511080857677,True,S-pneumoniae__Penicillin__South West,lstm
2025-12-01,1.4022008531122743,True,S-pneumoniae__Penicillin__South West,lstm
2020-08-01,0.0,False,S-pneumoniae__Penicillin__West Midlands,lstm
2020-09-01,0.0,False,S-pneumoniae__Penicillin__West Midlands,lstm
2020-10-01,2.38,False,S-pneumoniae__Penicillin__West Midlands,lstm
2020-11-01,2.08,False,S-pneumoniae__Penicillin__West Midlands,lstm
2020-12-01,5.41,False,S-pneumoniae__Penicillin__West Midlands,lstm
2021-01-01,3.03,False,S-pneumoniae__Penicillin__West Midlands,lstm
2021-02-01,4.17,False,S-pneumoniae__Penicillin__West Midlands,lstm
2021-03-01,0.0,False,S-pneumoniae__Penicillin__West Midlands,lstm
2021-04-01,0.0,False,S-pneumoniae__Penicillin__West Midlands,lstm
2021-05-01,0.0,False,S-pneumoniae__Penicillin__West Midlands,lstm
2021-06-01,1.47,False,S-pneumoniae__Penicillin__West Midlands,lstm
2021-07-01,1.6700000000000002,False,S-pneumoniae__Penicillin__West Midlands,lstm
2021-08-01,1.5899999999999999,False,S-pneumoniae__Penicillin__West Midlands,lstm
2021-09-01,0.0,False,S-pneumoniae__Penicillin__West Midlands,lstm
2021-10-01,0.0,False,S-pneumoniae__Penicillin__West Midlands,lstm
2021-11-01,0.0,False,S-pneumoniae__Penicillin__West Midlands,lstm
2021-12-01,0.0,False,S-pneumoniae__Penicillin__West Midlands,lstm
2022-01-01,0.0,False,S-pneumoniae__Penicillin__West Midlands,lstm
2022-02-01,0.0,False,S-pneumoniae__Penicillin__West Midlands,lstm
2022-03-01,1.56,False,S-pneumoniae__Penicillin__West Midlands,lstm
2022-04-01,1.23,False,S-pneumoniae__Penicillin__West Midlands,lstm
2022-05-01,1.23,False,S-pneumoniae__Penicillin__West Midlands,lstm
2022-06-01,0.0,False,S-pneumoniae__Penicillin__West Midlands,lstm
2022-07-01,0.0,False,S-pneumoniae__Penicillin__West Midlands,lstm
2022-08-01,0.0,False,S-pneumoniae__Penicillin__West Midlands,lstm
2022-09-01,0.0,False,S-pneumoniae__Penicillin__West Midlands,lstm
2022-10-01,0.0,False,S-pneumoniae__Penicillin__West Midlands,lstm
2022-11-01,1.19,False,S-pneumoniae__Penicillin__West Midlands,lstm
2022-12-01,1.5899999999999999,False,S-pneumoniae__Penicillin__West Midlands,lstm
2023-01-01,1.61,False,S-pneumoniae__Penicillin__West Midlands,lstm
2023-02-01,0.78,False,S-pneumoniae__Penicillin__West Midlands,lstm
2023-03-01,0.0,False,S-pneumoniae__Penicillin__West Midlands,lstm
2023-04-01,0.86,False,S-pneumoniae__Penicillin__West Midlands,lstm
2023-05-01,0.84,False,S-pneumoniae__Penicillin__West Midlands,lstm
2023-06-01,0.97,False,S-pneumoniae__Penicillin__West Midlands,lstm
2023-07-01,0.0,False,S-pneumoniae__Penicillin__West Midlands,lstm
2023-08-01,0.0,False,S-pneumoniae__Penicillin__West Midlands,lstm
2023-09-01,0.0,False,S-pneumoniae__Penicillin__West Midlands,lstm
2023-10-01,0.0,False,S-pneumoniae__Penicillin__West Midlands,lstm
2023-11-01,0.0,False,S-pneumoniae__Penicillin__West Midlands,lstm
2023-12-01,0.0,False,S-pneumoniae__Penicillin__West Midlands,lstm
2024-01-01,0.6,False,S-pneumoniae__Penicillin__West Midlands,lstm
2024-02-01,1.11,False,S-pneumoniae__Penicillin__West Midlands,lstm
2024-03-01,1.69,False,S-pneumoniae__Penicillin__West Midlands,lstm
2024-04-01,1.35,False,S-pneumoniae__Penicillin__West Midlands,lstm
2024-05-01,2.9200000000000004,False,S-pneumoniae__Penicillin__West Midlands,lstm
2024-06-01,3.94,False,S-pneumoniae__Penicillin__West Midlands,lstm
2024-07-01,4.17,False,S-pneumoniae__Penicillin__West Midlands,lstm
2024-08-01,4.3,False,S-pneumoniae__Penicillin__West Midlands,lstm
2024-09-01,2.8200000000000003,False,S-pneumoniae__Penicillin__West Midlands,lstm
2024-10-01,2.17,False,S-pneumoniae__Penicillin__West Midlands,lstm
2024-11-01,0.0,False,S-pneumoniae__Penicillin__West Midlands,lstm
2024-12-01,1.55,False,S-pneumoniae__Penicillin__West Midlands,lstm
2025-01-01,1.92,False,S-pneumoniae__Penicillin__West Midlands,lstm
2025-02-01,2.86,False,S-pneumoniae__Penicillin__West Midlands,lstm
2025-03-01,2.19,False,S-pneumoniae__Penicillin__West Midlands,lstm
2025-04-01,2.9,False,S-pneumoniae__Penicillin__West Midlands,lstm
2025-05-01,2.16,False,S-pneumoniae__Penicillin__West Midlands,lstm
2025-06-01,3.76,False,S-pneumoniae__Penicillin__West Midlands,lstm
2025-07-01,2.1700606854065625,True,S-pneumoniae__Penicillin__West Midlands,lstm
2025-08-01,1.9482621146126995,True,S-pneumoniae__Penicillin__West Midlands,lstm
2025-09-01,1.5883163073869275,True,S-pneumoniae__Penicillin__West Midlands,lstm
2025-10-01,1.2569753245984927,True,S-pneumoniae__Penicillin__West Midlands,lstm
2025-11-01,0.9981104394077945,True,S-pneumoniae__Penicillin__West Midlands,lstm
2025-12-01,0.9410527560565546,True,S-pneumoniae__Penicillin__West Midlands,lstm
2020-08-01,0.0,False,S-pneumoniae__Penicillin__Yorkshire and Humber,lstm
2020-09-01,0.0,False,S-pneumoniae__Penicillin__Yorkshire and Humber,lstm
2020-10-01,0.0,False,S-pneumoniae__Penicillin__Yorkshire and Humber,lstm
2020-11-01,0.0,False,S-pneumoniae__Penicillin__Yorkshire and Humber,lstm
2020-12-01,1.82,False,S-pneumoniae__Penicillin__Yorkshire and Humber,lstm
2021-01-01,5.13,False,S-pneumoniae__Penicillin__Yorkshire and Humber,lstm
2021-02-01,5.13,False,S-pneumoniae__Penicillin__Yorkshire and Humber,lstm
2021-03-01,3.03,False,S-pneumoniae__Penicillin__Yorkshire and Humber,lstm
2021-04-01,0.0,False,S-pneumoniae__Penicillin__Yorkshire and Humber,lstm
2021-05-01,2.04,False,S-pneumoniae__Penicillin__Yorkshire and Humber,lstm
2021-06-01,1.96,False,S-pneumoniae__Penicillin__Yorkshire and Humber,lstm
2021-07-01,2.08,False,S-pneumoniae__Penicillin__Yorkshire and Humber,lstm
2021-08-01,0.0,False,S-pneumoniae__Penicillin__Yorkshire and Humber,lstm
2021-09-01,0.0,False,S-pneumoniae__Penicillin__Yorkshire and Humber,lstm
2021-10-01,0.0,False,S-pneumoniae__Penicillin__Yorkshire and Humber,lstm
2021-11-01,0.0,False,S-pneumoniae__Penicillin__Yorkshire and Humber,lstm
2021-12-01,0.0,False,S-pneumoniae__Penicillin__Yorkshire and Humber,lstm
2022-01-01,0.0,False,S-pneumoniae__Penicillin__Yorkshire and Humber,lstm
2022-02-01,0.0,False,S-pneumoniae__Penicillin__Yorkshire and Humber,lstm
2022-03-01,0.0,False,S-pneumoniae__Penicillin__Yorkshire and Humber,lstm
2022-04-01,0.0,False,S-pneumoniae__Penicillin__Yorkshire and Humber,lstm
2022-05-01,0.0,False,S-pneumoniae__Penicillin__Yorkshire and Humber,lstm
2022-06-01,0.0,False,S-pneumoniae__Penicillin__Yorkshire and Humber,lstm
2022-07-01,0.0,False,S-pneumoniae__Penicillin__Yorkshire and Humber,lstm
2022-08-01,3.3900000000000006,False,S-pneumoniae__Penicillin__Yorkshire and Humber,lstm
2022-09-01,4.26,False,S-pneumoniae__Penicillin__Yorkshire and Humber,lstm
2022-10-01,4.84,False,S-pneumoniae__Penicillin__Yorkshire and Humber,lstm
2022-11-01,1.06,False,S-pneumoniae__Penicillin__Yorkshire and Humber,lstm
2022-12-01,1.23,False,S-pneumoniae__Penicillin__Yorkshire and Humber,lstm
2023-01-01,0.57,False,S-pneumoniae__Penicillin__Yorkshire and Humber,lstm
2023-02-01,1.09,False,S-pneumoniae__Penicillin__Yorkshire and Humber,lstm
2023-03-01,0.66,False,S-pneumoniae__Penicillin__Yorkshire and Humber,lstm
2023-04-01,0.65,False,S-pneumoniae__Penicillin__Yorkshire and Humber,lstm
2023-05-01,0.0,False,S-pneumoniae__Penicillin__Yorkshire and Humber,lstm
2023-06-01,0.0,False,S-pneumoniae__Penicillin__Yorkshire and Humber,lstm
2023-07-01,0.0,False,S-pneumoniae__Penicillin__Yorkshire and Humber,lstm
2023-08-01,0.0,False,S-pneumoniae__Penicillin__Yorkshire and Humber,lstm
2023-09-01,1.8900000000000001,False,S-pneumoniae__Penicillin__Yorkshire and Humber,lstm
2023-10-01,2.74,False,S-pneumoniae__Penicillin__Yorkshire and Humber,lstm
2023-11-01,3.09,False,S-pneumoniae__Penicillin__Yorkshire and Humber,lstm
2023-12-01,1.36,False,S-pneumoniae__Penicillin__Yorkshire and Humber,lstm
2024-01-01,1.27,False,S-pneumoniae__Penicillin__Yorkshire and Humber,lstm
2024-02-01,0.53,False,S-pneumoniae__Penicillin__Yorkshire and Humber,lstm
2024-03-01,0.55,False,S-pneumoniae__Penicillin__Yorkshire and Humber,lstm
2024-04-01,0.59,False,S-pneumoniae__Penicillin__Yorkshire and Humber,lstm
2024-05-01,0.76,False,S-pneumoniae__Penicillin__Yorkshire and Humber,lstm
2024-06-01,0.9,False,S-pneumoniae__Penicillin__Yorkshire and Humber,lstm
2024-07-01,1.04,False,S-pneumoniae__Penicillin__Yorkshire and Humber,lstm
2024-08-01,1.28,False,S-pneumoniae__Penicillin__Yorkshire and Humber,lstm
2024-09-01,1.85,False,S-pneumoniae__Penicillin__Yorkshire and Humber,lstm
2024-10-01,0.0,False,S-pneumoniae__Penicillin__Yorkshire and Humber,lstm
2024-11-01,0.0,False,S-pneumoniae__Penicillin__Yorkshire and Humber,lstm
2024-12-01,0.0,False,S-pneumoniae__Penicillin__Yorkshire and Humber,lstm
2025-01-01,0.92,False,S-pneumoniae__Penicillin__Yorkshire and Humber,lstm
2025-02-01,0.85,False,S-pneumoniae__Penicillin__Yorkshire and Humber,lstm
2025-03-01,2.22,False,S-pneumoniae__Penicillin__Yorkshire and Humber,lstm
2025-04-01,1.18,False,S-pneumoniae__Penicillin__Yorkshire and Humber,lstm
2025-05-01,3.65,False,S-pneumoniae__Penicillin__Yorkshire and Humber,lstm
2025-06-01,3.7600000000000002,False,S-pneumoniae__Penicillin__Yorkshire and Humber,lstm
2025-07-01,1.554864333417523,True,S-pneumoniae__Penicillin__Yorkshire and Humber,lstm
2025-08-01,1.8706802018762292,True,S-pneumoniae__Penicillin__Yorkshire and Humber,lstm
2025-09-01,1.9216372355330817,True,S-pneumoniae__Penicillin__Yorkshire and Humber,lstm
2025-10-01,1.7268582268151742,True,S-pneumoniae__Penicillin__Yorkshire and Humber,lstm
2025-11-01,1.1944495324287214,True,S-pneumoniae__Penicillin__Yorkshire and Humber,lstm
2025-12-01,0.47672138640716816,True,S-pneumoniae__Penicillin__Yorkshire and Humber,lstm
2020-10-01,1.79,False,e-faecalis__Glycopeptides__East Midlands,lstm
2020-11-01,1.52,False,e-faecalis__Glycopeptides__East Midlands,lstm
2020-12-01,0.0,False,e-faecalis__Glycopeptides__East Midlands,lstm
2021-01-01,0.0,False,e-faecalis__Glycopeptides__East Midlands,lstm
2021-02-01,0.9099999999999999,False,e-faecalis__Glycopeptides__East Midlands,lstm
2021-03-01,1.61,False,e-faecalis__Glycopeptides__East Midlands,lstm
2021-04-01,1.68,False,e-faecalis__Glycopeptides__East Midlands,lstm
2021-05-01,0.8099999999999999,False,e-faecalis__Glycopeptides__East Midlands,lstm
2021-06-01,0.0,False,e-faecalis__Glycopeptides__East Midlands,lstm
2021-07-01,0.7699999999999999,False,e-faecalis__Glycopeptides__East Midlands,lstm
2021-08-01,2.29,False,e-faecalis__Glycopeptides__East Midlands,lstm
2021-09-01,3.12,False,e-faecalis__Glycopeptides__East Midlands,lstm
2021-10-01,4.35,False,e-faecalis__Glycopeptides__East Midlands,lstm
2021-11-01,3.81,False,e-faecalis__Glycopeptides__East Midlands,lstm
2021-12-01,3.23,False,e-faecalis__Glycopeptides__East Midlands,lstm
2022-01-01,1.12,False,e-faecalis__Glycopeptides__East Midlands,lstm
2022-02-01,0.0,False,e-faecalis__Glycopeptides__East Midlands,lstm
2022-03-01,1.37,False,e-faecalis__Glycopeptides__East Midlands,lstm
2022-04-01,2.47,False,e-faecalis__Glycopeptides__East Midlands,lstm
2022-05-01,2.3,False,e-faecalis__Glycopeptides__East Midlands,lstm
2022-06-01,1.12,False,e-faecalis__Glycopeptides__East Midlands,lstm
2022-07-01,0.0,False,e-faecalis__Glycopeptides__East Midlands,lstm
2022-08-01,1.33,False,e-faecalis__Glycopeptides__East Midlands,lstm
2022-09-01,2.44,False,e-faecalis__Glycopeptides__East Midlands,lstm
2022-10-01,2.13,False,e-faecalis__Glycopeptides__East Midlands,lstm
2022-11-01,1.0,False,e-faecalis__Glycopeptides__East Midlands,lstm
2022-12-01,0.0,False,e-faecalis__Glycopeptides__East Midlands,lstm
2023-01-01,0.0,False,e-faecalis__Glycopeptides__East Midlands,lstm
2023-02-01,0.0,False,e-faecalis__Glycopeptides__East Midlands,lstm
2023-03-01,0.0,False,e-faecalis__Glycopeptides__East Midlands,lstm
2023-04-01,0.0,False,e-faecalis__Glycopeptides__East Midlands,lstm
2023-05-01,0.0,False,e-faecalis__Glycopeptides__East Midlands,lstm
2023-06-01,1.1,False,e-faecalis__Glycopeptides__East Midlands,lstm
2023-07-01,1.14,False,e-faecalis__Glycopeptides__East Midlands,lstm
2023-08-01,2.17,False,e-faecalis__Glycopeptides__East Midlands,lstm
2023-09-01,3.53,False,e-faecalis__Glycopeptides__East Midlands,lstm
2023-10-01,3.61,False,e-faecalis__Glycopeptides__East Midlands,lstm
2023-11-01,2.74,False,e-faecalis__Glycopeptides__East Midlands,lstm
2023-12-01,0.0,False,e-faecalis__Glycopeptides__East Midlands,lstm
2024-01-01,2.67,False,e-faecalis__Glycopeptides__East Midlands,lstm
2024-02-01,3.8000000000000003,False,e-faecalis__Glycopeptides__East Midlands,lstm
2024-03-01,3.5699999999999994,False,e-faecalis__Glycopeptides__East Midlands,lstm
2024-04-01,1.3,False,e-faecalis__Glycopeptides__East Midlands,lstm
2024-05-01,1.39,False,e-faecalis__Glycopeptides__East Midlands,lstm
2024-06-01,1.22,False,e-faecalis__Glycopeptides__East Midlands,lstm
2024-07-01,1.15,False,e-faecalis__Glycopeptides__East Midlands,lstm
2024-08-01,1.03,False,e-faecalis__Glycopeptides__East Midlands,lstm
2024-09-01,4.3,False,e-faecalis__Glycopeptides__East Midlands,lstm
2024-10-01,4.55,False,e-faecalis__Glycopeptides__East Midlands,lstm
2024-11-01,4.31,False,e-faecalis__Glycopeptides__East Midlands,lstm
2024-12-01,1.75,False,e-faecalis__Glycopeptides__East Midlands,lstm
2025-01-01,2.0,False,e-faecalis__Glycopeptides__East Midlands,lstm
2025-02-01,3.9600000000000004,False,e-faecalis__Glycopeptides__East Midlands,lstm
2025-03-01,4.26,False,e-faecalis__Glycopeptides__East Midlands,lstm
2025-04-01,5.26,False,e-faecalis__Glycopeptides__East Midlands,lstm
2025-05-01,2.11,False,e-faecalis__Glycopeptides__East Midlands,lstm
2025-06-01,2.27,False,e-faecalis__Glycopeptides__East Midlands,lstm
2025-07-01,2.110567211875551,True,e-faecalis__Glycopeptides__East Midlands,lstm
2025-08-01,2.4116250472522864,True,e-faecalis__Glycopeptides__East Midlands,lstm
2025-09-01,2.6292652595566044,True,e-faecalis__Glycopeptides__East Midlands,lstm
2025-10-01,2.7494848329323878,True,e-faecalis__Glycopeptides__East Midlands,lstm
2025-11-01,2.5762464758176433,True,e-faecalis__Glycopeptides__East Midlands,lstm
2025-12-01,2.3407029203615664,True,e-faecalis__Glycopeptides__East Midlands,lstm
2020-10-01,9.09,False,e-faecalis__Glycopeptides__East of England,lstm
2020-11-01,7.89,False,e-faecalis__Glycopeptides__East of England,lstm
2020-12-01,4.05,False,e-faecalis__Glycopeptides__East of England,lstm
2021-01-01,3.8,False,e-faecalis__Glycopeptides__East of England,lstm
2021-02-01,5.880000000000001,False,e-faecalis__Glycopeptides__East of England,lstm
2021-03-01,4.65,False,e-faecalis__Glycopeptides__East of England,lstm
2021-04-01,5.75,False,e-faecalis__Glycopeptides__East of England,lstm
2021-05-01,3.06,False,e-faecalis__Glycopeptides__East of England,lstm
2021-06-01,4.12,False,e-faecalis__Glycopeptides__East of England,lstm
2021-07-01,3.8100000000000005,False,e-faecalis__Glycopeptides__East of England,lstm
2021-08-01,4.04,False,e-faecalis__Glycopeptides__East of England,lstm
2021-09-01,7.549999999999999,False,e-faecalis__Glycopeptides__East of England,lstm
2021-10-01,7.549999999999999,False,e-faecalis__Glycopeptides__East of England,lstm
2021-11-01,9.35,False,e-faecalis__Glycopeptides__East of England,lstm
2021-12-01,8.33,False,e-faecalis__Glycopeptides__East of England,lstm
2022-01-01,6.86,False,e-faecalis__Glycopeptides__East of England,lstm
2022-02-01,4.08,False,e-faecalis__Glycopeptides__East of England,lstm
2022-03-01,6.14,False,e-faecalis__Glycopeptides__East of England,lstm
2022-04-01,9.17,False,e-faecalis__Glycopeptides__East of England,lstm
2022-05-01,11.299999999999999,False,e-faecalis__Glycopeptides__East of England,lstm
2022-06-01,9.43,False,e-faecalis__Glycopeptides__East of England,lstm
2022-07-01,8.6,False,e-faecalis__Glycopeptides__East of England,lstm
2022-08-01,5.950000000000001,False,e-faecalis__Glycopeptides__East of England,lstm
2022-09-01,6.67,False,e-faecalis__Glycopeptides__East of England,lstm
2022-10-01,5.75,False,e-faecalis__Glycopeptides__East of England,lstm
2022-11-01,8.65,False,e-faecalis__Glycopeptides__East of England,lstm
2022-12-01,6.8,False,e-faecalis__Glycopeptides__East of England,lstm
2023-01-01,8.47,False,e-faecalis__Glycopeptides__East of England,lstm
2023-02-01,6.8,False,e-faecalis__Glycopeptides__East of England,lstm
2023-03-01,8.25,False,e-faecalis__Glycopeptides__East of England,lstm
2023-04-01,7.0,False,e-faecalis__Glycopeptides__East of England,lstm
2023-05-01,7.84,False,e-faecalis__Glycopeptides__East of England,lstm
2023-06-01,5.5,False,e-faecalis__Glycopeptides__East of England,lstm
2023-07-01,5.77,False,e-faecalis__Glycopeptides__East of England,lstm
2023-08-01,4.2700000000000005,False,e-faecalis__Glycopeptides__East of England,lstm
2023-09-01,4.42,False,e-faecalis__Glycopeptides__East of England,lstm
2023-10-01,1.8200000000000003,False,e-faecalis__Glycopeptides__East of England,lstm
2023-11-01,1.96,False,e-faecalis__Glycopeptides__East of England,lstm
2023-12-01,2.8600000000000003,False,e-faecalis__Glycopeptides__East of England,lstm
2024-01-01,3.9600000000000004,False,e-faecalis__Glycopeptides__East of England,lstm
2024-02-01,6.12,False,e-faecalis__Glycopeptides__East of England,lstm
2024-03-01,6.12,False,e-faecalis__Glycopeptides__East of England,lstm
2024-04-01,5.31,False,e-faecalis__Glycopeptides__East of England,lstm
2024-05-01,2.4,False,e-faecalis__Glycopeptides__East of England,lstm
2024-06-01,0.78,False,e-faecalis__Glycopeptides__East of England,lstm
2024-07-01,0.84,False,e-faecalis__Glycopeptides__East of England,lstm
2024-08-01,1.75,False,e-faecalis__Glycopeptides__East of England,lstm
2024-09-01,4.76,False,e-faecalis__Glycopeptides__East of England,lstm
2024-10-01,4.04,False,e-faecalis__Glycopeptides__East of England,lstm
2024-11-01,6.5200000000000005,False,e-faecalis__Glycopeptides__East of England,lstm
2024-12-01,3.880000000000001,False,e-faecalis__Glycopeptides__East of England,lstm
2025-01-01,3.74,False,e-faecalis__Glycopeptides__East of England,lstm
2025-02-01,0.96,False,e-faecalis__Glycopeptides__East of England,lstm
2025-03-01,2.11,False,e-faecalis__Glycopeptides__East of England,lstm
2025-04-01,5.32,False,e-faecalis__Glycopeptides__East of England,lstm
2025-05-01,5.62,False,e-faecalis__Glycopeptides__East of England,lstm
2025-06-01,6.38,False,e-faecalis__Glycopeptides__East of England,lstm
2025-07-01,3.7487317737894625,True,e-faecalis__Glycopeptides__East of England,lstm
2025-08-01,3.3725545748687735,True,e-faecalis__Glycopeptides__East of England,lstm
2025-09-01,3.1593028830274994,True,e-faecalis__Glycopeptides__East of England,lstm
2025-10-01,3.2977320849910736,True,e-faecalis__Glycopeptides__East of England,lstm
2025-11-01,3.628540964940073,True,e-faecalis__Glycopeptides__East of England,lstm
2025-12-01,4.110020602313158,True,e-faecalis__Glycopeptides__East of England,lstm
2020-10-01,4.0,False,e-faecalis__Glycopeptides__London,lstm
2020-11-01,3.09,False,e-faecalis__Glycopeptides__London,lstm
2020-12-01,4.72,False,e-faecalis__Glycopeptides__London,lstm
2021-01-01,2.4,False,e-faecalis__Glycopeptides__London,lstm
2021-02-01,2.38,False,e-faecalis__Glycopeptides__London,lstm
2021-03-01,0.74,False,e-faecalis__Glycopeptides__London,lstm
2021-04-01,0.0,False,e-faecalis__Glycopeptides__London,lstm
2021-05-01,0.0,False,e-faecalis__Glycopeptides__London,lstm
2021-06-01,2.02,False,e-faecalis__Glycopeptides__London,lstm
2021-07-01,1.9,False,e-faecalis__Glycopeptides__London,lstm
2021-08-01,4.5,False,e-faecalis__Glycopeptides__London,lstm
2021-09-01,3.15,False,e-faecalis__Glycopeptides__London,lstm
2021-10-01,3.7299999999999995,False,e-faecalis__Glycopeptides__London,lstm
2021-11-01,1.5,False,e-faecalis__Glycopeptides__London,lstm
2021-12-01,4.1,False,e-faecalis__Glycopeptides__London,lstm
2022-01-01,4.2,False,e-faecalis__Glycopeptides__London,lstm
2022-02-01,6.19,False,e-faecalis__Glycopeptides__London,lstm
2022-03-01,5.71,False,e-faecalis__Glycopeptides__London,lstm
2022-04-01,4.42,False,e-faecalis__Glycopeptides__London,lstm
2022-05-01,3.45,False,e-faecalis__Glycopeptides__London,lstm
2022-06-01,1.54,False,e-faecalis__Glycopeptides__London,lstm
2022-07-01,2.9,False,e-faecalis__Glycopeptides__London,lstm
2022-08-01,2.84,False,e-faecalis__Glycopeptides__London,lstm
2022-09-01,4.86,False,e-faecalis__Glycopeptides__London,lstm
2022-10-01,3.7299999999999995,False,e-faecalis__Glycopeptides__London,lstm
2022-11-01,5.04,False,e-faecalis__Glycopeptides__London,lstm
2022-12-01,2.94,False,e-faecalis__Glycopeptides__London,lstm
2023-01-01,2.8,False,e-faecalis__Glycopeptides__London,lstm
2023-02-01,1.4,False,e-faecalis__Glycopeptides__London,lstm
2023-03-01,2.9,False,e-faecalis__Glycopeptides__London,lstm
2023-04-01,3.9099999999999997,False,e-faecalis__Glycopeptides__London,lstm
2023-05-01,3.6,False,e-faecalis__Glycopeptides__London,lstm
2023-06-01,0.8499999999999999,False,e-faecalis__Glycopeptides__London,lstm
2023-07-01,1.8,False,e-faecalis__Glycopeptides__London,lstm
2023-08-01,2.36,False,e-faecalis__Glycopeptides__London,lstm
2023-09-01,3.3300000000000005,False,e-faecalis__Glycopeptides__London,lstm
2023-10-01,1.44,False,e-faecalis__Glycopeptides__London,lstm
2023-11-01,1.46,False,e-faecalis__Glycopeptides__London,lstm
2023-12-01,1.37,False,e-faecalis__Glycopeptides__London,lstm
2024-01-01,1.4,False,e-faecalis__Glycopeptides__London,lstm
2024-02-01,2.13,False,e-faecalis__Glycopeptides__London,lstm
2024-03-01,1.47,False,e-faecalis__Glycopeptides__London,lstm
2024-04-01,2.42,False,e-faecalis__Glycopeptides__London,lstm
2024-05-01,3.79,False,e-faecalis__Glycopeptides__London,lstm
2024-06-01,4.8,False,e-faecalis__Glycopeptides__London,lstm
2024-07-01,5.52,False,e-faecalis__Glycopeptides__London,lstm
2024-08-01,3.5699999999999994,False,e-faecalis__Glycopeptides__London,lstm
2024-09-01,3.8700000000000006,False,e-faecalis__Glycopeptides__London,lstm
2024-10-01,2.07,False,e-faecalis__Glycopeptides__London,lstm
2024-11-01,1.42,False,e-faecalis__Glycopeptides__London,lstm
2024-12-01,0.0,False,e-faecalis__Glycopeptides__London,lstm
2025-01-01,0.0,False,e-faecalis__Glycopeptides__London,lstm
2025-02-01,1.38,False,e-faecalis__Glycopeptides__London,lstm
2025-03-01,1.12,False,e-faecalis__Glycopeptides__London,lstm
2025-04-01,2.0,False,e-faecalis__Glycopeptides__London,lstm
2025-05-01,2.45,False,e-faecalis__Glycopeptides__London,lstm
2025-06-01,3.9099999999999997,False,e-faecalis__Glycopeptides__London,lstm
2025-07-01,2.683370995520757,True,e-faecalis__Glycopeptides__London,lstm
2025-08-01,2.673620669770957,True,e-faecalis__Glycopeptides__London,lstm
2025-09-01,2.5449038229799137,True,e-faecalis__Glycopeptides__London,lstm
2025-10-01,2.3642324392307335,True,e-faecalis__Glycopeptides__London,lstm
2025-11-01,2.1784902664779104,True,e-faecalis__Glycopeptides__London,lstm
2025-12-01,2.06347695879199,True,e-faecalis__Glycopeptides__London,lstm
2020-10-01,4.17,False,e-faecalis__Glycopeptides__North East,lstm
2020-11-01,2.17,False,e-faecalis__Glycopeptides__North East,lstm
2020-12-01,0.0,False,e-faecalis__Glycopeptides__North East,lstm
2021-01-01,0.0,False,e-faecalis__Glycopeptides__North East,lstm
2021-02-01,0.0,False,e-faecalis__Glycopeptides__North East,lstm
2021-03-01,0.0,False,e-faecalis__Glycopeptides__North East,lstm
2021-04-01,0.0,False,e-faecalis__Glycopeptides__North East,lstm
2021-05-01,2.27,False,e-faecalis__Glycopeptides__North East,lstm
2021-06-01,4.55,False,e-faecalis__Glycopeptides__North East,lstm
2021-07-01,6.25,False,e-faecalis__Glycopeptides__North East,lstm
2021-08-01,4.35,False,e-faecalis__Glycopeptides__North East,lstm
2021-09-01,2.08,False,e-faecalis__Glycopeptides__North East,lstm
2021-10-01,0.0,False,e-faecalis__Glycopeptides__North East,lstm
2021-11-01,0.0,False,e-faecalis__Glycopeptides__North East,lstm
2021-12-01,0.0,False,e-faecalis__Glycopeptides__North East,lstm
2022-01-01,0.0,False,e-faecalis__Glycopeptides__North East,lstm
2022-02-01,0.0,False,e-faecalis__Glycopeptides__North East,lstm
2022-03-01,0.0,False,e-faecalis__Glycopeptides__North East,lstm
2022-04-01,1.67,False,e-faecalis__Glycopeptides__North East,lstm
2022-05-01,1.8899999999999997,False,e-faecalis__Glycopeptides__North East,lstm
2022-06-01,6.12,False,e-faecalis__Glycopeptides__North East,lstm
2022-07-01,5.41,False,e-faecalis__Glycopeptides__North East,lstm
2022-08-01,6.67,False,e-faecalis__Glycopeptides__North East,lstm
2022-09-01,1.85,False,e-faecalis__Glycopeptides__North East,lstm
2022-10-01,1.8899999999999997,False,e-faecalis__Glycopeptides__North East,lstm
2022-11-01,0.0,False,e-faecalis__Glycopeptides__North East,lstm
2022-12-01,0.0,False,e-faecalis__Glycopeptides__North East,lstm
2023-01-01,0.0,False,e-faecalis__Glycopeptides__North East,lstm
2023-02-01,0.0,False,e-faecalis__Glycopeptides__North East,lstm
2023-03-01,0.0,False,e-faecalis__Glycopeptides__North East,lstm
2023-04-01,2.0,False,e-faecalis__Glycopeptides__North East,lstm
2023-05-01,1.64,False,e-faecalis__Glycopeptides__North East,lstm
2023-06-01,2.38,False,e-faecalis__Glycopeptides__North East,lstm
2023-07-01,0.0,False,e-faecalis__Glycopeptides__North East,lstm
2023-08-01,3.23,False,e-faecalis__Glycopeptides__North East,lstm
2023-09-01,2.94,False,e-faecalis__Glycopeptides__North East,lstm
2023-10-01,2.56,False,e-faecalis__Glycopeptides__North East,lstm
2023-11-01,0.0,False,e-faecalis__Glycopeptides__North East,lstm
2023-12-01,3.23,False,e-faecalis__Glycopeptides__North East,lstm
2024-01-01,3.23,False,e-faecalis__Glycopeptides__North East,lstm
2024-02-01,3.23,False,e-faecalis__Glycopeptides__North East,lstm
2024-03-01,0.0,False,e-faecalis__Glycopeptides__North East,lstm
2024-04-01,0.0,False,e-faecalis__Glycopeptides__North East,lstm
2024-05-01,0.0,False,e-faecalis__Glycopeptides__North East,lstm
2024-06-01,0.0,False,e-faecalis__Glycopeptides__North East,lstm
2024-07-01,0.0,False,e-faecalis__Glycopeptides__North East,lstm
2024-08-01,0.0,False,e-faecalis__Glycopeptides__North East,lstm
2024-09-01,0.0,False,e-faecalis__Glycopeptides__North East,lstm
2024-10-01,2.44,False,e-faecalis__Glycopeptides__North East,lstm
2024-11-01,2.13,False,e-faecalis__Glycopeptides__North East,lstm
2024-12-01,1.85,False,e-faecalis__Glycopeptides__North East,lstm
2025-01-01,0.0,False,e-faecalis__Glycopeptides__North East,lstm
2025-02-01,0.0,False,e-faecalis__Glycopeptides__North East,lstm
2025-03-01,0.0,False,e-faecalis__Glycopeptides__North East,lstm
2025-04-01,0.0,False,e-faecalis__Glycopeptides__North East,lstm
2025-05-01,0.0,False,e-faecalis__Glycopeptides__North East,lstm
2025-06-01,0.0,False,e-faecalis__Glycopeptides__North East,lstm
2025-07-01,1.6018683840511425,True,e-faecalis__Glycopeptides__North East,lstm
2025-08-01,1.8645142717167367,True,e-faecalis__Glycopeptides__North East,lstm
2025-09-01,1.8836235709556781,True,e-faecalis__Glycopeptides__North East,lstm
2025-10-01,1.6697937078992964,True,e-faecalis__Glycopeptides__North East,lstm
2025-11-01,1.3233407230096952,True,e-faecalis__Glycopeptides__North East,lstm
2025-12-01,0.978005862051552,True,e-faecalis__Glycopeptides__North East,lstm
2020-10-01,5.559999999999999,False,e-faecalis__Glycopeptides__North West,lstm
2020-11-01,4.1,False,e-faecalis__Glycopeptides__North West,lstm
2020-12-01,3.23,False,e-faecalis__Glycopeptides__North West,lstm
2021-01-01,3.12,False,e-faecalis__Glycopeptides__North West,lstm
2021-02-01,4.69,False,e-faecalis__Glycopeptides__North West,lstm
2021-03-01,5.04,False,e-faecalis__Glycopeptides__North West,lstm
2021-04-01,5.84,False,e-faecalis__Glycopeptides__North West,lstm
2021-05-01,5.67,False,e-faecalis__Glycopeptides__North West,lstm
2021-06-01,5.65,False,e-faecalis__Glycopeptides__North West,lstm
2021-07-01,5.0,False,e-faecalis__Glycopeptides__North West,lstm
2021-08-01,4.62,False,e-faecalis__Glycopeptides__North West,lstm
2021-09-01,3.88,False,e-faecalis__Glycopeptides__North West,lstm
2021-10-01,3.76,False,e-faecalis__Glycopeptides__North West,lstm
2021-11-01,3.12,False,e-faecalis__Glycopeptides__North West,lstm
2021-12-01,2.96,False,e-faecalis__Glycopeptides__North West,lstm
2022-01-01,2.34,False,e-faecalis__Glycopeptides__North West,lstm
2022-02-01,2.91,False,e-faecalis__Glycopeptides__North West,lstm
2022-03-01,4.0,False,e-faecalis__Glycopeptides__North West,lstm
2022-04-01,2.13,False,e-faecalis__Glycopeptides__North West,lstm
2022-05-01,0.9,False,e-faecalis__Glycopeptides__North West,lstm
2022-06-01,0.0,False,e-faecalis__Glycopeptides__North West,lstm
2022-07-01,0.0,False,e-faecalis__Glycopeptides__North West,lstm
2022-08-01,2.88,False,e-faecalis__Glycopeptides__North West,lstm
2022-09-01,4.51,False,e-faecalis__Glycopeptides__North West,lstm
2022-10-01,4.93,False,e-faecalis__Glycopeptides__North West,lstm
2022-11-01,3.31,False,e-faecalis__Glycopeptides__North West,lstm
2022-12-01,3.05,False,e-faecalis__Glycopeptides__North West,lstm
2023-01-01,3.5399999999999996,False,e-faecalis__Glycopeptides__North West,lstm
2023-02-01,3.12,False,e-faecalis__Glycopeptides__North West,lstm
2023-03-01,1.46,False,e-faecalis__Glycopeptides__North West,lstm
2023-04-01,1.36,False,e-faecalis__Glycopeptides__North West,lstm
2023-05-01,1.32,False,e-faecalis__Glycopeptides__North West,lstm
2023-06-01,2.2699999999999996,False,e-faecalis__Glycopeptides__North West,lstm
2023-07-01,4.41,False,e-faecalis__Glycopeptides__North West,lstm
2023-08-01,4.76,False,e-faecalis__Glycopeptides__North West,lstm
2023-09-01,6.25,False,e-faecalis__Glycopeptides__North West,lstm
2023-10-01,3.7,False,e-faecalis__Glycopeptides__North West,lstm
2023-11-01,4.9,False,e-faecalis__Glycopeptides__North West,lstm
2023-12-01,5.300000000000001,False,e-faecalis__Glycopeptides__North West,lstm
2024-01-01,5.44,False,e-faecalis__Glycopeptides__North West,lstm
2024-02-01,3.5,False,e-faecalis__Glycopeptides__North West,lstm
2024-03-01,0.72,False,e-faecalis__Glycopeptides__North West,lstm
2024-04-01,1.45,False,e-faecalis__Glycopeptides__North West,lstm
2024-05-01,4.69,False,e-faecalis__Glycopeptides__North West,lstm
2024-06-01,6.87,False,e-faecalis__Glycopeptides__North West,lstm
2024-07-01,9.02,False,e-faecalis__Glycopeptides__North West,lstm
2024-08-01,5.59,False,e-faecalis__Glycopeptides__North West,lstm
2024-09-01,4.35,False,e-faecalis__Glycopeptides__North West,lstm
2024-10-01,1.45,False,e-faecalis__Glycopeptides__North West,lstm
2024-11-01,1.53,False,e-faecalis__Glycopeptides__North West,lstm
2024-12-01,1.48,False,e-faecalis__Glycopeptides__North West,lstm
2025-01-01,3.5,False,e-faecalis__Glycopeptides__North West,lstm
2025-02-01,4.9,False,e-faecalis__Glycopeptides__North West,lstm
2025-03-01,5.44,False,e-faecalis__Glycopeptides__North West,lstm
2025-04-01,3.42,False,e-faecalis__Glycopeptides__North West,lstm
2025-05-01,1.95,False,e-faecalis__Glycopeptides__North West,lstm
2025-06-01,1.99,False,e-faecalis__Glycopeptides__North West,lstm
2025-07-01,3.9486451577642856,True,e-faecalis__Glycopeptides__North West,lstm
2025-08-01,4.218431149771861,True,e-faecalis__Glycopeptides__North West,lstm
2025-09-01,4.327819907501,True,e-faecalis__Glycopeptides__North West,lstm
2025-10-01,4.1706241468514635,True,e-faecalis__Glycopeptides__North West,lstm
2025-11-01,3.7890008242487645,True,e-faecalis__Glycopeptides__North West,lstm
2025-12-01,3.3191136129035845,True,e-faecalis__Glycopeptides__North West,lstm
2020-10-01,2.21,False,e-faecalis__Glycopeptides__South East,lstm
2020-11-01,2.16,False,e-faecalis__Glycopeptides__South East,lstm
2020-12-01,2.14,False,e-faecalis__Glycopeptides__South East,lstm
2021-01-01,2.82,False,e-faecalis__Glycopeptides__South East,lstm
2021-02-01,3.62,False,e-faecalis__Glycopeptides__South East,lstm
2021-03-01,3.6799999999999997,False,e-faecalis__Glycopeptides__South East,lstm
2021-04-01,3.8199999999999994,False,e-faecalis__Glycopeptides__South East,lstm
2021-05-01,3.1,False,e-faecalis__Glycopeptides__South East,lstm
2021-06-01,5.26,False,e-faecalis__Glycopeptides__South East,lstm
2021-07-01,4.41,False,e-faecalis__Glycopeptides__South East,lstm
2021-08-01,4.17,False,e-faecalis__Glycopeptides__South East,lstm
2021-09-01,2.21,False,e-faecalis__Glycopeptides__South East,lstm
2021-10-01,4.41,False,e-faecalis__Glycopeptides__South East,lstm
2021-11-01,7.03,False,e-faecalis__Glycopeptides__South East,lstm
2021-12-01,7.41,False,e-faecalis__Glycopeptides__South East,lstm
2022-01-01,4.41,False,e-faecalis__Glycopeptides__South East,lstm
2022-02-01,2.24,False,e-faecalis__Glycopeptides__South East,lstm
2022-03-01,1.52,False,e-faecalis__Glycopeptides__South East,lstm
2022-04-01,1.47,False,e-faecalis__Glycopeptides__South East,lstm
2022-05-01,6.08,False,e-faecalis__Glycopeptides__South East,lstm
2022-06-01,7.14,False,e-faecalis__Glycopeptides__South East,lstm
2022-07-01,8.82,False,e-faecalis__Glycopeptides__South East,lstm
2022-08-01,4.76,False,e-faecalis__Glycopeptides__South East,lstm
2022-09-01,3.01,False,e-faecalis__Glycopeptides__South East,lstm
2022-10-01,2.26,False,e-faecalis__Glycopeptides__South East,lstm
2022-11-01,3.8199999999999994,False,e-faecalis__Glycopeptides__South East,lstm
2022-12-01,5.63,False,e-faecalis__Glycopeptides__South East,lstm
2023-01-01,4.93,False,e-faecalis__Glycopeptides__South East,lstm
2023-02-01,3.9700000000000006,False,e-faecalis__Glycopeptides__South East,lstm
2023-03-01,4.11,False,e-faecalis__Glycopeptides__South East,lstm
2023-04-01,4.35,False,e-faecalis__Glycopeptides__South East,lstm
2023-05-01,3.73,False,e-faecalis__Glycopeptides__South East,lstm
2023-06-01,1.9,False,e-faecalis__Glycopeptides__South East,lstm
2023-07-01,2.58,False,e-faecalis__Glycopeptides__South East,lstm
2023-08-01,1.86,False,e-faecalis__Glycopeptides__South East,lstm
2023-09-01,3.6099999999999994,False,e-faecalis__Glycopeptides__South East,lstm
2023-10-01,3.09,False,e-faecalis__Glycopeptides__South East,lstm
2023-11-01,3.9199999999999995,False,e-faecalis__Glycopeptides__South East,lstm
2023-12-01,4.61,False,e-faecalis__Glycopeptides__South East,lstm
2024-01-01,4.23,False,e-faecalis__Glycopeptides__South East,lstm
2024-02-01,4.41,False,e-faecalis__Glycopeptides__South East,lstm
2024-03-01,3.5499999999999994,False,e-faecalis__Glycopeptides__South East,lstm
2024-04-01,5.19,False,e-faecalis__Glycopeptides__South East,lstm
2024-05-01,3.77,False,e-faecalis__Glycopeptides__South East,lstm
2024-06-01,4.38,False,e-faecalis__Glycopeptides__South East,lstm
2024-07-01,4.97,False,e-faecalis__Glycopeptides__South East,lstm
2024-08-01,4.94,False,e-faecalis__Glycopeptides__South East,lstm
2024-09-01,5.99,False,e-faecalis__Glycopeptides__South East,lstm
2024-10-01,4.65,False,e-faecalis__Glycopeptides__South East,lstm
2024-11-01,5.49,False,e-faecalis__Glycopeptides__South East,lstm
2024-12-01,2.98,False,e-faecalis__Glycopeptides__South East,lstm
2025-01-01,3.73,False,e-faecalis__Glycopeptides__South East,lstm
2025-02-01,3.16,False,e-faecalis__Glycopeptides__South East,lstm
2025-03-01,3.14,False,e-faecalis__Glycopeptides__South East,lstm
2025-04-01,3.18,False,e-faecalis__Glycopeptides__South East,lstm
2025-05-01,4.9,False,e-faecalis__Glycopeptides__South East,lstm
2025-06-01,5.33,False,e-faecalis__Glycopeptides__South East,lstm
2025-07-01,4.7481138506774165,True,e-faecalis__Glycopeptides__South East,lstm
2025-08-01,4.841300626159015,True,e-faecalis__Glycopeptides__South East,lstm
2025-09-01,4.865031620085517,True,e-faecalis__Glycopeptides__South East,lstm
2025-10-01,4.810084429331132,True,e-faecalis__Glycopeptides__South East,lstm
2025-11-01,4.776937138016714,True,e-faecalis__Glycopeptides__South East,lstm
2025-12-01,4.704056222058917,True,e-faecalis__Glycopeptides__South East,lstm
2020-10-01,0.0,False,e-faecalis__Glycopeptides__South West,lstm
2020-11-01,0.0,False,e-faecalis__Glycopeptides__South West,lstm
2020-12-01,0.0,False,e-faecalis__Glycopeptides__South West,lstm
2021-01-01,0.0,False,e-faecalis__Glycopeptides__South West,lstm
2021-02-01,1.52,False,e-faecalis__Glycopeptides__South West,lstm
2021-03-01,3.08,False,e-faecalis__Glycopeptides__South West,lstm
2021-04-01,4.11,False,e-faecalis__Glycopeptides__South West,lstm
2021-05-01,2.74,False,e-faecalis__Glycopeptides__South West,lstm
2021-06-01,1.32,False,e-faecalis__Glycopeptides__South West,lstm
2021-07-01,0.0,False,e-faecalis__Glycopeptides__South West,lstm
2021-08-01,4.94,False,e-faecalis__Glycopeptides__South West,lstm
2021-09-01,6.33,False,e-faecalis__Glycopeptides__South West,lstm
2021-10-01,5.62,False,e-faecalis__Glycopeptides__South West,lstm
2021-11-01,4.4,False,e-faecalis__Glycopeptides__South West,lstm
2021-12-01,4.08,False,e-faecalis__Glycopeptides__South West,lstm
2022-01-01,4.4,False,e-faecalis__Glycopeptides__South West,lstm
2022-02-01,1.22,False,e-faecalis__Glycopeptides__South West,lstm
2022-03-01,0.0,False,e-faecalis__Glycopeptides__South West,lstm
2022-04-01,1.15,False,e-faecalis__Glycopeptides__South West,lstm
2022-05-01,1.19,False,e-faecalis__Glycopeptides__South West,lstm
2022-06-01,1.27,False,e-faecalis__Glycopeptides__South West,lstm
2022-07-01,1.33,False,e-faecalis__Glycopeptides__South West,lstm
2022-08-01,1.25,False,e-faecalis__Glycopeptides__South West,lstm
2022-09-01,1.22,False,e-faecalis__Glycopeptides__South West,lstm
2022-10-01,1.08,False,e-faecalis__Glycopeptides__South West,lstm
2022-11-01,1.02,False,e-faecalis__Glycopeptides__South West,lstm
2022-12-01,1.1,False,e-faecalis__Glycopeptides__South West,lstm
2023-01-01,0.0,False,e-faecalis__Glycopeptides__South West,lstm
2023-02-01,0.0,False,e-faecalis__Glycopeptides__South West,lstm
2023-03-01,1.08,False,e-faecalis__Glycopeptides__South West,lstm
2023-04-01,2.06,False,e-faecalis__Glycopeptides__South West,lstm
2023-05-01,2.86,False,e-faecalis__Glycopeptides__South West,lstm
2023-06-01,2.02,False,e-faecalis__Glycopeptides__South West,lstm
2023-07-01,1.06,False,e-faecalis__Glycopeptides__South West,lstm
2023-08-01,0.0,False,e-faecalis__Glycopeptides__South West,lstm
2023-09-01,0.0,False,e-faecalis__Glycopeptides__South West,lstm
2023-10-01,0.9499999999999998,False,e-faecalis__Glycopeptides__South West,lstm
2023-11-01,1.9199999999999997,False,e-faecalis__Glycopeptides__South West,lstm
2023-12-01,4.12,False,e-faecalis__Glycopeptides__South West,lstm
2024-01-01,4.12,False,e-faecalis__Glycopeptides__South West,lstm
2024-02-01,2.86,False,e-faecalis__Glycopeptides__South West,lstm
2024-03-01,1.0,False,e-faecalis__Glycopeptides__South West,lstm
2024-04-01,1.8300000000000003,False,e-faecalis__Glycopeptides__South West,lstm
2024-05-01,2.63,False,e-faecalis__Glycopeptides__South West,lstm
2024-06-01,2.59,False,e-faecalis__Glycopeptides__South West,lstm
2024-07-01,2.68,False,e-faecalis__Glycopeptides__South West,lstm
2024-08-01,2.08,False,e-faecalis__Glycopeptides__South West,lstm
2024-09-01,2.0,False,e-faecalis__Glycopeptides__South West,lstm
2024-10-01,0.0,False,e-faecalis__Glycopeptides__South West,lstm
2024-11-01,0.0,False,e-faecalis__Glycopeptides__South West,lstm
2024-12-01,1.16,False,e-faecalis__Glycopeptides__South West,lstm
2025-01-01,4.21,False,e-faecalis__Glycopeptides__South West,lstm
2025-02-01,4.35,False,e-faecalis__Glycopeptides__South West,lstm
2025-03-01,2.54,False,e-faecalis__Glycopeptides__South West,lstm
2025-04-01,0.0,False,e-faecalis__Glycopeptides__South West,lstm
2025-05-01,2.48,False,e-faecalis__Glycopeptides__South West,lstm
2025-06-01,3.6399999999999997,False,e-faecalis__Glycopeptides__South West,lstm
2025-07-01,1.5858350321323074,True,e-faecalis__Glycopeptides__South West,lstm
2025-08-01,1.651669000142053,True,e-faecalis__Glycopeptides__South West,lstm
2025-09-01,1.671539145181466,True,e-faecalis__Glycopeptides__South West,lstm
2025-10-01,1.6364821032974928,True,e-faecalis__Glycopeptides__South West,lstm
2025-11-01,1.7384457021451212,True,e-faecalis__Glycopeptides__South West,lstm
2025-12-01,1.9213689499461348,True,e-faecalis__Glycopeptides__South West,lstm
2020-10-01,3.8,False,e-faecalis__Glycopeptides__West Midlands,lstm
2020-11-01,4.48,False,e-faecalis__Glycopeptides__West Midlands,lstm
2020-12-01,3.57,False,e-faecalis__Glycopeptides__West Midlands,lstm
2021-01-01,2.25,False,e-faecalis__Glycopeptides__West Midlands,lstm
2021-02-01,2.02,False,e-faecalis__Glycopeptides__West Midlands,lstm
2021-03-01,2.13,False,e-faecalis__Glycopeptides__West Midlands,lstm
2021-04-01,0.0,False,e-faecalis__Glycopeptides__West Midlands,lstm
2021-05-01,0.0,False,e-faecalis__Glycopeptides__West Midlands,lstm
2021-06-01,0.0,False,e-faecalis__Glycopeptides__West Midlands,lstm
2021-07-01,0.0,False,e-faecalis__Glycopeptides__West Midlands,lstm
2021-08-01,1.18,False,e-faecalis__Glycopeptides__West Midlands,lstm
2021-09-01,0.95,False,e-faecalis__Glycopeptides__West Midlands,lstm
2021-10-01,1.72,False,e-faecalis__Glycopeptides__West Midlands,lstm
2021-11-01,0.92,False,e-faecalis__Glycopeptides__West Midlands,lstm
2021-12-01,1.08,False,e-faecalis__Glycopeptides__West Midlands,lstm
2022-01-01,0.0,False,e-faecalis__Glycopeptides__West Midlands,lstm
2022-02-01,2.47,False,e-faecalis__Glycopeptides__West Midlands,lstm
2022-03-01,3.3,False,e-faecalis__Glycopeptides__West Midlands,lstm
2022-04-01,3.41,False,e-faecalis__Glycopeptides__West Midlands,lstm
2022-05-01,1.1,False,e-faecalis__Glycopeptides__West Midlands,lstm
2022-06-01,0.0,False,e-faecalis__Glycopeptides__West Midlands,lstm
2022-07-01,0.0,False,e-faecalis__Glycopeptides__West Midlands,lstm
2022-08-01,1.15,False,e-faecalis__Glycopeptides__West Midlands,lstm
2022-09-01,3.53,False,e-faecalis__Glycopeptides__West Midlands,lstm
2022-10-01,3.6100000000000003,False,e-faecalis__Glycopeptides__West Midlands,lstm
2022-11-01,2.13,False,e-faecalis__Glycopeptides__West Midlands,lstm
2022-12-01,0.0,False,e-faecalis__Glycopeptides__West Midlands,lstm
2023-01-01,1.01,False,e-faecalis__Glycopeptides__West Midlands,lstm
2023-02-01,1.05,False,e-faecalis__Glycopeptides__West Midlands,lstm
2023-03-01,1.68,False,e-faecalis__Glycopeptides__West Midlands,lstm
2023-04-01,0.86,False,e-faecalis__Glycopeptides__West Midlands,lstm
2023-05-01,0.89,False,e-faecalis__Glycopeptides__West Midlands,lstm
2023-06-01,0.0,False,e-faecalis__Glycopeptides__West Midlands,lstm
2023-07-01,0.98,False,e-faecalis__Glycopeptides__West Midlands,lstm
2023-08-01,1.69,False,e-faecalis__Glycopeptides__West Midlands,lstm
2023-09-01,1.61,False,e-faecalis__Glycopeptides__West Midlands,lstm
2023-10-01,0.88,False,e-faecalis__Glycopeptides__West Midlands,lstm
2023-11-01,0.0,False,e-faecalis__Glycopeptides__West Midlands,lstm
2023-12-01,2.04,False,e-faecalis__Glycopeptides__West Midlands,lstm
2024-01-01,2.78,False,e-faecalis__Glycopeptides__West Midlands,lstm
2024-02-01,3.7,False,e-faecalis__Glycopeptides__West Midlands,lstm
2024-03-01,3.36,False,e-faecalis__Glycopeptides__West Midlands,lstm
2024-04-01,3.77,False,e-faecalis__Glycopeptides__West Midlands,lstm
2024-05-01,3.0600000000000005,False,e-faecalis__Glycopeptides__West Midlands,lstm
2024-06-01,1.06,False,e-faecalis__Glycopeptides__West Midlands,lstm
2024-07-01,0.0,False,e-faecalis__Glycopeptides__West Midlands,lstm
2024-08-01,0.91,False,e-faecalis__Glycopeptides__West Midlands,lstm
2024-09-01,0.97,False,e-faecalis__Glycopeptides__West Midlands,lstm
2024-10-01,1.03,False,e-faecalis__Glycopeptides__West Midlands,lstm
2024-11-01,1.04,False,e-faecalis__Glycopeptides__West Midlands,lstm
2024-12-01,2.0,False,e-faecalis__Glycopeptides__West Midlands,lstm
2025-01-01,1.9,False,e-faecalis__Glycopeptides__West Midlands,lstm
2025-02-01,1.02,False,e-faecalis__Glycopeptides__West Midlands,lstm
2025-03-01,0.0,False,e-faecalis__Glycopeptides__West Midlands,lstm
2025-04-01,0.0,False,e-faecalis__Glycopeptides__West Midlands,lstm
2025-05-01,0.0,False,e-faecalis__Glycopeptides__West Midlands,lstm
2025-06-01,0.0,False,e-faecalis__Glycopeptides__West Midlands,lstm
2025-07-01,1.252189642965194,True,e-faecalis__Glycopeptides__West Midlands,lstm
2025-08-01,1.2076167089806344,True,e-faecalis__Glycopeptides__West Midlands,lstm
2025-09-01,1.2217746252035744,True,e-faecalis__Glycopeptides__West Midlands,lstm
2025-10-01,1.3449019025189568,True,e-faecalis__Glycopeptides__West Midlands,lstm
2025-11-01,1.5274783308263093,True,e-faecalis__Glycopeptides__West Midlands,lstm
2025-12-01,1.7192168269902366,True,e-faecalis__Glycopeptides__West Midlands,lstm
2020-10-01,4.29,False,e-faecalis__Glycopeptides__Yorkshire and Humber,lstm
2020-11-01,3.03,False,e-faecalis__Glycopeptides__Yorkshire and Humber,lstm
2020-12-01,4.11,False,e-faecalis__Glycopeptides__Yorkshire and Humber,lstm
2021-01-01,5.0,False,e-faecalis__Glycopeptides__Yorkshire and Humber,lstm
2021-02-01,6.17,False,e-faecalis__Glycopeptides__Yorkshire and Humber,lstm
2021-03-01,5.06,False,e-faecalis__Glycopeptides__Yorkshire and Humber,lstm
2021-04-01,4.88,False,e-faecalis__Glycopeptides__Yorkshire and Humber,lstm
2021-05-01,5.33,False,e-faecalis__Glycopeptides__Yorkshire and Humber,lstm
2021-06-01,5.33,False,e-faecalis__Glycopeptides__Yorkshire and Humber,lstm
2021-07-01,2.67,False,e-faecalis__Glycopeptides__Yorkshire and Humber,lstm
2021-08-01,2.3,False,e-faecalis__Glycopeptides__Yorkshire and Humber,lstm
2021-09-01,1.09,False,e-faecalis__Glycopeptides__Yorkshire and Humber,lstm
2021-10-01,2.3,False,e-faecalis__Glycopeptides__Yorkshire and Humber,lstm
2021-11-01,6.59,False,e-faecalis__Glycopeptides__Yorkshire and Humber,lstm
2021-12-01,8.42,False,e-faecalis__Glycopeptides__Yorkshire and Humber,lstm
2022-01-01,9.57,False,e-faecalis__Glycopeptides__Yorkshire and Humber,lstm
2022-02-01,4.49,False,e-faecalis__Glycopeptides__Yorkshire and Humber,lstm
2022-03-01,5.56,False,e-faecalis__Glycopeptides__Yorkshire and Humber,lstm
2022-04-01,3.33,False,e-faecalis__Glycopeptides__Yorkshire and Humber,lstm
2022-05-01,3.5700000000000003,False,e-faecalis__Glycopeptides__Yorkshire and Humber,lstm
2022-06-01,1.41,False,e-faecalis__Glycopeptides__Yorkshire and Humber,lstm
2022-07-01,3.6100000000000003,False,e-faecalis__Glycopeptides__Yorkshire and Humber,lstm
2022-08-01,4.260000000000001,False,e-faecalis__Glycopeptides__Yorkshire and Humber,lstm
2022-09-01,3.850000000000001,False,e-faecalis__Glycopeptides__Yorkshire and Humber,lstm
2022-10-01,4.17,False,e-faecalis__Glycopeptides__Yorkshire and Humber,lstm
2022-11-01,4.08,False,e-faecalis__Glycopeptides__Yorkshire and Humber,lstm
2022-12-01,4.21,False,e-faecalis__Glycopeptides__Yorkshire and Humber,lstm
2023-01-01,3.2600000000000002,False,e-faecalis__Glycopeptides__Yorkshire and Humber,lstm
2023-02-01,6.98,False,e-faecalis__Glycopeptides__Yorkshire and Humber,lstm
2023-03-01,7.53,False,e-faecalis__Glycopeptides__Yorkshire and Humber,lstm
2023-04-01,7.07,False,e-faecalis__Glycopeptides__Yorkshire and Humber,lstm
2023-05-01,3.96,False,e-faecalis__Glycopeptides__Yorkshire and Humber,lstm
2023-06-01,4.49,False,e-faecalis__Glycopeptides__Yorkshire and Humber,lstm
2023-07-01,5.26,False,e-faecalis__Glycopeptides__Yorkshire and Humber,lstm
2023-08-01,3.9,False,e-faecalis__Glycopeptides__Yorkshire and Humber,lstm
2023-09-01,2.44,False,e-faecalis__Glycopeptides__Yorkshire and Humber,lstm
2023-10-01,1.98,False,e-faecalis__Glycopeptides__Yorkshire and Humber,lstm
2023-11-01,4.21,False,e-faecalis__Glycopeptides__Yorkshire and Humber,lstm
2023-12-01,5.56,False,e-faecalis__Glycopeptides__Yorkshire and Humber,lstm
2024-01-01,7.62,False,e-faecalis__Glycopeptides__Yorkshire and Humber,lstm
2024-02-01,7.21,False,e-faecalis__Glycopeptides__Yorkshire and Humber,lstm
2024-03-01,7.55,False,e-faecalis__Glycopeptides__Yorkshire and Humber,lstm
2024-04-01,5.77,False,e-faecalis__Glycopeptides__Yorkshire and Humber,lstm
2024-05-01,3.92,False,e-faecalis__Glycopeptides__Yorkshire and Humber,lstm
2024-06-01,1.03,False,e-faecalis__Glycopeptides__Yorkshire and Humber,lstm
2024-07-01,4.49,False,e-faecalis__Glycopeptides__Yorkshire and Humber,lstm
2024-08-01,5.26,False,e-faecalis__Glycopeptides__Yorkshire and Humber,lstm
2024-09-01,6.45,False,e-faecalis__Glycopeptides__Yorkshire and Humber,lstm
2024-10-01,3.19,False,e-faecalis__Glycopeptides__Yorkshire and Humber,lstm
2024-11-01,2.83,False,e-faecalis__Glycopeptides__Yorkshire and Humber,lstm
2024-12-01,4.27,False,e-faecalis__Glycopeptides__Yorkshire and Humber,lstm
2025-01-01,3.82,False,e-faecalis__Glycopeptides__Yorkshire and Humber,lstm
2025-02-01,5.41,False,e-faecalis__Glycopeptides__Yorkshire and Humber,lstm
2025-03-01,7.29,False,e-faecalis__Glycopeptides__Yorkshire and Humber,lstm
2025-04-01,8.43,False,e-faecalis__Glycopeptides__Yorkshire and Humber,lstm
2025-05-01,7.78,False,e-faecalis__Glycopeptides__Yorkshire and Humber,lstm
2025-06-01,3.6400000000000006,False,e-faecalis__Glycopeptides__Yorkshire and Humber,lstm
2025-07-01,4.036609191040477,True,e-faecalis__Glycopeptides__Yorkshire and Humber,lstm
2025-08-01,4.034273164419073,True,e-faecalis__Glycopeptides__Yorkshire and Humber,lstm
2025-09-01,4.1798052707473135,True,e-faecalis__Glycopeptides__Yorkshire and Humber,lstm
2025-10-01,4.475644513302524,True,e-faecalis__Glycopeptides__Yorkshire and Humber,lstm
2025-11-01,4.857770612773907,True,e-faecalis__Glycopeptides__Yorkshire and Humber,lstm
2025-12-01,5.198624663111595,True,e-faecalis__Glycopeptides__Yorkshire and Humber,lstm
2020-10-01,11.94,False,e-faecium__Glycopeptides__East Midlands,lstm
2020-11-01,10.29,False,e-faecium__Glycopeptides__East Midlands,lstm
2020-12-01,10.23,False,e-faecium__Glycopeptides__East Midlands,lstm
2021-01-01,9.01,False,e-faecium__Glycopeptides__East Midlands,lstm
2021-02-01,8.96,False,e-faecium__Glycopeptides__East Midlands,lstm
2021-03-01,8.59,False,e-faecium__Glycopeptides__East Midlands,lstm
2021-04-01,12.5,False,e-faecium__Glycopeptides__East Midlands,lstm
2021-05-01,11.02,False,e-faecium__Glycopeptides__East Midlands,lstm
2021-06-01,10.0,False,e-faecium__Glycopeptides__East Midlands,lstm
2021-07-01,6.31,False,e-faecium__Glycopeptides__East Midlands,lstm
2021-08-01,6.19,False,e-faecium__Glycopeptides__East Midlands,lstm
2021-09-01,9.47,False,e-faecium__Glycopeptides__East Midlands,lstm
2021-10-01,14.290000000000001,False,e-faecium__Glycopeptides__East Midlands,lstm
2021-11-01,13.76,False,e-faecium__Glycopeptides__East Midlands,lstm
2021-12-01,15.89,False,e-faecium__Glycopeptides__East Midlands,lstm
2022-01-01,12.12,False,e-faecium__Glycopeptides__East Midlands,lstm
2022-02-01,12.75,False,e-faecium__Glycopeptides__East Midlands,lstm
2022-03-01,9.89,False,e-faecium__Glycopeptides__East Midlands,lstm
2022-04-01,9.52,False,e-faecium__Glycopeptides__East Midlands,lstm
2022-05-01,9.41,False,e-faecium__Glycopeptides__East Midlands,lstm
2022-06-01,9.68,False,e-faecium__Glycopeptides__East Midlands,lstm
2022-07-01,9.68,False,e-faecium__Glycopeptides__East Midlands,lstm
2022-08-01,10.84,False,e-faecium__Glycopeptides__East Midlands,lstm
2022-09-01,12.2,False,e-faecium__Glycopeptides__East Midlands,lstm
2022-10-01,14.61,False,e-faecium__Glycopeptides__East Midlands,lstm
2022-11-01,16.3,False,e-faecium__Glycopeptides__East Midlands,lstm
2022-12-01,14.940000000000001,False,e-faecium__Glycopeptides__East Midlands,lstm
2023-01-01,11.96,False,e-faecium__Glycopeptides__East Midlands,lstm
2023-02-01,10.87,False,e-faecium__Glycopeptides__East Midlands,lstm
2023-03-01,9.65,False,e-faecium__Glycopeptides__East Midlands,lstm
2023-04-01,9.4,False,e-faecium__Glycopeptides__East Midlands,lstm
2023-05-01,9.26,False,e-faecium__Glycopeptides__East Midlands,lstm
2023-06-01,9.28,False,e-faecium__Glycopeptides__East Midlands,lstm
2023-07-01,11.58,False,e-faecium__Glycopeptides__East Midlands,lstm
2023-08-01,12.9,False,e-faecium__Glycopeptides__East Midlands,lstm
2023-09-01,13.540000000000001,False,e-faecium__Glycopeptides__East Midlands,lstm
2023-10-01,12.5,False,e-faecium__Glycopeptides__East Midlands,lstm
2023-11-01,9.71,False,e-faecium__Glycopeptides__East Midlands,lstm
2023-12-01,13.4,False,e-faecium__Glycopeptides__East Midlands,lstm
2024-01-01,15.62,False,e-faecium__Glycopeptides__East Midlands,lstm
2024-02-01,16.13,False,e-faecium__Glycopeptides__East Midlands,lstm
2024-03-01,13.190000000000001,False,e-faecium__Glycopeptides__East Midlands,lstm
2024-04-01,11.58,False,e-faecium__Glycopeptides__East Midlands,lstm
2024-05-01,17.53,False,e-faecium__Glycopeptides__East Midlands,lstm
2024-06-01,19.23,False,e-faecium__Glycopeptides__East Midlands,lstm
2024-07-01,19.79,False,e-faecium__Glycopeptides__East Midlands,lstm
2024-08-01,12.63,False,e-faecium__Glycopeptides__East Midlands,lstm
2024-09-01,13.100000000000001,False,e-faecium__Glycopeptides__East Midlands,lstm
2024-10-01,12.05,False,e-faecium__Glycopeptides__East Midlands,lstm
2024-11-01,13.64,False,e-faecium__Glycopeptides__East Midlands,lstm
2024-12-01,11.0,False,e-faecium__Glycopeptides__East Midlands,lstm
2025-01-01,11.97,False,e-faecium__Glycopeptides__East Midlands,lstm
2025-02-01,12.71,False,e-faecium__Glycopeptides__East Midlands,lstm
2025-03-01,12.39,False,e-faecium__Glycopeptides__East Midlands,lstm
2025-04-01,12.04,False,e-faecium__Glycopeptides__East Midlands,lstm
2025-05-01,11.93,False,e-faecium__Glycopeptides__East Midlands,lstm
2025-06-01,11.01,False,e-faecium__Glycopeptides__East Midlands,lstm
2025-07-01,13.249397021571768,True,e-faecium__Glycopeptides__East Midlands,lstm
2025-08-01,13.63782543983596,True,e-faecium__Glycopeptides__East Midlands,lstm
2025-09-01,13.843879683820038,True,e-faecium__Glycopeptides__East Midlands,lstm
2025-10-01,13.833260389642538,True,e-faecium__Glycopeptides__East Midlands,lstm
2025-11-01,13.604392625064438,True,e-faecium__Glycopeptides__East Midlands,lstm
2025-12-01,13.209233355677855,True,e-faecium__Glycopeptides__East Midlands,lstm
2020-10-01,28.75,False,e-faecium__Glycopeptides__East of England,lstm
2020-11-01,22.78,False,e-faecium__Glycopeptides__East of England,lstm
2020-12-01,23.38,False,e-faecium__Glycopeptides__East of England,lstm
2021-01-01,27.720000000000002,False,e-faecium__Glycopeptides__East of England,lstm
2021-02-01,32.77,False,e-faecium__Glycopeptides__East of England,lstm
2021-03-01,40.41,False,e-faecium__Glycopeptides__East of England,lstm
2021-04-01,43.38,False,e-faecium__Glycopeptides__East of England,lstm
2021-05-01,42.74,False,e-faecium__Glycopeptides__East of England,lstm
2021-06-01,38.04,False,e-faecium__Glycopeptides__East of England,lstm
2021-07-01,41.98,False,e-faecium__Glycopeptides__East of England,lstm
2021-08-01,40.43,False,e-faecium__Glycopeptides__East of England,lstm
2021-09-01,35.29,False,e-faecium__Glycopeptides__East of England,lstm
2021-10-01,26.61,False,e-faecium__Glycopeptides__East of England,lstm
2021-11-01,29.060000000000002,False,e-faecium__Glycopeptides__East of England,lstm
2021-12-01,30.969999999999995,False,e-faecium__Glycopeptides__East of England,lstm
2022-01-01,42.55,False,e-faecium__Glycopeptides__East of England,lstm
2022-02-01,36.84,False,e-faecium__Glycopeptides__East of England,lstm
2022-03-01,39.37,False,e-faecium__Glycopeptides__East of England,lstm
2022-04-01,38.64,False,e-faecium__Glycopeptides__East of England,lstm
2022-05-01,41.23,False,e-faecium__Glycopeptides__East of England,lstm
2022-06-01,42.02,False,e-faecium__Glycopeptides__East of England,lstm
2022-07-01,40.5,False,e-faecium__Glycopeptides__East of England,lstm
2022-08-01,41.59,False,e-faecium__Glycopeptides__East of England,lstm
2022-09-01,37.62,False,e-faecium__Glycopeptides__East of England,lstm
2022-10-01,37.39,False,e-faecium__Glycopeptides__East of England,lstm
2022-11-01,38.21,False,e-faecium__Glycopeptides__East of England,lstm
2022-12-01,40.31,False,e-faecium__Glycopeptides__East of England,lstm
2023-01-01,40.0,False,e-faecium__Glycopeptides__East of England,lstm
2023-02-01,40.3,False,e-faecium__Glycopeptides__East of England,lstm
2023-03-01,40.16,False,e-faecium__Glycopeptides__East of England,lstm
2023-04-01,46.23,False,e-faecium__Glycopeptides__East of England,lstm
2023-05-01,45.3,False,e-faecium__Glycopeptides__East of England,lstm
2023-06-01,42.73,False,e-faecium__Glycopeptides__East of England,lstm
2023-07-01,40.91,False,e-faecium__Glycopeptides__East of England,lstm
2023-08-01,39.58,False,e-faecium__Glycopeptides__East of England,lstm
2023-09-01,41.28,False,e-faecium__Glycopeptides__East of England,lstm
2023-10-01,33.03,False,e-faecium__Glycopeptides__East of England,lstm
2023-11-01,33.6,False,e-faecium__Glycopeptides__East of England,lstm
2023-12-01,31.970000000000002,False,e-faecium__Glycopeptides__East of England,lstm
2024-01-01,36.59,False,e-faecium__Glycopeptides__East of England,lstm
2024-02-01,36.61,False,e-faecium__Glycopeptides__East of England,lstm
2024-03-01,31.62,False,e-faecium__Glycopeptides__East of England,lstm
2024-04-01,28.230000000000004,False,e-faecium__Glycopeptides__East of England,lstm
2024-05-01,29.01,False,e-faecium__Glycopeptides__East of England,lstm
2024-06-01,35.25,False,e-faecium__Glycopeptides__East of England,lstm
2024-07-01,32.14,False,e-faecium__Glycopeptides__East of England,lstm
2024-08-01,36.36,False,e-faecium__Glycopeptides__East of England,lstm
2024-09-01,37.4,False,e-faecium__Glycopeptides__East of England,lstm
2024-10-01,41.44,False,e-faecium__Glycopeptides__East of England,lstm
2024-11-01,32.74,False,e-faecium__Glycopeptides__East of England,lstm
2024-12-01,25.83,False,e-faecium__Glycopeptides__East of England,lstm
2025-01-01,23.649999999999995,False,e-faecium__Glycopeptides__East of England,lstm
2025-02-01,23.19,False,e-faecium__Glycopeptides__East of England,lstm
2025-03-01,23.08,False,e-faecium__Glycopeptides__East of England,lstm
2025-04-01,24.219999999999995,False,e-faecium__Glycopeptides__East of England,lstm
2025-05-01,26.519999999999996,False,e-faecium__Glycopeptides__East of England,lstm
2025-06-01,31.82,False,e-faecium__Glycopeptides__East of England,lstm
2025-07-01,35.99992111797918,True,e-faecium__Glycopeptides__East of England,lstm
2025-08-01,35.180160778490006,True,e-faecium__Glycopeptides__East of England,lstm
2025-09-01,33.738356039685996,True,e-faecium__Glycopeptides__East of England,lstm
2025-10-01,32.014438497142564,True,e-faecium__Glycopeptides__East of England,lstm
2025-11-01,30.424371165844832,True,e-faecium__Glycopeptides__East of England,lstm
2025-12-01,29.4258143227749,True,e-faecium__Glycopeptides__East of England,lstm
2020-10-01,21.05,False,e-faecium__Glycopeptides__London,lstm
2020-11-01,19.66,False,e-faecium__Glycopeptides__London,lstm
2020-12-01,23.390000000000004,False,e-faecium__Glycopeptides__London,lstm
2021-01-01,25.39,False,e-faecium__Glycopeptides__London,lstm
2021-02-01,30.29,False,e-faecium__Glycopeptides__London,lstm
2021-03-01,29.77,False,e-faecium__Glycopeptides__London,lstm
2021-04-01,28.219999999999995,False,e-faecium__Glycopeptides__London,lstm
2021-05-01,26.53,False,e-faecium__Glycopeptides__London,lstm
2021-06-01,24.79,False,e-faecium__Glycopeptides__London,lstm
2021-07-01,28.7,False,e-faecium__Glycopeptides__London,lstm
2021-08-01,23.7,False,e-faecium__Glycopeptides__London,lstm
2021-09-01,26.95,False,e-faecium__Glycopeptides__London,lstm
2021-10-01,26.57,False,e-faecium__Glycopeptides__London,lstm
2021-11-01,25.93,False,e-faecium__Glycopeptides__London,lstm
2021-12-01,24.16,False,e-faecium__Glycopeptides__London,lstm
2022-01-01,30.43,False,e-faecium__Glycopeptides__London,lstm
2022-02-01,33.56,False,e-faecium__Glycopeptides__London,lstm
2022-03-01,33.58,False,e-faecium__Glycopeptides__London,lstm
2022-04-01,22.63,False,e-faecium__Glycopeptides__London,lstm
2022-05-01,26.49,False,e-faecium__Glycopeptides__London,lstm
2022-06-01,26.54,False,e-faecium__Glycopeptides__London,lstm
2022-07-01,29.11,False,e-faecium__Glycopeptides__London,lstm
2022-08-01,24.36,False,e-faecium__Glycopeptides__London,lstm
2022-09-01,24.030000000000005,False,e-faecium__Glycopeptides__London,lstm
2022-10-01,25.159999999999997,False,e-faecium__Glycopeptides__London,lstm
2022-11-01,26.19,False,e-faecium__Glycopeptides__London,lstm
2022-12-01,25.570000000000004,False,e-faecium__Glycopeptides__London,lstm
2023-01-01,25.68,False,e-faecium__Glycopeptides__London,lstm
2023-02-01,26.35,False,e-faecium__Glycopeptides__London,lstm
2023-03-01,30.120000000000005,False,e-faecium__Glycopeptides__London,lstm
2023-04-01,28.29,False,e-faecium__Glycopeptides__London,lstm
2023-05-01,26.210000000000004,False,e-faecium__Glycopeptides__London,lstm
2023-06-01,24.81,False,e-faecium__Glycopeptides__London,lstm
2023-07-01,24.82,False,e-faecium__Glycopeptides__London,lstm
2023-08-01,23.75,False,e-faecium__Glycopeptides__London,lstm
2023-09-01,25.0,False,e-faecium__Glycopeptides__London,lstm
2023-10-01,23.23,False,e-faecium__Glycopeptides__London,lstm
2023-11-01,27.82,False,e-faecium__Glycopeptides__London,lstm
2023-12-01,26.92,False,e-faecium__Glycopeptides__London,lstm
2024-01-01,30.94,False,e-faecium__Glycopeptides__London,lstm
2024-02-01,30.53,False,e-faecium__Glycopeptides__London,lstm
2024-03-01,23.58,False,e-faecium__Glycopeptides__London,lstm
2024-04-01,15.45,False,e-faecium__Glycopeptides__London,lstm
2024-05-01,13.970000000000002,False,e-faecium__Glycopeptides__London,lstm
2024-06-01,17.24,False,e-faecium__Glycopeptides__London,lstm
2024-07-01,23.180000000000003,False,e-faecium__Glycopeptides__London,lstm
2024-08-01,23.36,False,e-faecium__Glycopeptides__London,lstm
2024-09-01,23.58,False,e-faecium__Glycopeptides__London,lstm
2024-10-01,23.73,False,e-faecium__Glycopeptides__London,lstm
2024-11-01,23.01,False,e-faecium__Glycopeptides__London,lstm
2024-12-01,20.61,False,e-faecium__Glycopeptides__London,lstm
2025-01-01,15.15,False,e-faecium__Glycopeptides__London,lstm
2025-02-01,17.05,False,e-faecium__Glycopeptides__London,lstm
2025-03-01,17.69,False,e-faecium__Glycopeptides__London,lstm
2025-04-01,17.52,False,e-faecium__Glycopeptides__London,lstm
2025-05-01,15.33,False,e-faecium__Glycopeptides__London,lstm
2025-06-01,14.07,False,e-faecium__Glycopeptides__London,lstm
2025-07-01,21.050944490609886,True,e-faecium__Glycopeptides__London,lstm
2025-08-01,21.07642459614355,True,e-faecium__Glycopeptides__London,lstm
2025-09-01,21.227570117633448,True,e-faecium__Glycopeptides__London,lstm
2025-10-01,21.416771425906955,True,e-faecium__Glycopeptides__London,lstm
2025-11-01,21.47216321524477,True,e-faecium__Glycopeptides__London,lstm
2025-12-01,21.35032538970351,True,e-faecium__Glycopeptides__London,lstm
2020-10-01,18.18,False,e-faecium__Glycopeptides__North East,lstm
2020-11-01,20.0,False,e-faecium__Glycopeptides__North East,lstm
2020-12-01,19.44,False,e-faecium__Glycopeptides__North East,lstm
2021-01-01,12.82,False,e-faecium__Glycopeptides__North East,lstm
2021-02-01,9.76,False,e-faecium__Glycopeptides__North East,lstm
2021-03-01,5.71,False,e-faecium__Glycopeptides__North East,lstm
2021-04-01,8.11,False,e-faecium__Glycopeptides__North East,lstm
2021-05-01,8.33,False,e-faecium__Glycopeptides__North East,lstm
2021-06-01,5.71,False,e-faecium__Glycopeptides__North East,lstm
2021-07-01,7.69,False,e-faecium__Glycopeptides__North East,lstm
2021-08-01,5.0,False,e-faecium__Glycopeptides__North East,lstm
2021-09-01,7.14,False,e-faecium__Glycopeptides__North East,lstm
2021-10-01,7.14,False,e-faecium__Glycopeptides__North East,lstm
2021-11-01,10.26,False,e-faecium__Glycopeptides__North East,lstm
2021-12-01,10.0,False,e-faecium__Glycopeptides__North East,lstm
2022-01-01,7.500000000000001,False,e-faecium__Glycopeptides__North East,lstm
2022-02-01,4.55,False,e-faecium__Glycopeptides__North East,lstm
2022-03-01,10.2,False,e-faecium__Glycopeptides__North East,lstm
2022-04-01,15.559999999999999,False,e-faecium__Glycopeptides__North East,lstm
2022-05-01,21.15,False,e-faecium__Glycopeptides__North East,lstm
2022-06-01,14.81,False,e-faecium__Glycopeptides__North East,lstm
2022-07-01,9.8,False,e-faecium__Glycopeptides__North East,lstm
2022-08-01,8.7,False,e-faecium__Glycopeptides__North East,lstm
2022-09-01,15.38,False,e-faecium__Glycopeptides__North East,lstm
2022-10-01,19.57,False,e-faecium__Glycopeptides__North East,lstm
2022-11-01,14.89,False,e-faecium__Glycopeptides__North East,lstm
2022-12-01,13.64,False,e-faecium__Glycopeptides__North East,lstm
2023-01-01,9.09,False,e-faecium__Glycopeptides__North East,lstm
2023-02-01,14.81,False,e-faecium__Glycopeptides__North East,lstm
2023-03-01,13.21,False,e-faecium__Glycopeptides__North East,lstm
2023-04-01,15.22,False,e-faecium__Glycopeptides__North East,lstm
2023-05-01,11.43,False,e-faecium__Glycopeptides__North East,lstm
2023-06-01,11.11,False,e-faecium__Glycopeptides__North East,lstm
2023-07-01,13.89,False,e-faecium__Glycopeptides__North East,lstm
2023-08-01,8.57,False,e-faecium__Glycopeptides__North East,lstm
2023-09-01,9.09,False,e-faecium__Glycopeptides__North East,lstm
2023-10-01,8.89,False,e-faecium__Glycopeptides__North East,lstm
2023-11-01,20.45,False,e-faecium__Glycopeptides__North East,lstm
2023-12-01,22.86,False,e-faecium__Glycopeptides__North East,lstm
2024-01-01,17.07,False,e-faecium__Glycopeptides__North East,lstm
2024-02-01,10.0,False,e-faecium__Glycopeptides__North East,lstm
2024-03-01,12.0,False,e-faecium__Glycopeptides__North East,lstm
2024-04-01,12.0,False,e-faecium__Glycopeptides__North East,lstm
2024-05-01,10.0,False,e-faecium__Glycopeptides__North East,lstm
2024-06-01,10.0,False,e-faecium__Glycopeptides__North East,lstm
2024-07-01,9.43,False,e-faecium__Glycopeptides__North East,lstm
2024-08-01,8.89,False,e-faecium__Glycopeptides__North East,lstm
2024-09-01,8.33,False,e-faecium__Glycopeptides__North East,lstm
2024-10-01,12.0,False,e-faecium__Glycopeptides__North East,lstm
2024-11-01,13.73,False,e-faecium__Glycopeptides__North East,lstm
2024-12-01,16.36,False,e-faecium__Glycopeptides__North East,lstm
2025-01-01,13.21,False,e-faecium__Glycopeptides__North East,lstm
2025-02-01,12.5,False,e-faecium__Glycopeptides__North East,lstm
2025-03-01,11.32,False,e-faecium__Glycopeptides__North East,lstm
2025-04-01,17.02,False,e-faecium__Glycopeptides__North East,lstm
2025-05-01,22.0,False,e-faecium__Glycopeptides__North East,lstm
2025-06-01,17.31,False,e-faecium__Glycopeptides__North East,lstm
2025-07-01,12.23184530796124,True,e-faecium__Glycopeptides__North East,lstm
2025-08-01,12.58272631654803,True,e-faecium__Glycopeptides__North East,lstm
2025-09-01,12.934047323733838,True,e-faecium__Glycopeptides__North East,lstm
2025-10-01,13.410396809282954,True,e-faecium__Glycopeptides__North East,lstm
2025-11-01,13.818552684217051,True,e-faecium__Glycopeptides__North East,lstm
2025-12-01,13.814949362273225,True,e-faecium__Glycopeptides__North East,lstm
2020-10-01,16.19,False,e-faecium__Glycopeptides__North West,lstm
2020-11-01,21.37,False,e-faecium__Glycopeptides__North West,lstm
2020-12-01,22.96,False,e-faecium__Glycopeptides__North West,lstm
2021-01-01,20.0,False,e-faecium__Glycopeptides__North West,lstm
2021-02-01,20.5,False,e-faecium__Glycopeptides__North West,lstm
2021-03-01,18.82,False,e-faecium__Glycopeptides__North West,lstm
2021-04-01,22.37,False,e-faecium__Glycopeptides__North West,lstm
2021-05-01,20.44,False,e-faecium__Glycopeptides__North West,lstm
2021-06-01,22.41,False,e-faecium__Glycopeptides__North West,lstm
2021-07-01,23.42,False,e-faecium__Glycopeptides__North West,lstm
2021-08-01,27.78,False,e-faecium__Glycopeptides__North West,lstm
2021-09-01,30.09,False,e-faecium__Glycopeptides__North West,lstm
2021-10-01,26.26,False,e-faecium__Glycopeptides__North West,lstm
2021-11-01,20.21,False,e-faecium__Glycopeptides__North West,lstm
2021-12-01,19.79,False,e-faecium__Glycopeptides__North West,lstm
2022-01-01,19.63,False,e-faecium__Glycopeptides__North West,lstm
2022-02-01,17.59,False,e-faecium__Glycopeptides__North West,lstm
2022-03-01,14.88,False,e-faecium__Glycopeptides__North West,lstm
2022-04-01,17.74,False,e-faecium__Glycopeptides__North West,lstm
2022-05-01,20.39,False,e-faecium__Glycopeptides__North West,lstm
2022-06-01,22.07,False,e-faecium__Glycopeptides__North West,lstm
2022-07-01,18.79,False,e-faecium__Glycopeptides__North West,lstm
2022-08-01,19.23,False,e-faecium__Glycopeptides__North West,lstm
2022-09-01,18.18,False,e-faecium__Glycopeptides__North West,lstm
2022-10-01,20.29,False,e-faecium__Glycopeptides__North West,lstm
2022-11-01,23.94,False,e-faecium__Glycopeptides__North West,lstm
2022-12-01,26.14,False,e-faecium__Glycopeptides__North West,lstm
2023-01-01,26.8,False,e-faecium__Glycopeptides__North West,lstm
2023-02-01,27.14,False,e-faecium__Glycopeptides__North West,lstm
2023-03-01,27.13,False,e-faecium__Glycopeptides__North West,lstm
2023-04-01,27.78,False,e-faecium__Glycopeptides__North West,lstm
2023-05-01,22.0,False,e-faecium__Glycopeptides__North West,lstm
2023-06-01,22.3,False,e-faecium__Glycopeptides__North West,lstm
2023-07-01,24.0,False,e-faecium__Glycopeptides__North West,lstm
2023-08-01,28.97,False,e-faecium__Glycopeptides__North West,lstm
2023-09-01,27.59,False,e-faecium__Glycopeptides__North West,lstm
2023-10-01,25.9,False,e-faecium__Glycopeptides__North West,lstm
2023-11-01,22.66,False,e-faecium__Glycopeptides__North West,lstm
2023-12-01,22.58,False,e-faecium__Glycopeptides__North West,lstm
2024-01-01,21.01,False,e-faecium__Glycopeptides__North West,lstm
2024-02-01,20.97,False,e-faecium__Glycopeptides__North West,lstm
2024-03-01,20.77,False,e-faecium__Glycopeptides__North West,lstm
2024-04-01,20.9,False,e-faecium__Glycopeptides__North West,lstm
2024-05-01,20.0,False,e-faecium__Glycopeptides__North West,lstm
2024-06-01,19.12,False,e-faecium__Glycopeptides__North West,lstm
2024-07-01,16.43,False,e-faecium__Glycopeptides__North West,lstm
2024-08-01,15.0,False,e-faecium__Glycopeptides__North West,lstm
2024-09-01,13.27,False,e-faecium__Glycopeptides__North West,lstm
2024-10-01,17.92,False,e-faecium__Glycopeptides__North West,lstm
2024-11-01,20.18,False,e-faecium__Glycopeptides__North West,lstm
2024-12-01,22.81,False,e-faecium__Glycopeptides__North West,lstm
2025-01-01,23.48,False,e-faecium__Glycopeptides__North West,lstm
2025-02-01,19.42,False,e-faecium__Glycopeptides__North West,lstm
2025-03-01,21.23,False,e-faecium__Glycopeptides__North West,lstm
2025-04-01,17.04,False,e-faecium__Glycopeptides__North West,lstm
2025-05-01,17.29,False,e-faecium__Glycopeptides__North West,lstm
2025-06-01,15.08,False,e-faecium__Glycopeptides__North West,lstm
2025-07-01,21.22596056142965,True,e-faecium__Glycopeptides__North West,lstm
2025-08-01,21.415533442620962,True,e-faecium__Glycopeptides__North West,lstm
2025-09-01,21.67348595683831,True,e-faecium__Glycopeptides__North West,lstm
2025-10-01,21.738177670028183,True,e-faecium__Glycopeptides__North West,lstm
2025-11-01,21.75247514675162,True,e-faecium__Glycopeptides__North West,lstm
2025-12-01,21.583071952208513,True,e-faecium__Glycopeptides__North West,lstm
2020-10-01,23.85,False,e-faecium__Glycopeptides__South East,lstm
2020-11-01,25.0,False,e-faecium__Glycopeptides__South East,lstm
2020-12-01,20.71,False,e-faecium__Glycopeptides__South East,lstm
2021-01-01,17.05,False,e-faecium__Glycopeptides__South East,lstm
2021-02-01,17.68,False,e-faecium__Glycopeptides__South East,lstm
2021-03-01,24.64,False,e-faecium__Glycopeptides__South East,lstm
2021-04-01,29.41,False,e-faecium__Glycopeptides__South East,lstm
2021-05-01,30.14,False,e-faecium__Glycopeptides__South East,lstm
2021-06-01,24.429999999999996,False,e-faecium__Glycopeptides__South East,lstm
2021-07-01,23.39,False,e-faecium__Glycopeptides__South East,lstm
2021-08-01,25.0,False,e-faecium__Glycopeptides__South East,lstm
2021-09-01,31.58,False,e-faecium__Glycopeptides__South East,lstm
2021-10-01,30.97,False,e-faecium__Glycopeptides__South East,lstm
2021-11-01,32.2,False,e-faecium__Glycopeptides__South East,lstm
2021-12-01,25.34,False,e-faecium__Glycopeptides__South East,lstm
2022-01-01,23.65,False,e-faecium__Glycopeptides__South East,lstm
2022-02-01,20.290000000000003,False,e-faecium__Glycopeptides__South East,lstm
2022-03-01,18.11,False,e-faecium__Glycopeptides__South East,lstm
2022-04-01,19.3,False,e-faecium__Glycopeptides__South East,lstm
2022-05-01,23.08,False,e-faecium__Glycopeptides__South East,lstm
2022-06-01,24.76,False,e-faecium__Glycopeptides__South East,lstm
2022-07-01,25.62,False,e-faecium__Glycopeptides__South East,lstm
2022-08-01,21.8,False,e-faecium__Glycopeptides__South East,lstm
2022-09-01,21.71,False,e-faecium__Glycopeptides__South East,lstm
2022-10-01,18.79,False,e-faecium__Glycopeptides__South East,lstm
2022-11-01,19.74,False,e-faecium__Glycopeptides__South East,lstm
2022-12-01,20.0,False,e-faecium__Glycopeptides__South East,lstm
2023-01-01,21.33,False,e-faecium__Glycopeptides__South East,lstm
2023-02-01,23.4,False,e-faecium__Glycopeptides__South East,lstm
2023-03-01,23.66,False,e-faecium__Glycopeptides__South East,lstm
2023-04-01,25.17,False,e-faecium__Glycopeptides__South East,lstm
2023-05-01,22.45,False,e-faecium__Glycopeptides__South East,lstm
2023-06-01,21.77,False,e-faecium__Glycopeptides__South East,lstm
2023-07-01,23.53,False,e-faecium__Glycopeptides__South East,lstm
2023-08-01,21.21,False,e-faecium__Glycopeptides__South East,lstm
2023-09-01,22.46,False,e-faecium__Glycopeptides__South East,lstm
2023-10-01,15.67,False,e-faecium__Glycopeptides__South East,lstm
2023-11-01,19.01,False,e-faecium__Glycopeptides__South East,lstm
2023-12-01,21.53,False,e-faecium__Glycopeptides__South East,lstm
2024-01-01,23.65,False,e-faecium__Glycopeptides__South East,lstm
2024-02-01,23.4,False,e-faecium__Glycopeptides__South East,lstm
2024-03-01,17.39,False,e-faecium__Glycopeptides__South East,lstm
2024-04-01,17.14,False,e-faecium__Glycopeptides__South East,lstm
2024-05-01,14.069999999999999,False,e-faecium__Glycopeptides__South East,lstm
2024-06-01,16.15,False,e-faecium__Glycopeptides__South East,lstm
2024-07-01,15.45,False,e-faecium__Glycopeptides__South East,lstm
2024-08-01,19.57,False,e-faecium__Glycopeptides__South East,lstm
2024-09-01,18.06,False,e-faecium__Glycopeptides__South East,lstm
2024-10-01,16.43,False,e-faecium__Glycopeptides__South East,lstm
2024-11-01,16.67,False,e-faecium__Glycopeptides__South East,lstm
2024-12-01,20.3,False,e-faecium__Glycopeptides__South East,lstm
2025-01-01,22.969999999999995,False,e-faecium__Glycopeptides__South East,lstm
2025-02-01,20.67,False,e-faecium__Glycopeptides__South East,lstm
2025-03-01,16.23,False,e-faecium__Glycopeptides__South East,lstm
2025-04-01,18.06,False,e-faecium__Glycopeptides__South East,lstm
2025-05-01,19.42,False,e-faecium__Glycopeptides__South East,lstm
2025-06-01,26.979999999999997,False,e-faecium__Glycopeptides__South East,lstm
2025-07-01,21.339991845625413,True,e-faecium__Glycopeptides__South East,lstm
2025-08-01,21.810925848120853,True,e-faecium__Glycopeptides__South East,lstm
2025-09-01,21.99524564052903,True,e-faecium__Glycopeptides__South East,lstm
2025-10-01,22.175188202236864,True,e-faecium__Glycopeptides__South East,lstm
2025-11-01,22.369885492689576,True,e-faecium__Glycopeptides__South East,lstm
2025-12-01,22.86968676881777,True,e-faecium__Glycopeptides__South East,lstm
2020-10-01,16.42,False,e-faecium__Glycopeptides__South West,lstm
2020-11-01,12.16,False,e-faecium__Glycopeptides__South West,lstm
2020-12-01,20.25,False,e-faecium__Glycopeptides__South West,lstm
2021-01-01,20.65,False,e-faecium__Glycopeptides__South West,lstm
2021-02-01,23.86,False,e-faecium__Glycopeptides__South West,lstm
2021-03-01,21.21,False,e-faecium__Glycopeptides__South West,lstm
2021-04-01,19.35,False,e-faecium__Glycopeptides__South West,lstm
2021-05-01,25.290000000000003,False,e-faecium__Glycopeptides__South West,lstm
2021-06-01,30.669999999999998,False,e-faecium__Glycopeptides__South West,lstm
2021-07-01,31.43,False,e-faecium__Glycopeptides__South West,lstm
2021-08-01,25.370000000000005,False,e-faecium__Glycopeptides__South West,lstm
2021-09-01,27.14,False,e-faecium__Glycopeptides__South West,lstm
2021-10-01,30.88,False,e-faecium__Glycopeptides__South West,lstm
2021-11-01,38.27,False,e-faecium__Glycopeptides__South West,lstm
2021-12-01,35.92,False,e-faecium__Glycopeptides__South West,lstm
2022-01-01,37.19,False,e-faecium__Glycopeptides__South West,lstm
2022-02-01,33.9,False,e-faecium__Glycopeptides__South West,lstm
2022-03-01,32.32,False,e-faecium__Glycopeptides__South West,lstm
2022-04-01,29.209999999999997,False,e-faecium__Glycopeptides__South West,lstm
2022-05-01,23.33,False,e-faecium__Glycopeptides__South West,lstm
2022-06-01,23.96,False,e-faecium__Glycopeptides__South West,lstm
2022-07-01,19.57,False,e-faecium__Glycopeptides__South West,lstm
2022-08-01,21.18,False,e-faecium__Glycopeptides__South West,lstm
2022-09-01,29.07,False,e-faecium__Glycopeptides__South West,lstm
2022-10-01,30.770000000000003,False,e-faecium__Glycopeptides__South West,lstm
2022-11-01,33.33,False,e-faecium__Glycopeptides__South West,lstm
2022-12-01,23.4,False,e-faecium__Glycopeptides__South West,lstm
2023-01-01,26.880000000000003,False,e-faecium__Glycopeptides__South West,lstm
2023-02-01,25.27,False,e-faecium__Glycopeptides__South West,lstm
2023-03-01,27.959999999999997,False,e-faecium__Glycopeptides__South West,lstm
2023-04-01,24.53,False,e-faecium__Glycopeptides__South West,lstm
2023-05-01,29.809999999999995,False,e-faecium__Glycopeptides__South West,lstm
2023-06-01,29.9,False,e-faecium__Glycopeptides__South West,lstm
2023-07-01,35.63,False,e-faecium__Glycopeptides__South West,lstm
2023-08-01,30.999999999999996,False,e-faecium__Glycopeptides__South West,lstm
2023-09-01,27.719999999999995,False,e-faecium__Glycopeptides__South West,lstm
2023-10-01,24.55,False,e-faecium__Glycopeptides__South West,lstm
2023-11-01,23.42,False,e-faecium__Glycopeptides__South West,lstm
2023-12-01,22.32,False,e-faecium__Glycopeptides__South West,lstm
2024-01-01,24.0,False,e-faecium__Glycopeptides__South West,lstm
2024-02-01,21.11,False,e-faecium__Glycopeptides__South West,lstm
2024-03-01,28.74,False,e-faecium__Glycopeptides__South West,lstm
2024-04-01,24.44,False,e-faecium__Glycopeptides__South West,lstm
2024-05-01,24.18,False,e-faecium__Glycopeptides__South West,lstm
2024-06-01,19.15,False,e-faecium__Glycopeptides__South West,lstm
2024-07-01,22.58,False,e-faecium__Glycopeptides__South West,lstm
2024-08-01,23.26,False,e-faecium__Glycopeptides__South West,lstm
2024-09-01,32.94,False,e-faecium__Glycopeptides__South West,lstm
2024-10-01,35.05,False,e-faecium__Glycopeptides__South West,lstm
2024-11-01,33.94,False,e-faecium__Glycopeptides__South West,lstm
2024-12-01,27.27,False,e-faecium__Glycopeptides__South West,lstm
2025-01-01,28.18,False,e-faecium__Glycopeptides__South West,lstm
2025-02-01,29.09,False,e-faecium__Glycopeptides__South West,lstm
2025-03-01,28.099999999999998,False,e-faecium__Glycopeptides__South West,lstm
2025-04-01,21.3,False,e-faecium__Glycopeptides__South West,lstm
2025-05-01,25.96,False,e-faecium__Glycopeptides__South West,lstm
2025-06-01,27.17,False,e-faecium__Glycopeptides__South West,lstm
2025-07-01,26.75501576535401,True,e-faecium__Glycopeptides__South West,lstm
2025-08-01,27.630689002212375,True,e-faecium__Glycopeptides__South West,lstm
2025-09-01,28.240124887939285,True,e-faecium__Glycopeptides__South West,lstm
2025-10-01,28.279140937981204,True,e-faecium__Glycopeptides__South West,lstm
2025-11-01,28.09748709803999,True,e-faecium__Glycopeptides__South West,lstm
2025-12-01,27.63138041082289,True,e-faecium__Glycopeptides__South West,lstm
2020-10-01,15.789999999999997,False,e-faecium__Glycopeptides__West Midlands,lstm
2020-11-01,18.480000000000004,False,e-faecium__Glycopeptides__West Midlands,lstm
2020-12-01,15.789999999999997,False,e-faecium__Glycopeptides__West Midlands,lstm
2021-01-01,18.71,False,e-faecium__Glycopeptides__West Midlands,lstm
2021-02-01,13.99,False,e-faecium__Glycopeptides__West Midlands,lstm
2021-03-01,12.23,False,e-faecium__Glycopeptides__West Midlands,lstm
2021-04-01,7.96,False,e-faecium__Glycopeptides__West Midlands,lstm
2021-05-01,10.11,False,e-faecium__Glycopeptides__West Midlands,lstm
2021-06-01,10.23,False,e-faecium__Glycopeptides__West Midlands,lstm
2021-07-01,5.13,False,e-faecium__Glycopeptides__West Midlands,lstm
2021-08-01,6.9,False,e-faecium__Glycopeptides__West Midlands,lstm
2021-09-01,11.840000000000002,False,e-faecium__Glycopeptides__West Midlands,lstm
2021-10-01,15.000000000000002,False,e-faecium__Glycopeptides__West Midlands,lstm
2021-11-01,15.660000000000002,False,e-faecium__Glycopeptides__West Midlands,lstm
2021-12-01,14.85,False,e-faecium__Glycopeptides__West Midlands,lstm
2022-01-01,15.13,False,e-faecium__Glycopeptides__West Midlands,lstm
2022-02-01,15.040000000000001,False,e-faecium__Glycopeptides__West Midlands,lstm
2022-03-01,15.24,False,e-faecium__Glycopeptides__West Midlands,lstm
2022-04-01,15.73,False,e-faecium__Glycopeptides__West Midlands,lstm
2022-05-01,14.85,False,e-faecium__Glycopeptides__West Midlands,lstm
2022-06-01,18.0,False,e-faecium__Glycopeptides__West Midlands,lstm
2022-07-01,16.48,False,e-faecium__Glycopeptides__West Midlands,lstm
2022-08-01,21.05,False,e-faecium__Glycopeptides__West Midlands,lstm
2022-09-01,14.46,False,e-faecium__Glycopeptides__West Midlands,lstm
2022-10-01,16.07,False,e-faecium__Glycopeptides__West Midlands,lstm
2022-11-01,14.52,False,e-faecium__Glycopeptides__West Midlands,lstm
2022-12-01,13.82,False,e-faecium__Glycopeptides__West Midlands,lstm
2023-01-01,17.540000000000003,False,e-faecium__Glycopeptides__West Midlands,lstm
2023-02-01,20.34,False,e-faecium__Glycopeptides__West Midlands,lstm
2023-03-01,22.31,False,e-faecium__Glycopeptides__West Midlands,lstm
2023-04-01,20.51,False,e-faecium__Glycopeptides__West Midlands,lstm
2023-05-01,19.090000000000003,False,e-faecium__Glycopeptides__West Midlands,lstm
2023-06-01,18.520000000000003,False,e-faecium__Glycopeptides__West Midlands,lstm
2023-07-01,19.270000000000003,False,e-faecium__Glycopeptides__West Midlands,lstm
2023-08-01,16.5,False,e-faecium__Glycopeptides__West Midlands,lstm
2023-09-01,17.78,False,e-faecium__Glycopeptides__West Midlands,lstm
2023-10-01,19.59,False,e-faecium__Glycopeptides__West Midlands,lstm
2023-11-01,23.96,False,e-faecium__Glycopeptides__West Midlands,lstm
2023-12-01,25.47,False,e-faecium__Glycopeptides__West Midlands,lstm
2024-01-01,23.76,False,e-faecium__Glycopeptides__West Midlands,lstm
2024-02-01,20.350000000000005,False,e-faecium__Glycopeptides__West Midlands,lstm
2024-03-01,17.360000000000003,False,e-faecium__Glycopeptides__West Midlands,lstm
2024-04-01,15.600000000000003,False,e-faecium__Glycopeptides__West Midlands,lstm
2024-05-01,19.12,False,e-faecium__Glycopeptides__West Midlands,lstm
2024-06-01,18.25,False,e-faecium__Glycopeptides__West Midlands,lstm
2024-07-01,16.82,False,e-faecium__Glycopeptides__West Midlands,lstm
2024-08-01,10.92,False,e-faecium__Glycopeptides__West Midlands,lstm
2024-09-01,10.09,False,e-faecium__Glycopeptides__West Midlands,lstm
2024-10-01,14.29,False,e-faecium__Glycopeptides__West Midlands,lstm
2024-11-01,17.140000000000004,False,e-faecium__Glycopeptides__West Midlands,lstm
2024-12-01,22.22,False,e-faecium__Glycopeptides__West Midlands,lstm
2025-01-01,22.76,False,e-faecium__Glycopeptides__West Midlands,lstm
2025-02-01,23.33,False,e-faecium__Glycopeptides__West Midlands,lstm
2025-03-01,19.42,False,e-faecium__Glycopeptides__West Midlands,lstm
2025-04-01,16.530000000000005,False,e-faecium__Glycopeptides__West Midlands,lstm
2025-05-01,15.380000000000003,False,e-faecium__Glycopeptides__West Midlands,lstm
2025-06-01,18.18,False,e-faecium__Glycopeptides__West Midlands,lstm
2025-07-01,17.658351178218958,True,e-faecium__Glycopeptides__West Midlands,lstm
2025-08-01,18.35472522654105,True,e-faecium__Glycopeptides__West Midlands,lstm
2025-09-01,18.758070265546316,True,e-faecium__Glycopeptides__West Midlands,lstm
2025-10-01,18.918322536310097,True,e-faecium__Glycopeptides__West Midlands,lstm
2025-11-01,18.896018428063122,True,e-faecium__Glycopeptides__West Midlands,lstm
2025-12-01,18.872271365493006,True,e-faecium__Glycopeptides__West Midlands,lstm
2020-10-01,20.9,False,e-faecium__Glycopeptides__Yorkshire and Humber,lstm
2020-11-01,16.25,False,e-faecium__Glycopeptides__Yorkshire and Humber,lstm
2020-12-01,18.39,False,e-faecium__Glycopeptides__Yorkshire and Humber,lstm
2021-01-01,14.29,False,e-faecium__Glycopeptides__Yorkshire and Humber,lstm
2021-02-01,17.44,False,e-faecium__Glycopeptides__Yorkshire and Humber,lstm
2021-03-01,13.58,False,e-faecium__Glycopeptides__Yorkshire and Humber,lstm
2021-04-01,14.29,False,e-faecium__Glycopeptides__Yorkshire and Humber,lstm
2021-05-01,8.97,False,e-faecium__Glycopeptides__Yorkshire and Humber,lstm
2021-06-01,11.11,False,e-faecium__Glycopeptides__Yorkshire and Humber,lstm
2021-07-01,12.790000000000001,False,e-faecium__Glycopeptides__Yorkshire and Humber,lstm
2021-08-01,17.72,False,e-faecium__Glycopeptides__Yorkshire and Humber,lstm
2021-09-01,18.75,False,e-faecium__Glycopeptides__Yorkshire and Humber,lstm
2021-10-01,21.43,False,e-faecium__Glycopeptides__Yorkshire and Humber,lstm
2021-11-01,20.549999999999997,False,e-faecium__Glycopeptides__Yorkshire and Humber,lstm
2021-12-01,30.77,False,e-faecium__Glycopeptides__Yorkshire and Humber,lstm
2022-01-01,28.570000000000004,False,e-faecium__Glycopeptides__Yorkshire and Humber,lstm
2022-02-01,29.89,False,e-faecium__Glycopeptides__Yorkshire and Humber,lstm
2022-03-01,24.73,False,e-faecium__Glycopeptides__Yorkshire and Humber,lstm
2022-04-01,26.09,False,e-faecium__Glycopeptides__Yorkshire and Humber,lstm
2022-05-01,28.42,False,e-faecium__Glycopeptides__Yorkshire and Humber,lstm
2022-06-01,27.469999999999995,False,e-faecium__Glycopeptides__Yorkshire and Humber,lstm
2022-07-01,27.27,False,e-faecium__Glycopeptides__Yorkshire and Humber,lstm
2022-08-01,23.71,False,e-faecium__Glycopeptides__Yorkshire and Humber,lstm
2022-09-01,22.35,False,e-faecium__Glycopeptides__Yorkshire and Humber,lstm
2022-10-01,20.0,False,e-faecium__Glycopeptides__Yorkshire and Humber,lstm
2022-11-01,27.71,False,e-faecium__Glycopeptides__Yorkshire and Humber,lstm
2022-12-01,26.37,False,e-faecium__Glycopeptides__Yorkshire and Humber,lstm
2023-01-01,24.73,False,e-faecium__Glycopeptides__Yorkshire and Humber,lstm
2023-02-01,18.45,False,e-faecium__Glycopeptides__Yorkshire and Humber,lstm
2023-03-01,17.14,False,e-faecium__Glycopeptides__Yorkshire and Humber,lstm
2023-04-01,20.95,False,e-faecium__Glycopeptides__Yorkshire and Humber,lstm
2023-05-01,27.88,False,e-faecium__Glycopeptides__Yorkshire and Humber,lstm
2023-06-01,26.040000000000003,False,e-faecium__Glycopeptides__Yorkshire and Humber,lstm
2023-07-01,24.44,False,e-faecium__Glycopeptides__Yorkshire and Humber,lstm
2023-08-01,15.29,False,e-faecium__Glycopeptides__Yorkshire and Humber,lstm
2023-09-01,20.93,False,e-faecium__Glycopeptides__Yorkshire and Humber,lstm
2023-10-01,18.68,False,e-faecium__Glycopeptides__Yorkshire and Humber,lstm
2023-11-01,17.65,False,e-faecium__Glycopeptides__Yorkshire and Humber,lstm
2023-12-01,19.54,False,e-faecium__Glycopeptides__Yorkshire and Humber,lstm
2024-01-01,16.83,False,e-faecium__Glycopeptides__Yorkshire and Humber,lstm
2024-02-01,18.25,False,e-faecium__Glycopeptides__Yorkshire and Humber,lstm
2024-03-01,14.5,False,e-faecium__Glycopeptides__Yorkshire and Humber,lstm
2024-04-01,14.839999999999998,False,e-faecium__Glycopeptides__Yorkshire and Humber,lstm
2024-05-01,16.51,False,e-faecium__Glycopeptides__Yorkshire and Humber,lstm
2024-06-01,17.8,False,e-faecium__Glycopeptides__Yorkshire and Humber,lstm
2024-07-01,20.95,False,e-faecium__Glycopeptides__Yorkshire and Humber,lstm
2024-08-01,19.61,False,e-faecium__Glycopeptides__Yorkshire and Humber,lstm
2024-09-01,17.44,False,e-faecium__Glycopeptides__Yorkshire and Humber,lstm
2024-10-01,16.28,False,e-faecium__Glycopeptides__Yorkshire and Humber,lstm
2024-11-01,15.310000000000002,False,e-faecium__Glycopeptides__Yorkshire and Humber,lstm
2024-12-01,15.000000000000002,False,e-faecium__Glycopeptides__Yorkshire and Humber,lstm
2025-01-01,15.97,False,e-faecium__Glycopeptides__Yorkshire and Humber,lstm
2025-02-01,14.849999999999998,False,e-faecium__Glycopeptides__Yorkshire and Humber,lstm
2025-03-01,20.449999999999996,False,e-faecium__Glycopeptides__Yorkshire and Humber,lstm
2025-04-01,21.739999999999995,False,e-faecium__Glycopeptides__Yorkshire and Humber,lstm
2025-05-01,25.47,False,e-faecium__Glycopeptides__Yorkshire and Humber,lstm
2025-06-01,21.049999999999997,False,e-faecium__Glycopeptides__Yorkshire and Humber,lstm
2025-07-01,18.727094215745243,True,e-faecium__Glycopeptides__Yorkshire and Humber,lstm
2025-08-01,18.635985056231117,True,e-faecium__Glycopeptides__Yorkshire and Humber,lstm
2025-09-01,18.604172721375814,True,e-faecium__Glycopeptides__Yorkshire and Humber,lstm
2025-10-01,18.48642073057196,True,e-faecium__Glycopeptides__Yorkshire and Humber,lstm
2025-11-01,18.4852800142511,True,e-faecium__Glycopeptides__Yorkshire and Humber,lstm
2025-12-01,18.339909358534424,True,e-faecium__Glycopeptides__Yorkshire and Humber,lstm
